1.111110000000000014e-01 1.111099999999999588e-02 2.222199999999999870e-02
1.335574999999999957e-01 1.133549999999999836e-02 2.267100000000000018e-02
1.564579999999999860e-01 1.156500000000000583e-02 2.312900000000000025e-02
1.798210000000000086e-01 1.179800000000000293e-02 2.359599999999999892e-02
2.036554999999999893e-01 1.203649999999999165e-02 2.407300000000000065e-02
2.279714999999999936e-01 1.227949999999999875e-02 2.455900000000000097e-02
2.527789999999999759e-01 1.252800000000001135e-02 2.505599999999999841e-02
2.780880000000000019e-01 1.278099999999998682e-02 2.556200000000000139e-02
3.039079999999999560e-01 1.303899999999999504e-02 2.607800000000000049e-02
3.302494999999999736e-01 1.330250000000002264e-02 2.660500000000000018e-02
3.571230000000000238e-01 1.357099999999999973e-02 2.714199999999999946e-02
3.845395000000000341e-01 1.384549999999998282e-02 2.769100000000000034e-02
4.125099999999999878e-01 1.412499999999999867e-02 2.825000000000000080e-02
4.410454999999999792e-01 1.441050000000002052e-02 2.882099999999999940e-02
4.701580000000000203e-01 1.470199999999999285e-02 2.940299999999999858e-02
4.998584999999999834e-01 1.499849999999999794e-02 2.999699999999999936e-02
5.301584999999999770e-01 1.530149999999996790e-02 3.060300000000000173e-02
5.610705000000000275e-01 1.561050000000002713e-02 3.122099999999999875e-02
5.926069999999999949e-01 1.592599999999999572e-02 3.185199999999999837e-02
6.247810000000000308e-01 1.624799999999998468e-02 3.249599999999999711e-02
6.576049999999999951e-01 1.657600000000003515e-02 3.315200000000000091e-02
6.910920000000000396e-01 1.691100000000000936e-02 3.382199999999999790e-02
7.252555000000000529e-01 1.725249999999994843e-02 3.450500000000000095e-02
7.601089999999999236e-01 1.760100000000003329e-02 3.520199999999999718e-02
7.956670000000000131e-01 1.795700000000000074e-02 3.591300000000000048e-02
8.319429999999999881e-01 1.831899999999997419e-02 3.663899999999999796e-02
8.689519999999999467e-01 1.869000000000003991e-02 3.737900000000000250e-02
9.067089999999999872e-01 1.906700000000000061e-02 3.813400000000000123e-02
9.452279999999999571e-01 1.945199999999996932e-02 3.890500000000000208e-02
9.845254999999999423e-01 1.984549999999996039e-02 3.969099999999999712e-02
1.024617000000000111e+00 2.024600000000009725e-02 4.049200000000000021e-02
1.065517999999999965e+00 2.065499999999997893e-02 4.130999999999999950e-02
1.107245499999999883e+00 2.107249999999993850e-02 4.214500000000000191e-02
1.149816500000000019e+00 2.149850000000008698e-02 4.299599999999999950e-02
1.193247500000000016e+00 2.193249999999991040e-02 4.386500000000000121e-02
1.237555500000000031e+00 2.237549999999999262e-02 4.475099999999999911e-02
1.282758499999999913e+00 2.282750000000000057e-02 4.565500000000000114e-02
1.328874499999999959e+00 2.328850000000004528e-02 4.657700000000000035e-02
1.375922500000000159e+00 2.375950000000004447e-02 4.751799999999999774e-02
