5.075374999999999748e-01 7.537499999999974776e-03 3.015100000000000072e-02
5.226885000000000003e-01 7.613500000000050782e-03 3.045399999999999843e-02
5.379920000000000258e-01 7.689999999999974634e-03 3.075999999999999915e-02
5.534494999999999276e-01 7.767499999999982752e-03 3.106899999999999940e-02
5.690619999999999568e-01 7.844999999999990870e-03 3.138099999999999917e-02
5.848314999999999486e-01 7.924500000000000988e-03 3.169700000000000295e-02
6.007595000000000018e-01 8.003500000000052239e-03 3.201500000000000179e-02
6.168474999999999930e-01 8.084499999999994468e-03 3.233699999999999769e-02
6.330975000000000907e-01 8.165499999999992209e-03 3.266199999999999659e-02
6.495104999999999906e-01 8.247499999999963194e-03 3.298999999999999849e-02
6.660884999999999723e-01 8.330500000000018446e-03 3.332199999999999745e-02
6.828330000000000233e-01 8.413999999999977053e-03 3.365699999999999942e-02
6.997454999999999092e-01 8.498500000000019927e-03 3.399499999999999744e-02
7.168284999999999796e-01 8.584499999999994913e-03 3.433699999999999947e-02
7.340834999999999999e-01 8.670500000000025409e-03 3.468199999999999755e-02
7.515114999999999990e-01 8.757499999999973639e-03 3.502999999999999864e-02
7.691144999999999232e-01 8.845500000000006136e-03 3.538199999999999679e-02
7.868945000000000523e-01 8.934500000000011877e-03 3.573799999999999893e-02
8.048530000000000406e-01 9.023999999999976485e-03 3.609699999999999714e-02
8.229919999999999458e-01 9.115000000000039737e-03 3.645999999999999935e-02
8.413135000000000474e-01 9.206500000000006345e-03 3.682599999999999763e-02
8.598194999999999588e-01 9.299499999999960576e-03 3.719599999999999990e-02
8.785115000000000007e-01 9.392500000000025828e-03 3.756999999999999923e-02
8.973910000000000498e-01 9.486999999999967681e-03 3.794800000000000256e-02
9.164600000000000524e-01 9.582000000000034934e-03 3.832900000000000196e-02
9.357204999999999551e-01 9.678499999999978787e-03 3.871399999999999841e-02
9.551749999999999963e-01 9.776000000000006906e-03 3.910399999999999987e-02
9.748250000000000526e-01 9.873999999999993893e-03 3.949699999999999739e-02
9.946724999999999595e-01 9.973499999999968502e-03 3.989299999999999791e-02
1.014719499999999996e+00 1.007350000000006851e-02 4.029400000000000343e-02
1.034968000000000110e+00 1.017499999999993410e-02 4.069899999999999907e-02
1.055419999999999803e+00 1.027699999999998060e-02 4.110799999999999871e-02
1.076077499999999798e+00 1.038050000000001472e-02 4.152200000000000335e-02
1.096942499999999932e+00 1.048450000000000770e-02 4.193899999999999711e-02
1.118017500000000108e+00 1.059050000000005820e-02 4.236000000000000182e-02
1.139304500000000164e+00 1.069649999999999768e-02 4.278599999999999764e-02
1.160804999999999865e+00 1.080399999999992477e-02 4.321599999999999747e-02
1.182521500000000003e+00 1.091250000000010267e-02 4.365000000000000130e-02
1.204455999999999971e+00 1.102199999999997626e-02 4.408900000000000319e-02
1.226611500000000188e+00 1.113350000000001838e-02 4.453200000000000214e-02
1.248989499999999975e+00 1.124449999999999061e-02 4.497999999999999915e-02
1.271592000000000056e+00 1.135799999999997922e-02 4.543200000000000016e-02
1.294422500000000031e+00 1.147249999999999659e-02 4.588799999999999824e-02
1.317482000000000042e+00 1.158700000000001396e-02 4.635000000000000231e-02
1.340772999999999993e+00 1.170399999999993668e-02 4.681500000000000244e-02
1.364298499999999859e+00 1.182150000000004031e-02 4.728600000000000164e-02
