1.282051282051281937e-01 2.820512820512820207e-02 5.641025641025641107e-02
1.860618014464168191e-01 2.965154503616040937e-02 5.930309007232084650e-02
2.468854835718740925e-01 3.117213708929686411e-02 6.234427417859370740e-02
3.108283288832522362e-01 3.277070822208127954e-02 6.554141644416261459e-02
3.780502944670087184e-01 3.445125736167520270e-02 6.890251472335044702e-02
4.487195403371116997e-01 3.621798850842777862e-02 7.243597701685558499e-02
5.230128500979892570e-01 3.807532125244975085e-02 7.615064250489947395e-02
6.011160731799374268e-01 4.002790182949844677e-02 8.005580365899687967e-02
6.832245897532676082e-01 4.208061474383167910e-02 8.416122948766338596e-02
7.695437994842042606e-01 4.423859498710508431e-02 8.847718997421022413e-02
8.602896353551890973e-01 4.650724088387969690e-02 9.301448176775946319e-02
9.556891038349423217e-01 4.889222759587352751e-02 9.778445519174712441e-02
1.055980852749554666e+00 5.139952131873881669e-02 1.027990426374777305e-01
1.161415768275172677e+00 5.403539420687930583e-02 1.080707884137586394e-01
1.272257602545694422e+00 5.680644006364232723e-02 1.136128801272847239e-01
1.388783633445473509e+00 5.971959083613687103e-02 1.194391816722736865e-01
1.511285358237549170e+00 6.278213395593867929e-02 1.255642679118774419e-01
1.640069222762551515e+00 6.600173056906366575e-02 1.320034611381275813e-01
1.775457388032425809e+00 6.938643470081062858e-02 1.387728694016213127e-01
1.917788536136652677e+00 7.294471340341623922e-02 1.458894268068326450e-01
2.067418717476993795e+00 7.668546793692476715e-02 1.533709358738497008e-01
2.224722241450172611e+00 8.061805603625415984e-02 1.612361120725086527e-01
2.390092612806591355e+00 8.475231532016458402e-02 1.695046306403295844e-01
