0.000000000000000000e+00 1.000000000000000000e+00
3.910068426197458452e-03 1.003128054740958008e+00
7.820136852394916904e-03 1.006256109481916017e+00
1.173020527859237536e-02 1.009384164222873803e+00
1.564027370478983381e-02 1.012512218963831812e+00
1.955034213098729226e-02 1.015640273704789820e+00
2.346041055718475071e-02 1.018768328445747828e+00
2.737047898338220916e-02 1.021896383186705837e+00
3.128054740957966762e-02 1.025024437927663623e+00
3.519061583577712260e-02 1.028152492668621631e+00
3.910068426197458452e-02 1.031280547409579640e+00
4.301075268817204644e-02 1.034408602150537648e+00
4.692082111436950143e-02 1.037536656891495657e+00
5.083088954056695641e-02 1.040664711632453665e+00
5.474095796676441833e-02 1.043792766373411451e+00
5.865102639296188025e-02 1.046920821114369460e+00
6.256109481915933523e-02 1.050048875855327468e+00
6.647116324535679022e-02 1.053176930596285477e+00
7.038123167155424520e-02 1.056304985337243485e+00
7.429130009775171406e-02 1.059433040078201271e+00
7.820136852394916904e-02 1.062561094819159280e+00
8.211143695014662403e-02 1.065689149560117288e+00
8.602150537634409289e-02 1.068817204301075297e+00
8.993157380254154787e-02 1.071945259042033305e+00
9.384164222873900285e-02 1.075073313782991313e+00
9.775171065493645783e-02 1.078201368523949100e+00
1.016617790811339128e-01 1.081329423264907108e+00
1.055718475073313817e-01 1.084457478005865116e+00
1.094819159335288367e-01 1.087585532746823125e+00
1.133919843597262916e-01 1.090713587487781133e+00
1.173020527859237605e-01 1.093841642228738920e+00
1.212121212121212155e-01 1.096969696969696928e+00
1.251221896383186705e-01 1.100097751710654936e+00
1.290322580645161255e-01 1.103225806451612945e+00
1.329423264907135804e-01 1.106353861192570953e+00
1.368523949169110354e-01 1.109481915933528740e+00
1.407624633431084904e-01 1.112609970674486748e+00
1.446725317693059731e-01 1.115738025415444756e+00
1.485826001955034281e-01 1.118866080156402765e+00
1.524926686217008831e-01 1.121994134897360773e+00
1.564027370478983381e-01 1.125122189638318559e+00
1.603128054740957931e-01 1.128250244379276568e+00
1.642228739002932481e-01 1.131378299120234576e+00
1.681329423264907030e-01 1.134506353861192585e+00
1.720430107526881858e-01 1.137634408602150593e+00
1.759530791788856408e-01 1.140762463343108601e+00
1.798631476050830957e-01 1.143890518084066388e+00
1.837732160312805507e-01 1.147018572825024396e+00
1.876832844574780057e-01 1.150146627565982405e+00
1.915933528836754607e-01 1.153274682306940413e+00
1.955034213098729157e-01 1.156402737047898421e+00
1.994134897360703707e-01 1.159530791788856430e+00
2.033235581622678256e-01 1.162658846529814216e+00
2.072336265884653084e-01 1.165786901270772224e+00
2.111436950146627634e-01 1.168914956011730233e+00
2.150537634408602183e-01 1.172043010752688241e+00
2.189638318670576733e-01 1.175171065493646250e+00
2.228739002932551283e-01 1.178299120234604036e+00
2.267839687194525833e-01 1.181427174975562044e+00
2.306940371456500383e-01 1.184555229716520053e+00
2.346041055718475210e-01 1.187683284457478061e+00
2.385141739980449760e-01 1.190811339198436070e+00
2.424242424242424310e-01 1.193939393939393856e+00
2.463343108504398860e-01 1.197067448680351864e+00
2.502443792766373409e-01 1.200195503421309873e+00
2.541544477028347959e-01 1.203323558162267881e+00
2.580645161290322509e-01 1.206451612903225890e+00
2.619745845552297059e-01 1.209579667644183676e+00
2.658846529814271609e-01 1.212707722385141684e+00
2.697947214076246158e-01 1.215835777126099693e+00
2.737047898338220708e-01 1.218963831867057701e+00
2.776148582600195258e-01 1.222091886608015709e+00
2.815249266862169808e-01 1.225219941348973496e+00
2.854349951124144913e-01 1.228347996089931726e+00
2.893450635386119463e-01 1.231476050830889513e+00
2.932551319648094013e-01 1.234604105571847521e+00
2.971652003910068562e-01 1.237732160312805529e+00
3.010752688172043112e-01 1.240860215053763538e+00
3.049853372434017662e-01 1.243988269794721546e+00
3.088954056695992212e-01 1.247116324535679333e+00
3.128054740957966762e-01 1.250244379276637341e+00
3.167155425219941312e-01 1.253372434017595349e+00
3.206256109481915861e-01 1.256500488758553358e+00
3.245356793743890411e-01 1.259628543499511366e+00
3.284457478005864961e-01 1.262756598240469152e+00
3.323558162267839511e-01 1.265884652981427161e+00
3.362658846529814061e-01 1.269012707722385169e+00
3.401759530791788610e-01 1.272140762463343178e+00
3.440860215053763715e-01 1.275268817204301186e+00
3.479960899315738265e-01 1.278396871945258972e+00
3.519061583577712815e-01 1.281524926686216981e+00
3.558162267839687365e-01 1.284652981427174989e+00
3.597262952101661915e-01 1.287781036168132998e+00
3.636363636363636465e-01 1.290909090909091006e+00
3.675464320625611014e-01 1.294037145650048792e+00
3.714565004887585564e-01 1.297165200391006801e+00
3.753665689149560114e-01 1.300293255131964809e+00
3.792766373411534664e-01 1.303421309872922818e+00
3.831867057673509214e-01 1.306549364613880826e+00
3.870967741935483764e-01 1.309677419354838612e+00
3.910068426197458313e-01 1.312805474095796621e+00
3.949169110459432863e-01 1.315933528836754629e+00
3.988269794721407413e-01 1.319061583577712637e+00
4.027370478983381963e-01 1.322189638318670646e+00
4.066471163245356513e-01 1.325317693059628432e+00
4.105571847507331618e-01 1.328445747800586663e+00
4.144672531769306167e-01 1.331573802541544449e+00
4.183773216031280717e-01 1.334701857282502457e+00
4.222873900293255267e-01 1.337829912023460466e+00
4.261974584555229817e-01 1.340957966764418474e+00
4.301075268817204367e-01 1.344086021505376483e+00
4.340175953079178917e-01 1.347214076246334269e+00
4.379276637341153466e-01 1.350342130987292277e+00
4.418377321603128016e-01 1.353470185728250286e+00
4.457478005865102566e-01 1.356598240469208294e+00
4.496578690127077116e-01 1.359726295210166302e+00
4.535679374389051666e-01 1.362854349951124089e+00
4.574780058651026216e-01 1.365982404692082097e+00
4.613880742913000765e-01 1.369110459433040106e+00
4.652981427174975315e-01 1.372238514173998114e+00
4.692082111436950420e-01 1.375366568914956122e+00
4.731182795698924970e-01 1.378494623655913909e+00
4.770283479960899520e-01 1.381622678396871917e+00
4.809384164222874070e-01 1.384750733137829926e+00
4.848484848484848619e-01 1.387878787878787934e+00
4.887585532746823169e-01 1.391006842619745942e+00
4.926686217008797719e-01 1.394134897360703729e+00
4.965786901270772269e-01 1.397262952101661737e+00
5.004887585532746819e-01 1.400391006842619745e+00
5.043988269794721369e-01 1.403519061583577754e+00
5.083088954056695918e-01 1.406647116324535762e+00
5.122189638318670468e-01 1.409775171065493549e+00
5.161290322580645018e-01 1.412903225806451557e+00
5.200391006842619568e-01 1.416031280547409565e+00
5.239491691104594118e-01 1.419159335288367574e+00
5.278592375366568668e-01 1.422287390029325582e+00
5.317693059628543217e-01 1.425415444770283369e+00
5.356793743890517767e-01 1.428543499511241377e+00
5.395894428152492317e-01 1.431671554252199385e+00
5.434995112414466867e-01 1.434799608993157394e+00
5.474095796676441417e-01 1.437927663734115402e+00
5.513196480938415966e-01 1.441055718475073189e+00
5.552297165200390516e-01 1.444183773216031197e+00
5.591397849462365066e-01 1.447311827956989205e+00
5.630498533724339616e-01 1.450439882697947214e+00
5.669599217986315276e-01 1.453567937438905222e+00
5.708699902248289826e-01 1.456695992179863230e+00
5.747800586510264376e-01 1.459824046920821239e+00
5.786901270772238925e-01 1.462952101661779025e+00
5.826001955034213475e-01 1.466080156402737034e+00
5.865102639296188025e-01 1.469208211143695042e+00
5.904203323558162575e-01 1.472336265884653050e+00
5.943304007820137125e-01 1.475464320625611059e+00
5.982404692082111675e-01 1.478592375366568845e+00
6.021505376344086224e-01 1.481720430107526854e+00
6.060606060606060774e-01 1.484848484848484862e+00
6.099706744868035324e-01 1.487976539589442870e+00
6.138807429130009874e-01 1.491104594330400879e+00
6.177908113391984424e-01 1.494232649071358665e+00
6.217008797653958974e-01 1.497360703812316673e+00
6.256109481915933523e-01 1.500488758553274682e+00
6.295210166177908073e-01 1.503616813294232690e+00
6.334310850439882623e-01 1.506744868035190699e+00
6.373411534701857173e-01 1.509872922776148485e+00
6.412512218963831723e-01 1.513000977517106715e+00
6.451612903225806273e-01 1.516129032258064502e+00
6.490713587487780822e-01 1.519257086999022510e+00
6.529814271749755372e-01 1.522385141739980519e+00
6.568914956011729922e-01 1.525513196480938305e+00
6.608015640273704472e-01 1.528641251221896535e+00
6.647116324535679022e-01 1.531769305962854322e+00
6.686217008797653572e-01 1.534897360703812330e+00
6.725317693059628121e-01 1.538025415444770339e+00
6.764418377321602671e-01 1.541153470185728125e+00
6.803519061583577221e-01 1.544281524926686355e+00
6.842619745845551771e-01 1.547409579667644142e+00
6.881720430107527431e-01 1.550537634408602372e+00
6.920821114369501981e-01 1.553665689149560158e+00
6.959921798631476531e-01 1.556793743890518167e+00
6.999022482893451080e-01 1.559921798631476175e+00
7.038123167155425630e-01 1.563049853372433962e+00
7.077223851417400180e-01 1.566177908113392192e+00
7.116324535679374730e-01 1.569305962854349978e+00
7.155425219941349280e-01 1.572434017595307987e+00
7.194525904203323829e-01 1.575562072336265995e+00
7.233626588465298379e-01 1.578690127077223782e+00
7.272727272727272929e-01 1.581818181818182012e+00
7.311827956989247479e-01 1.584946236559139798e+00
7.350928641251222029e-01 1.588074291300097807e+00
7.390029325513196579e-01 1.591202346041055815e+00
7.429130009775171128e-01 1.594330400782013601e+00
7.468230694037145678e-01 1.597458455522971832e+00
7.507331378299120228e-01 1.600586510263929618e+00
7.546432062561094778e-01 1.603714565004887627e+00
7.585532746823069328e-01 1.606842619745845635e+00
7.624633431085043878e-01 1.609970674486803421e+00
7.663734115347018427e-01 1.613098729227761652e+00
7.702834799608992977e-01 1.616226783968719438e+00
7.741935483870967527e-01 1.619354838709677447e+00
7.781036168132942077e-01 1.622482893450635455e+00
7.820136852394916627e-01 1.625610948191593241e+00
7.859237536656891177e-01 1.628739002932551472e+00
7.898338220918865726e-01 1.631867057673509258e+00
7.937438905180840276e-01 1.634995112414467267e+00
7.976539589442814826e-01 1.638123167155425275e+00
8.015640273704789376e-01 1.641251221896383061e+00
8.054740957966763926e-01 1.644379276637341292e+00
8.093841642228738475e-01 1.647507331378299078e+00
8.132942326490713025e-01 1.650635386119257086e+00
8.172043010752688685e-01 1.653763440860215095e+00
8.211143695014663235e-01 1.656891495601173103e+00
8.250244379276637785e-01 1.660019550342131112e+00
8.289345063538612335e-01 1.663147605083088898e+00
8.328445747800586885e-01 1.666275659824047128e+00
8.367546432062561435e-01 1.669403714565004915e+00
8.406647116324535984e-01 1.672531769305962923e+00
8.445747800586510534e-01 1.675659824046920932e+00
8.484848484848485084e-01 1.678787878787878718e+00
8.523949169110459634e-01 1.681915933528836948e+00
8.563049853372434184e-01 1.685043988269794735e+00
8.602150537634408733e-01 1.688172043010752743e+00
8.641251221896383283e-01 1.691300097751710751e+00
8.680351906158357833e-01 1.694428152492668538e+00
8.719452590420332383e-01 1.697556207233626768e+00
8.758553274682306933e-01 1.700684261974584555e+00
8.797653958944281483e-01 1.703812316715542563e+00
8.836754643206256032e-01 1.706940371456500571e+00
8.875855327468230582e-01 1.710068426197458358e+00
8.914956011730205132e-01 1.713196480938416588e+00
8.954056695992179682e-01 1.716324535679374375e+00
8.993157380254154232e-01 1.719452590420332383e+00
9.032258064516128782e-01 1.722580645161290391e+00
9.071358748778103331e-01 1.725708699902248178e+00
9.110459433040077881e-01 1.728836754643206408e+00
9.149560117302052431e-01 1.731964809384164194e+00
9.188660801564026981e-01 1.735092864125122203e+00
9.227761485826001531e-01 1.738220918866080211e+00
9.266862170087976081e-01 1.741348973607037998e+00
9.305962854349950630e-01 1.744477028347996228e+00
9.345063538611925180e-01 1.747605083088954014e+00
9.384164222873900840e-01 1.750733137829912245e+00
9.423264907135875390e-01 1.753861192570870031e+00
9.462365591397849940e-01 1.756989247311828040e+00
9.501466275659824490e-01 1.760117302052786048e+00
9.540566959921799040e-01 1.763245356793743834e+00
9.579667644183773589e-01 1.766373411534702065e+00
9.618768328445748139e-01 1.769501466275659851e+00
9.657869012707722689e-01 1.772629521016617860e+00
9.696969696969697239e-01 1.775757575757575868e+00
9.736070381231671789e-01 1.778885630498533654e+00
9.775171065493646338e-01 1.782013685239491885e+00
9.814271749755620888e-01 1.785141739980449671e+00
9.853372434017595438e-01 1.788269794721407679e+00
9.892473118279569988e-01 1.791397849462365688e+00
9.931573802541544538e-01 1.794525904203323474e+00
9.970674486803519088e-01 1.797653958944281705e+00
1.000977517106549364e+00 1.800782013685239491e+00
1.004887585532746819e+00 1.803910068426197499e+00
1.008797653958944274e+00 1.807038123167155508e+00
1.012707722385141729e+00 1.810166177908113294e+00
1.016617790811339184e+00 1.813294232649071525e+00
1.020527859237536639e+00 1.816422287390029311e+00
1.024437927663734094e+00 1.819550342130987319e+00
1.028347996089931549e+00 1.822678396871945328e+00
1.032258064516129004e+00 1.825806451612903114e+00
1.036168132942326459e+00 1.828934506353861345e+00
1.040078201368523914e+00 1.832062561094819131e+00
1.043988269794721369e+00 1.835190615835777139e+00
1.047898338220918824e+00 1.838318670576735148e+00
1.051808406647116279e+00 1.841446725317692934e+00
1.055718475073313734e+00 1.844574780058651164e+00
1.059628543499511188e+00 1.847702834799608951e+00
1.063538611925708643e+00 1.850830889540566959e+00
1.067448680351906098e+00 1.853958944281524968e+00
1.071358748778103553e+00 1.857086999022482754e+00
1.075268817204301008e+00 1.860215053763440984e+00
1.079178885630498463e+00 1.863343108504398771e+00
1.083088954056695918e+00 1.866471163245356779e+00
1.086999022482893373e+00 1.869599217986314788e+00
1.090909090909090828e+00 1.872727272727272574e+00
1.094819159335288283e+00 1.875855327468230804e+00
1.098729227761485738e+00 1.878983382209188591e+00
1.102639296187683193e+00 1.882111436950146599e+00
1.106549364613880648e+00 1.885239491691104607e+00
1.110459433040078103e+00 1.888367546432062394e+00
1.114369501466275558e+00 1.891495601173020624e+00
1.118279569892473013e+00 1.894623655913978411e+00
1.122189638318670468e+00 1.897751710654936419e+00
1.126099706744867923e+00 1.900879765395894427e+00
1.130009775171065600e+00 1.904007820136852658e+00
1.133919843597263055e+00 1.907135874877810444e+00
1.137829912023460510e+00 1.910263929618768453e+00
1.141739980449657965e+00 1.913391984359726461e+00
1.145650048875855420e+00 1.916520039100684247e+00
1.149560117302052875e+00 1.919648093841642478e+00
1.153470185728250330e+00 1.922776148582600264e+00
1.157380254154447785e+00 1.925904203323558272e+00
1.161290322580645240e+00 1.929032258064516281e+00
1.165200391006842695e+00 1.932160312805474067e+00
1.169110459433040150e+00 1.935288367546432298e+00
1.173020527859237605e+00 1.938416422287390084e+00
1.176930596285435060e+00 1.941544477028348092e+00
1.180840664711632515e+00 1.944672531769306101e+00
1.184750733137829970e+00 1.947800586510263887e+00
1.188660801564027425e+00 1.950928641251222118e+00
1.192570869990224880e+00 1.954056695992179904e+00
1.196480938416422335e+00 1.957184750733137912e+00
1.200391006842619790e+00 1.960312805474095921e+00
1.204301075268817245e+00 1.963440860215053707e+00
1.208211143695014700e+00 1.966568914956011938e+00
1.212121212121212155e+00 1.969696969696969724e+00
1.216031280547409610e+00 1.972825024437927732e+00
1.219941348973607065e+00 1.975953079178885741e+00
1.223851417399804520e+00 1.979081133919843527e+00
1.227761485826001975e+00 1.982209188660801757e+00
1.231671554252199430e+00 1.985337243401759544e+00
1.235581622678396885e+00 1.988465298142717552e+00
1.239491691104594340e+00 1.991593352883675561e+00
1.243401759530791795e+00 1.994721407624633347e+00
1.247311827956989250e+00 1.997849462365591577e+00
1.251221896383186705e+00 2.000977517106549364e+00
1.255131964809384160e+00 2.004105571847507150e+00
1.259042033235581615e+00 2.007233626588465381e+00
1.262952101661779070e+00 2.010361681329423611e+00
1.266862170087976525e+00 2.013489736070381397e+00
1.270772238514173980e+00 2.016617790811339184e+00
1.274682306940371435e+00 2.019745845552296970e+00
1.278592375366568890e+00 2.022873900293255200e+00
1.282502443792766345e+00 2.026001955034213431e+00
1.286412512218963800e+00 2.029130009775171217e+00
1.290322580645161255e+00 2.032258064516129004e+00
1.294232649071358709e+00 2.035386119257086790e+00
1.298142717497556164e+00 2.038514173998045020e+00
1.302052785923753619e+00 2.041642228739003251e+00
1.305962854349951074e+00 2.044770283479961037e+00
1.309872922776148529e+00 2.047898338220918824e+00
1.313782991202345984e+00 2.051026392961876610e+00
1.317693059628543439e+00 2.054154447702834840e+00
1.321603128054740894e+00 2.057282502443793071e+00
1.325513196480938349e+00 2.060410557184750857e+00
1.329423264907135804e+00 2.063538611925708643e+00
1.333333333333333259e+00 2.066666666666666430e+00
1.337243401759530714e+00 2.069794721407624660e+00
1.341153470185728169e+00 2.072922776148582891e+00
1.345063538611925624e+00 2.076050830889540677e+00
1.348973607038123079e+00 2.079178885630498463e+00
1.352883675464320534e+00 2.082306940371456250e+00
1.356793743890517989e+00 2.085434995112414480e+00
1.360703812316715444e+00 2.088563049853372711e+00
1.364613880742912899e+00 2.091691104594330497e+00
1.368523949169110354e+00 2.094819159335288283e+00
1.372434017595307809e+00 2.097947214076246070e+00
1.376344086021505486e+00 2.101075268817204744e+00
1.380254154447702941e+00 2.104203323558162531e+00
1.384164222873900396e+00 2.107331378299120317e+00
1.388074291300097851e+00 2.110459433040078103e+00
1.391984359726295306e+00 2.113587487781036334e+00
1.395894428152492761e+00 2.116715542521994564e+00
1.399804496578690216e+00 2.119843597262952350e+00
1.403714565004887671e+00 2.122971652003910137e+00
1.407624633431085126e+00 2.126099706744867923e+00
1.411534701857282581e+00 2.129227761485826154e+00
1.415444770283480036e+00 2.132355816226784384e+00
1.419354838709677491e+00 2.135483870967742170e+00
1.423264907135874946e+00 2.138611925708699957e+00
1.427174975562072401e+00 2.141739980449657743e+00
1.431085043988269856e+00 2.144868035190615974e+00
1.434995112414467311e+00 2.147996089931574204e+00
1.438905180840664766e+00 2.151124144672531990e+00
1.442815249266862221e+00 2.154252199413489777e+00
1.446725317693059676e+00 2.157380254154447563e+00
1.450635386119257131e+00 2.160508308895405793e+00
1.454545454545454586e+00 2.163636363636364024e+00
1.458455522971652041e+00 2.166764418377321810e+00
1.462365591397849496e+00 2.169892473118279597e+00
1.466275659824046951e+00 2.173020527859237383e+00
1.470185728250244406e+00 2.176148582600195613e+00
1.474095796676441861e+00 2.179276637341153844e+00
1.478005865102639316e+00 2.182404692082111630e+00
1.481915933528836771e+00 2.185532746823069417e+00
1.485826001955034226e+00 2.188660801564027203e+00
1.489736070381231681e+00 2.191788856304985433e+00
1.493646138807429136e+00 2.194916911045943664e+00
1.497556207233626591e+00 2.198044965786901450e+00
1.501466275659824046e+00 2.201173020527859236e+00
1.505376344086021501e+00 2.204301075268817023e+00
1.509286412512218956e+00 2.207429130009775253e+00
1.513196480938416411e+00 2.210557184750733484e+00
1.517106549364613866e+00 2.213685239491691270e+00
1.521016617790811321e+00 2.216813294232649056e+00
1.524926686217008776e+00 2.219941348973606843e+00
1.528836754643206230e+00 2.223069403714565073e+00
1.532746823069403685e+00 2.226197458455523304e+00
1.536656891495601140e+00 2.229325513196481090e+00
1.540566959921798595e+00 2.232453567937438876e+00
1.544477028347996050e+00 2.235581622678396663e+00
1.548387096774193505e+00 2.238709677419354893e+00
1.552297165200390960e+00 2.241837732160313124e+00
1.556207233626588415e+00 2.244965786901270910e+00
1.560117302052785870e+00 2.248093841642228696e+00
1.564027370478983325e+00 2.251221896383186483e+00
1.567937438905180780e+00 2.254349951124144713e+00
1.571847507331378235e+00 2.257478005865102944e+00
1.575757575757575690e+00 2.260606060606060730e+00
1.579667644183773145e+00 2.263734115347018516e+00
1.583577712609970600e+00 2.266862170087976303e+00
1.587487781036168055e+00 2.269990224828934533e+00
1.591397849462365510e+00 2.273118279569892763e+00
1.595307917888562965e+00 2.276246334310850550e+00
1.599217986314760420e+00 2.279374389051808336e+00
1.603128054740957875e+00 2.282502443792766122e+00
1.607038123167155330e+00 2.285630498533724353e+00
1.610948191593352785e+00 2.288758553274682583e+00
1.614858260019550240e+00 2.291886608015640370e+00
1.618768328445747695e+00 2.295014662756598156e+00
1.622678396871945150e+00 2.298142717497555942e+00
1.626588465298142605e+00 2.301270772238514173e+00
1.630498533724340282e+00 2.304398826979472403e+00
1.634408602150537737e+00 2.307526881720430190e+00
1.638318670576735192e+00 2.310654936461387976e+00
1.642228739002932647e+00 2.313782991202346206e+00
1.646138807429130102e+00 2.316911045943304437e+00
1.650048875855327557e+00 2.320039100684262223e+00
1.653958944281525012e+00 2.323167155425220010e+00
1.657869012707722467e+00 2.326295210166177796e+00
1.661779081133919922e+00 2.329423264907136026e+00
1.665689149560117377e+00 2.332551319648094257e+00
1.669599217986314832e+00 2.335679374389052043e+00
1.673509286412512287e+00 2.338807429130009830e+00
1.677419354838709742e+00 2.341935483870967616e+00
1.681329423264907197e+00 2.345063538611925846e+00
1.685239491691104652e+00 2.348191593352884077e+00
1.689149560117302107e+00 2.351319648093841863e+00
1.693059628543499562e+00 2.354447702834799649e+00
1.696969696969697017e+00 2.357575757575757436e+00
1.700879765395894472e+00 2.360703812316715666e+00
1.704789833822091927e+00 2.363831867057673897e+00
1.708699902248289382e+00 2.366959921798631683e+00
1.712609970674486837e+00 2.370087976539589469e+00
1.716520039100684292e+00 2.373216031280547256e+00
1.720430107526881747e+00 2.376344086021505486e+00
1.724340175953079202e+00 2.379472140762463717e+00
1.728250244379276657e+00 2.382600195503421503e+00
1.732160312805474112e+00 2.385728250244379289e+00
1.736070381231671567e+00 2.388856304985337076e+00
1.739980449657869022e+00 2.391984359726295306e+00
1.743890518084066477e+00 2.395112414467253537e+00
1.747800586510263932e+00 2.398240469208211323e+00
1.751710654936461387e+00 2.401368523949169109e+00
1.755620723362658842e+00 2.404496578690126896e+00
1.759530791788856297e+00 2.407624633431085126e+00
1.763440860215053752e+00 2.410752688172043356e+00
1.767350928641251206e+00 2.413880742913001143e+00
1.771260997067448661e+00 2.417008797653958929e+00
1.775171065493646116e+00 2.420136852394916716e+00
1.779081133919843571e+00 2.423264907135874946e+00
1.782991202346041026e+00 2.426392961876833176e+00
1.786901270772238481e+00 2.429521016617790963e+00
1.790811339198435936e+00 2.432649071358748749e+00
1.794721407624633391e+00 2.435777126099706535e+00
1.798631476050830846e+00 2.438905180840664766e+00
1.802541544477028301e+00 2.442033235581622996e+00
1.806451612903225756e+00 2.445161290322580783e+00
1.810361681329423211e+00 2.448289345063538569e+00
1.814271749755620666e+00 2.451417399804496355e+00
1.818181818181818121e+00 2.454545454545454586e+00
1.822091886608015576e+00 2.457673509286412816e+00
1.826001955034213031e+00 2.460801564027370603e+00
1.829912023460410486e+00 2.463929618768328389e+00
1.833822091886607941e+00 2.467057673509286175e+00
1.837732160312805396e+00 2.470185728250244406e+00
1.841642228739002851e+00 2.473313782991202636e+00
1.845552297165200306e+00 2.476441837732160423e+00
1.849462365591397761e+00 2.479569892473118209e+00
1.853372434017595216e+00 2.482697947214075995e+00
1.857282502443792671e+00 2.485826001955034226e+00
1.861192570869990126e+00 2.488954056695992456e+00
1.865102639296187581e+00 2.492082111436950242e+00
1.869012707722385036e+00 2.495210166177908029e+00
1.872922776148582491e+00 2.498338220918865815e+00
1.876832844574780168e+00 2.501466275659824490e+00
1.880742913000977623e+00 2.504594330400782276e+00
1.884652981427175078e+00 2.507722385141740062e+00
1.888563049853372533e+00 2.510850439882697849e+00
1.892473118279569988e+00 2.513978494623656079e+00
1.896383186705767443e+00 2.517106549364614310e+00
1.900293255131964898e+00 2.520234604105572096e+00
1.904203323558162353e+00 2.523362658846529882e+00
1.908113391984359808e+00 2.526490713587487669e+00
1.912023460410557263e+00 2.529618768328445899e+00
1.915933528836754718e+00 2.532746823069404130e+00
1.919843597262952173e+00 2.535874877810361916e+00
1.923753665689149628e+00 2.539002932551319702e+00
1.927663734115347083e+00 2.542130987292277489e+00
1.931573802541544538e+00 2.545259042033235719e+00
1.935483870967741993e+00 2.548387096774193949e+00
1.939393939393939448e+00 2.551515151515151736e+00
1.943304007820136903e+00 2.554643206256109522e+00
1.947214076246334358e+00 2.557771260997067309e+00
1.951124144672531813e+00 2.560899315738025539e+00
1.955034213098729268e+00 2.564027370478983769e+00
1.958944281524926723e+00 2.567155425219941556e+00
1.962854349951124178e+00 2.570283479960899342e+00
1.966764418377321633e+00 2.573411534701857128e+00
1.970674486803519088e+00 2.576539589442815359e+00
1.974584555229716543e+00 2.579667644183773589e+00
1.978494623655913998e+00 2.582795698924731376e+00
1.982404692082111453e+00 2.585923753665689162e+00
1.986314760508308908e+00 2.589051808406646948e+00
1.990224828934506363e+00 2.592179863147605179e+00
1.994134897360703818e+00 2.595307917888563409e+00
1.998044965786901273e+00 2.598435972629521196e+00
2.001955034213098727e+00 2.601564027370478982e+00
2.005865102639296182e+00 2.604692082111436768e+00
2.009775171065493637e+00 2.607820136852394999e+00
2.013685239491691092e+00 2.610948191593353229e+00
2.017595307917888547e+00 2.614076246334311016e+00
2.021505376344086002e+00 2.617204301075268802e+00
2.025415444770283457e+00 2.620332355816226588e+00
2.029325513196480912e+00 2.623460410557184819e+00
2.033235581622678367e+00 2.626588465298143049e+00
2.037145650048875822e+00 2.629716520039100836e+00
2.041055718475073277e+00 2.632844574780058622e+00
2.044965786901270732e+00 2.635972629521016408e+00
2.048875855327468187e+00 2.639100684261974639e+00
2.052785923753665642e+00 2.642228739002932869e+00
2.056695992179863097e+00 2.645356793743890655e+00
2.060606060606060552e+00 2.648484848484848442e+00
2.064516129032258007e+00 2.651612903225806228e+00
2.068426197458455462e+00 2.654740957966764459e+00
2.072336265884652917e+00 2.657869012707722689e+00
2.076246334310850372e+00 2.660997067448680475e+00
2.080156402737047827e+00 2.664125122189638262e+00
2.084066471163245282e+00 2.667253176930596048e+00
2.087976539589442737e+00 2.670381231671554279e+00
2.091886608015640192e+00 2.673509286412512509e+00
2.095796676441837647e+00 2.676637341153470295e+00
2.099706744868035102e+00 2.679765395894428082e+00
2.103616813294232557e+00 2.682893450635385868e+00
2.107526881720430012e+00 2.686021505376344098e+00
2.111436950146627467e+00 2.689149560117302329e+00
2.115347018572824922e+00 2.692277614858260115e+00
2.119257086999022377e+00 2.695405669599217902e+00
2.123167155425219832e+00 2.698533724340175688e+00
2.127077223851417287e+00 2.701661779081133918e+00
2.130987292277614742e+00 2.704789833822092149e+00
2.134897360703812197e+00 2.707917888563049935e+00
2.138807429130009652e+00 2.711045943304007722e+00
2.142717497556207107e+00 2.714173998044965508e+00
2.146627565982404562e+00 2.717302052785923738e+00
2.150537634408602017e+00 2.720430107526881969e+00
2.154447702834799472e+00 2.723558162267839755e+00
2.158357771260996927e+00 2.726686217008797541e+00
2.162267839687194382e+00 2.729814271749755328e+00
2.166177908113391837e+00 2.732942326490713558e+00
2.170087976539589292e+00 2.736070381231671789e+00
2.173998044965786747e+00 2.739198435972629575e+00
2.177908113391984202e+00 2.742326490713587361e+00
2.181818181818181657e+00 2.745454545454545148e+00
2.185728250244379112e+00 2.748582600195503378e+00
2.189638318670576567e+00 2.751710654936461609e+00
2.193548387096774022e+00 2.754838709677419395e+00
2.197458455522971477e+00 2.757966764418377181e+00
2.201368523949168932e+00 2.761094819159334968e+00
2.205278592375366387e+00 2.764222873900293198e+00
2.209188660801563842e+00 2.767350928641251429e+00
2.213098729227761297e+00 2.770478983382209215e+00
2.217008797653958752e+00 2.773607038123167001e+00
2.220918866080156207e+00 2.776735092864124788e+00
2.224828934506353662e+00 2.779863147605083018e+00
2.228739002932551116e+00 2.782991202346041248e+00
2.232649071358748571e+00 2.786119257086999035e+00
2.236559139784946026e+00 2.789247311827956821e+00
2.240469208211143481e+00 2.792375366568914608e+00
2.244379276637340936e+00 2.795503421309872838e+00
2.248289345063538391e+00 2.798631476050831068e+00
2.252199413489735846e+00 2.801759530791788855e+00
2.256109481915933745e+00 2.804887585532747085e+00
2.260019550342131200e+00 2.808015640273705316e+00
2.263929618768328655e+00 2.811143695014663102e+00
2.267839687194526110e+00 2.814271749755620888e+00
2.271749755620723565e+00 2.817399804496578675e+00
2.275659824046921020e+00 2.820527859237536905e+00
2.279569892473118475e+00 2.823655913978495136e+00
2.283479960899315930e+00 2.826783968719452922e+00
2.287390029325513385e+00 2.829912023460410708e+00
2.291300097751710840e+00 2.833040078201368495e+00
2.295210166177908295e+00 2.836168132942326725e+00
2.299120234604105750e+00 2.839296187683284955e+00
2.303030303030303205e+00 2.842424242424242742e+00
2.306940371456500660e+00 2.845552297165200528e+00
2.310850439882698115e+00 2.848680351906158315e+00
2.314760508308895570e+00 2.851808406647116545e+00
2.318670576735093025e+00 2.854936461388074775e+00
2.322580645161290480e+00 2.858064516129032562e+00
2.326490713587487935e+00 2.861192570869990348e+00
2.330400782013685390e+00 2.864320625610948134e+00
2.334310850439882845e+00 2.867448680351906365e+00
2.338220918866080300e+00 2.870576735092864595e+00
2.342130987292277755e+00 2.873704789833822382e+00
2.346041055718475210e+00 2.876832844574780168e+00
2.349951124144672665e+00 2.879960899315737954e+00
2.353861192570870120e+00 2.883088954056696185e+00
2.357771260997067575e+00 2.886217008797654415e+00
2.361681329423265030e+00 2.889345063538612202e+00
2.365591397849462485e+00 2.892473118279569988e+00
2.369501466275659940e+00 2.895601173020527774e+00
2.373411534701857395e+00 2.898729227761486005e+00
2.377321603128054850e+00 2.901857282502444235e+00
2.381231671554252305e+00 2.904985337243402022e+00
2.385141739980449760e+00 2.908113391984359808e+00
2.389051808406647215e+00 2.911241446725317594e+00
2.392961876832844670e+00 2.914369501466275825e+00
2.396871945259042125e+00 2.917497556207234055e+00
2.400782013685239580e+00 2.920625610948191841e+00
2.404692082111437035e+00 2.923753665689149628e+00
2.408602150537634490e+00 2.926881720430107414e+00
2.412512218963831945e+00 2.930009775171065645e+00
2.416422287390029400e+00 2.933137829912023875e+00
2.420332355816226855e+00 2.936265884652981661e+00
2.424242424242424310e+00 2.939393939393939448e+00
2.428152492668621765e+00 2.942521994134897234e+00
2.432062561094819220e+00 2.945650048875855465e+00
2.435972629521016675e+00 2.948778103616813695e+00
2.439882697947214130e+00 2.951906158357771481e+00
2.443792766373411585e+00 2.955034213098729268e+00
2.447702834799609040e+00 2.958162267839687054e+00
2.451612903225806495e+00 2.961290322580645284e+00
2.455522971652003950e+00 2.964418377321603515e+00
2.459433040078201405e+00 2.967546432062561301e+00
2.463343108504398860e+00 2.970674486803519088e+00
2.467253176930596315e+00 2.973802541544476874e+00
2.471163245356793770e+00 2.976930596285435104e+00
2.475073313782991224e+00 2.980058651026393335e+00
2.478983382209188679e+00 2.983186705767351121e+00
2.482893450635386134e+00 2.986314760508308908e+00
2.486803519061583589e+00 2.989442815249266694e+00
2.490713587487781044e+00 2.992570869990224924e+00
2.494623655913978499e+00 2.995698924731183155e+00
2.498533724340175954e+00 2.998826979472140941e+00
2.502443792766373409e+00 3.001955034213098727e+00
2.506353861192570864e+00 3.005083088954056958e+00
2.510263929618768319e+00 3.008211143695014744e+00
2.514173998044965774e+00 3.011339198435972531e+00
2.518084066471163229e+00 3.014467253176930761e+00
2.521994134897360684e+00 3.017595307917888547e+00
2.525904203323558139e+00 3.020723362658846778e+00
2.529814271749755594e+00 3.023851417399804564e+00
2.533724340175953049e+00 3.026979472140762351e+00
2.537634408602150504e+00 3.030107526881720581e+00
2.541544477028347959e+00 3.033235581622678367e+00
2.545454545454545414e+00 3.036363636363636598e+00
2.549364613880742869e+00 3.039491691104594384e+00
2.553274682306940324e+00 3.042619745845552170e+00
2.557184750733137779e+00 3.045747800586510401e+00
2.561094819159335234e+00 3.048875855327468187e+00
2.565004887585532689e+00 3.052003910068426418e+00
2.568914956011730144e+00 3.055131964809384204e+00
2.572825024437927599e+00 3.058260019550341990e+00
2.576735092864125054e+00 3.061388074291300221e+00
2.580645161290322509e+00 3.064516129032258007e+00
2.584555229716519964e+00 3.067644183773216238e+00
2.588465298142717419e+00 3.070772238514174024e+00
2.592375366568914874e+00 3.073900293255131810e+00
2.596285434995112329e+00 3.077028347996090041e+00
2.600195503421309784e+00 3.080156402737047827e+00
2.604105571847507239e+00 3.083284457478006058e+00
2.608015640273704694e+00 3.086412512218963844e+00
2.611925708699902149e+00 3.089540566959921630e+00
2.615835777126099604e+00 3.092668621700879861e+00
2.619745845552297059e+00 3.095796676441837647e+00
2.623655913978494514e+00 3.098924731182795878e+00
2.627565982404691969e+00 3.102052785923753664e+00
2.631476050830889424e+00 3.105180840664711450e+00
2.635386119257086879e+00 3.108308895405669681e+00
2.639296187683284334e+00 3.111436950146627467e+00
2.643206256109481789e+00 3.114565004887585697e+00
2.647116324535679244e+00 3.117693059628543484e+00
2.651026392961876699e+00 3.120821114369501270e+00
2.654936461388074154e+00 3.123949169110459501e+00
2.658846529814271609e+00 3.127077223851417287e+00
2.662756598240469064e+00 3.130205278592375517e+00
2.666666666666666519e+00 3.133333333333333304e+00
2.670576735092863974e+00 3.136461388074291090e+00
2.674486803519061429e+00 3.139589442815249321e+00
2.678396871945258884e+00 3.142717497556207107e+00
2.682306940371456339e+00 3.145845552297165337e+00
2.686217008797653794e+00 3.148973607038123124e+00
2.690127077223851249e+00 3.152101661779080910e+00
2.694037145650048704e+00 3.155229716520039140e+00
2.697947214076246158e+00 3.158357771260996927e+00
2.701857282502443613e+00 3.161485826001955157e+00
2.705767350928641068e+00 3.164613880742912944e+00
2.709677419354838523e+00 3.167741935483870730e+00
2.713587487781035978e+00 3.170869990224828960e+00
2.717497556207233433e+00 3.173998044965786747e+00
2.721407624633430888e+00 3.177126099706744977e+00
2.725317693059628343e+00 3.180254154447702764e+00
2.729227761485825798e+00 3.183382209188660550e+00
2.733137829912023253e+00 3.186510263929618780e+00
2.737047898338220708e+00 3.189638318670576567e+00
2.740957966764418163e+00 3.192766373411534797e+00
2.744868035190615618e+00 3.195894428152492583e+00
2.748778103616813073e+00 3.199022482893450370e+00
2.752688172043010972e+00 3.202150537634409044e+00
2.756598240469208427e+00 3.205278592375366831e+00
2.760508308895405882e+00 3.208406647116324617e+00
2.764418377321603337e+00 3.211534701857282847e+00
2.768328445747800792e+00 3.214662756598240634e+00
2.772238514173998247e+00 3.217790811339198864e+00
2.776148582600195702e+00 3.220918866080156651e+00
2.780058651026393157e+00 3.224046920821114437e+00
2.783968719452590612e+00 3.227174975562072667e+00
2.787878787878788067e+00 3.230303030303030454e+00
2.791788856304985522e+00 3.233431085043988684e+00
2.795698924731182977e+00 3.236559139784946471e+00
2.799608993157380432e+00 3.239687194525904257e+00
2.803519061583577887e+00 3.242815249266862487e+00
2.807429130009775342e+00 3.245943304007820274e+00
2.811339198435972797e+00 3.249071358748778504e+00
2.815249266862170252e+00 3.252199413489736290e+00
2.819159335288367707e+00 3.255327468230694077e+00
2.823069403714565162e+00 3.258455522971652307e+00
2.826979472140762617e+00 3.261583577712610094e+00
2.830889540566960072e+00 3.264711632453568324e+00
2.834799608993157527e+00 3.267839687194526110e+00
2.838709677419354982e+00 3.270967741935483897e+00
2.842619745845552437e+00 3.274095796676442127e+00
2.846529814271749892e+00 3.277223851417399914e+00
2.850439882697947347e+00 3.280351906158358144e+00
2.854349951124144802e+00 3.283479960899315930e+00
2.858260019550342257e+00 3.286608015640273717e+00
2.862170087976539712e+00 3.289736070381231947e+00
2.866080156402737167e+00 3.292864125122189733e+00
2.869990224828934622e+00 3.295992179863147964e+00
2.873900293255132077e+00 3.299120234604105750e+00
2.877810361681329532e+00 3.302248289345063537e+00
2.881720430107526987e+00 3.305376344086021767e+00
2.885630498533724442e+00 3.308504398826979553e+00
2.889540566959921897e+00 3.311632453567937784e+00
2.893450635386119352e+00 3.314760508308895570e+00
2.897360703812316807e+00 3.317888563049853357e+00
2.901270772238514262e+00 3.321016617790811587e+00
2.905180840664711717e+00 3.324144672531769373e+00
2.909090909090909172e+00 3.327272727272727604e+00
2.913000977517106627e+00 3.330400782013685390e+00
2.916911045943304082e+00 3.333528836754643176e+00
2.920821114369501537e+00 3.336656891495601407e+00
2.924731182795698992e+00 3.339784946236559193e+00
2.928641251221896447e+00 3.342913000977517424e+00
2.932551319648093902e+00 3.346041055718475210e+00
2.936461388074291357e+00 3.349169110459432996e+00
2.940371456500488812e+00 3.352297165200391227e+00
2.944281524926686266e+00 3.355425219941349013e+00
2.948191593352883721e+00 3.358553274682307244e+00
2.952101661779081176e+00 3.361681329423265030e+00
2.956011730205278631e+00 3.364809384164222816e+00
2.959921798631476086e+00 3.367937438905181047e+00
2.963831867057673541e+00 3.371065493646138833e+00
2.967741935483870996e+00 3.374193548387097064e+00
2.971652003910068451e+00 3.377321603128054850e+00
2.975562072336265906e+00 3.380449657869012636e+00
2.979472140762463361e+00 3.383577712609970867e+00
2.983382209188660816e+00 3.386705767350928653e+00
2.987292277614858271e+00 3.389833822091886883e+00
2.991202346041055726e+00 3.392961876832844670e+00
2.995112414467253181e+00 3.396089931573802456e+00
2.999022482893450636e+00 3.399217986314760687e+00
3.002932551319648091e+00 3.402346041055718473e+00
3.006842619745845546e+00 3.405474095796676703e+00
3.010752688172043001e+00 3.408602150537634490e+00
3.014662756598240456e+00 3.411730205278592720e+00
3.018572825024437911e+00 3.414858260019550507e+00
3.022482893450635366e+00 3.417986314760508293e+00
3.026392961876832821e+00 3.421114369501466523e+00
3.030303030303030276e+00 3.424242424242424310e+00
3.034213098729227731e+00 3.427370478983382540e+00
3.038123167155425186e+00 3.430498533724340327e+00
3.042033235581622641e+00 3.433626588465298113e+00
3.045943304007820096e+00 3.436754643206256343e+00
3.049853372434017551e+00 3.439882697947214130e+00
3.053763440860215006e+00 3.443010752688172360e+00
3.057673509286412461e+00 3.446138807429130146e+00
3.061583577712609916e+00 3.449266862170087933e+00
3.065493646138807371e+00 3.452394916911046163e+00
3.069403714565004826e+00 3.455522971652003950e+00
3.073313782991202281e+00 3.458651026392962180e+00
3.077223851417399736e+00 3.461779081133919966e+00
3.081133919843597191e+00 3.464907135874877753e+00
3.085043988269794646e+00 3.468035190615835983e+00
3.088954056695992101e+00 3.471163245356793770e+00
3.092864125122189556e+00 3.474291300097752000e+00
3.096774193548387011e+00 3.477419354838709786e+00
3.100684261974584466e+00 3.480547409579667573e+00
3.104594330400781921e+00 3.483675464320625803e+00
3.108504398826979376e+00 3.486803519061583589e+00
3.112414467253176831e+00 3.489931573802541820e+00
3.116324535679374286e+00 3.493059628543499606e+00
3.120234604105571741e+00 3.496187683284457393e+00
3.124144672531769196e+00 3.499315738025415623e+00
3.128054740957966651e+00 3.502443792766373409e+00
3.131964809384164106e+00 3.505571847507331640e+00
3.135874877810361561e+00 3.508699902248289426e+00
3.139784946236559016e+00 3.511827956989247213e+00
3.143695014662756471e+00 3.514956011730205443e+00
3.147605083088953926e+00 3.518084066471163229e+00
3.151515151515151381e+00 3.521212121212121460e+00
3.155425219941348836e+00 3.524340175953079246e+00
3.159335288367546291e+00 3.527468230694037032e+00
3.163245356793743746e+00 3.530596285434995263e+00
3.167155425219941201e+00 3.533724340175953049e+00
3.171065493646138655e+00 3.536852394916911280e+00
3.174975562072336110e+00 3.539980449657869066e+00
3.178885630498533565e+00 3.543108504398826852e+00
3.182795698924731020e+00 3.546236559139785083e+00
3.186705767350928475e+00 3.549364613880742869e+00
3.190615835777125930e+00 3.552492668621701100e+00
3.194525904203323385e+00 3.555620723362658886e+00
3.198435972629520840e+00 3.558748778103616672e+00
3.202346041055718295e+00 3.561876832844574903e+00
3.206256109481915750e+00 3.565004887585532689e+00
3.210166177908113205e+00 3.568132942326490920e+00
3.214076246334310660e+00 3.571260997067448706e+00
3.217986314760508115e+00 3.574389051808406492e+00
3.221896383186705570e+00 3.577517106549364723e+00
3.225806451612903025e+00 3.580645161290322509e+00
3.229716520039100480e+00 3.583773216031280739e+00
3.233626588465297935e+00 3.586901270772238526e+00
3.237536656891495390e+00 3.590029325513196312e+00
3.241446725317692845e+00 3.593157380254154543e+00
3.245356793743890300e+00 3.596285434995112329e+00
3.249266862170087755e+00 3.599413489736070559e+00
3.253176930596285210e+00 3.602541544477028346e+00
3.257086999022483109e+00 3.605669599217986576e+00
3.260997067448680564e+00 3.608797653958944807e+00
3.264907135874878019e+00 3.611925708699902593e+00
3.268817204301075474e+00 3.615053763440860379e+00
3.272727272727272929e+00 3.618181818181818610e+00
3.276637341153470384e+00 3.621309872922776396e+00
3.280547409579667839e+00 3.624437927663734627e+00
3.284457478005865294e+00 3.627565982404692413e+00
3.288367546432062749e+00 3.630694037145650199e+00
3.292277614858260204e+00 3.633822091886608430e+00
3.296187683284457659e+00 3.636950146627566216e+00
3.300097751710655114e+00 3.640078201368524446e+00
3.304007820136852569e+00 3.643206256109482233e+00
3.307917888563050024e+00 3.646334310850440019e+00
3.311827956989247479e+00 3.649462365591398250e+00
3.315738025415444934e+00 3.652590420332356036e+00
3.319648093841642389e+00 3.655718475073314266e+00
3.323558162267839844e+00 3.658846529814272053e+00
3.327468230694037299e+00 3.661974584555229839e+00
3.331378299120234754e+00 3.665102639296188070e+00
3.335288367546432209e+00 3.668230694037145856e+00
3.339198435972629664e+00 3.671358748778104086e+00
3.343108504398827119e+00 3.674486803519061873e+00
3.347018572825024574e+00 3.677614858260019659e+00
3.350928641251222029e+00 3.680742913000977889e+00
3.354838709677419484e+00 3.683870967741935676e+00
3.358748778103616939e+00 3.686999022482893906e+00
3.362658846529814394e+00 3.690127077223851693e+00
3.366568914956011849e+00 3.693255131964809479e+00
3.370478983382209304e+00 3.696383186705767709e+00
3.374389051808406759e+00 3.699511241446725496e+00
3.378299120234604214e+00 3.702639296187683726e+00
3.382209188660801669e+00 3.705767350928641513e+00
3.386119257086999124e+00 3.708895405669599299e+00
3.390029325513196579e+00 3.712023460410557529e+00
3.393939393939394034e+00 3.715151515151515316e+00
3.397849462365591489e+00 3.718279569892473546e+00
3.401759530791788944e+00 3.721407624633431332e+00
3.405669599217986399e+00 3.724535679374389119e+00
3.409579667644183854e+00 3.727663734115347349e+00
3.413489736070381309e+00 3.730791788856305136e+00
3.417399804496578763e+00 3.733919843597263366e+00
3.421309872922776218e+00 3.737047898338221152e+00
3.425219941348973673e+00 3.740175953079178939e+00
3.429130009775171128e+00 3.743304007820137169e+00
3.433040078201368583e+00 3.746432062561094956e+00
3.436950146627566038e+00 3.749560117302053186e+00
3.440860215053763493e+00 3.752688172043010972e+00
3.444770283479960948e+00 3.755816226783968759e+00
3.448680351906158403e+00 3.758944281524926989e+00
3.452590420332355858e+00 3.762072336265884775e+00
3.456500488758553313e+00 3.765200391006843006e+00
3.460410557184750768e+00 3.768328445747800792e+00
3.464320625610948223e+00 3.771456500488758579e+00
3.468230694037145678e+00 3.774584555229716809e+00
3.472140762463343133e+00 3.777712609970674595e+00
3.476050830889540588e+00 3.780840664711632826e+00
3.479960899315738043e+00 3.783968719452590612e+00
3.483870967741935498e+00 3.787096774193548399e+00
3.487781036168132953e+00 3.790224828934506629e+00
3.491691104594330408e+00 3.793352883675464415e+00
3.495601173020527863e+00 3.796480938416422646e+00
3.499511241446725318e+00 3.799608993157380432e+00
3.503421309872922773e+00 3.802737047898338218e+00
3.507331378299120228e+00 3.805865102639296449e+00
3.511241446725317683e+00 3.808993157380254235e+00
3.515151515151515138e+00 3.812121212121212466e+00
3.519061583577712593e+00 3.815249266862170252e+00
3.522971652003910048e+00 3.818377321603128038e+00
3.526881720430107503e+00 3.821505376344086269e+00
3.530791788856304958e+00 3.824633431085044055e+00
3.534701857282502413e+00 3.827761485826002286e+00
3.538611925708699868e+00 3.830889540566960072e+00
3.542521994134897323e+00 3.834017595307917858e+00
3.546432062561094778e+00 3.837145650048876089e+00
3.550342130987292233e+00 3.840273704789833875e+00
3.554252199413489688e+00 3.843401759530792106e+00
3.558162267839687143e+00 3.846529814271749892e+00
3.562072336265884598e+00 3.849657869012707678e+00
3.565982404692082053e+00 3.852785923753665909e+00
3.569892473118279508e+00 3.855913978494623695e+00
3.573802541544476963e+00 3.859042033235581926e+00
3.577712609970674418e+00 3.862170087976539712e+00
3.581622678396871873e+00 3.865298142717497498e+00
3.585532746823069328e+00 3.868426197458455729e+00
3.589442815249266783e+00 3.871554252199413515e+00
3.593352883675464238e+00 3.874682306940371745e+00
3.597262952101661693e+00 3.877810361681329532e+00
3.601173020527859148e+00 3.880938416422287318e+00
3.605083088954056603e+00 3.884066471163245549e+00
3.608993157380254058e+00 3.887194525904203335e+00
3.612903225806451513e+00 3.890322580645161565e+00
3.616813294232648968e+00 3.893450635386119352e+00
3.620723362658846423e+00 3.896578690127077138e+00
3.624633431085043878e+00 3.899706744868035369e+00
3.628543499511241333e+00 3.902834799608993155e+00
3.632453567937438788e+00 3.905962854349951385e+00
3.636363636363636243e+00 3.909090909090909172e+00
3.640273704789833698e+00 3.912218963831866958e+00
3.644183773216031152e+00 3.915347018572825188e+00
3.648093841642228607e+00 3.918475073313782975e+00
3.652003910068426062e+00 3.921603128054741205e+00
3.655913978494623517e+00 3.924731182795698992e+00
3.659824046920820972e+00 3.927859237536656778e+00
3.663734115347018427e+00 3.930987292277615008e+00
3.667644183773215882e+00 3.934115347018572795e+00
3.671554252199413337e+00 3.937243401759531025e+00
3.675464320625610792e+00 3.940371456500488812e+00
3.679374389051808247e+00 3.943499511241446598e+00
3.683284457478005702e+00 3.946627565982404828e+00
3.687194525904203157e+00 3.949755620723362615e+00
3.691104594330400612e+00 3.952883675464320845e+00
3.695014662756598067e+00 3.956011730205278631e+00
3.698924731182795522e+00 3.959139784946236418e+00
3.702834799608992977e+00 3.962267839687194648e+00
3.706744868035190432e+00 3.965395894428152435e+00
3.710654936461387887e+00 3.968523949169110665e+00
3.714565004887585342e+00 3.971652003910068451e+00
3.718475073313782797e+00 3.974780058651026238e+00
3.722385141739980252e+00 3.977908113391984468e+00
3.726295210166177707e+00 3.981036168132942255e+00
3.730205278592375162e+00 3.984164222873900485e+00
3.734115347018572617e+00 3.987292277614858271e+00
3.738025415444770072e+00 3.990420332355816058e+00
3.741935483870967527e+00 3.993548387096774288e+00
3.745845552297164982e+00 3.996676441837732074e+00
3.749755620723362437e+00 3.999804496578690305e+00
3.753665689149560336e+00 4.002932551319648979e+00
3.757575757575757791e+00 4.006060606060605878e+00
3.761485826001955246e+00 4.009188660801564552e+00
3.765395894428152701e+00 4.012316715542522338e+00
3.769305962854350156e+00 4.015444770283480125e+00
3.773216031280547611e+00 4.018572825024438799e+00
3.777126099706745066e+00 4.021700879765395698e+00
3.781036168132942521e+00 4.024828934506354372e+00
3.784946236559139976e+00 4.027956989247312158e+00
3.788856304985337431e+00 4.031085043988269945e+00
3.792766373411534886e+00 4.034213098729228619e+00
3.796676441837732341e+00 4.037341153470185517e+00
3.800586510263929796e+00 4.040469208211144192e+00
3.804496578690127251e+00 4.043597262952101978e+00
3.808406647116324706e+00 4.046725317693059765e+00
3.812316715542522161e+00 4.049853372434018439e+00
3.816226783968719616e+00 4.052981427174975337e+00
3.820136852394917071e+00 4.056109481915934012e+00
3.824046920821114526e+00 4.059237536656891798e+00
3.827956989247311981e+00 4.062365591397849585e+00
3.831867057673509436e+00 4.065493646138808259e+00
3.835777126099706891e+00 4.068621700879765157e+00
3.839687194525904346e+00 4.071749755620723832e+00
3.843597262952101801e+00 4.074877810361681618e+00
3.847507331378299256e+00 4.078005865102639405e+00
3.851417399804496711e+00 4.081133919843598079e+00
3.855327468230694166e+00 4.084261974584554977e+00
3.859237536656891621e+00 4.087390029325513652e+00
3.863147605083089076e+00 4.090518084066471438e+00
3.867057673509286531e+00 4.093646138807429224e+00
3.870967741935483986e+00 4.096774193548387899e+00
3.874877810361681441e+00 4.099902248289344797e+00
3.878787878787878896e+00 4.103030303030303472e+00
3.882697947214076351e+00 4.106158357771261258e+00
3.886608015640273806e+00 4.109286412512219044e+00
3.890518084066471260e+00 4.112414467253177719e+00
3.894428152492668715e+00 4.115542521994134617e+00
3.898338220918866170e+00 4.118670576735093292e+00
3.902248289345063625e+00 4.121798631476051078e+00
3.906158357771261080e+00 4.124926686217008864e+00
3.910068426197458535e+00 4.128054740957967539e+00
3.913978494623655990e+00 4.131182795698924437e+00
3.917888563049853445e+00 4.134310850439883112e+00
3.921798631476050900e+00 4.137438905180840898e+00
3.925708699902248355e+00 4.140566959921798684e+00
3.929618768328445810e+00 4.143695014662757359e+00
3.933528836754643265e+00 4.146823069403714257e+00
3.937438905180840720e+00 4.149951124144672931e+00
3.941348973607038175e+00 4.153079178885630718e+00
3.945259042033235630e+00 4.156207233626588504e+00
3.949169110459433085e+00 4.159335288367547179e+00
3.953079178885630540e+00 4.162463343108504077e+00
3.956989247311827995e+00 4.165591397849462751e+00
3.960899315738025450e+00 4.168719452590420538e+00
3.964809384164222905e+00 4.171847507331378324e+00
3.968719452590420360e+00 4.174975562072336999e+00
3.972629521016617815e+00 4.178103616813293897e+00
3.976539589442815270e+00 4.181231671554252571e+00
3.980449657869012725e+00 4.184359726295210358e+00
3.984359726295210180e+00 4.187487781036168144e+00
3.988269794721407635e+00 4.190615835777126819e+00
3.992179863147605090e+00 4.193743890518083717e+00
3.996089931573802545e+00 4.196871945259042391e+00
4.000000000000000000e+00 4.200000000000000178e+00
