# Matter power spectrum P(k) at redshift z=0
# for k=1.05216e-05 to 13.9014 h/Mpc,
# number of wavenumbers equal to 548
#    1:k (h/Mpc)              2:P (Mpc/h)^3        
       1.052162017240e-05       5.170916654934e+01 
       2.350772107913e-05       1.118731710346e+02 
       3.654020024128e-05       1.708503926788e+02 
       4.965469873119e-05       2.293329082147e+02 
       6.288745637405e-05       2.877072693585e+02 
       7.627564016474e-05       3.462589005284e+02 
       8.985768334586e-05       4.052292031515e+02 
       1.036736397250e-04       4.648387933856e+02 
       1.177655578436e-04       5.252993766039e+02 
       1.321778796441e-04       5.868208466817e+02 
       1.469578682853e-04       6.496161855934e+02 
       1.621560696842e-04       7.139052173270e+02 
       1.778268121613e-04       7.799177979127e+02 
       1.940287481518e-04       8.478966798640e+02 
       2.108254412086e-04       9.181002746579e+02 
       2.282860003257e-04       9.908053213278e+02 
       2.464857617582e-04       1.066309592874e+03 
       2.655070157703e-04       1.144934595246e+03 
       2.854397717961e-04       1.227028251548e+03 
       3.063825500011e-04       1.312967530951e+03 
       3.284431797490e-04       1.403160954140e+03 
       3.517395755950e-04       1.498050788548e+03 
       3.764004487259e-04       1.598114793601e+03 
       4.025658960250e-04       1.703867276264e+03 
       4.303877902338e-04       1.815859093823e+03 
       4.600298737232e-04       1.934676230981e+03 
       4.916674368247e-04       2.060936510536e+03 
       5.254864425558e-04       2.195283882862e+03 
       5.616819476895e-04       2.338379740765e+03 
       6.004556721769e-04       2.490890857153e+03 
       6.420125931567e-04       2.653473462291e+03 
       6.865564946312e-04       2.826753522175e+03 
       7.342844955267e-04       3.011303452328e+03 
       7.853807074603e-04       3.207616092417e+03 
       8.400093291696e-04       3.416077599174e+03 
       8.983076443675e-04       3.636941036085e+03 
       9.603795189002e-04       3.870303392763e+03 
       1.026290051399e-03       4.116088586114e+03 
       1.096061986160e-03       4.374038533587e+03 
       1.169674336399e-03       4.643714240295e+03 
       1.247063410278e-03       4.924506891983e+03 
       1.328126131146e-03       5.215658315657e+03 
       1.412725263021e-03       5.516260967383e+03 
       1.500695952217e-03       5.825356093626e+03 
       1.591852910682e-03       6.141930314411e+03 
       1.685997597132e-03       6.464932144464e+03 
       1.782924870927e-03       6.793313619580e+03 
       1.882428759257e-03       7.126053604775e+03 
       1.984307149445e-03       7.462176172080e+03 
       2.088365365329e-03       7.800764072262e+03 
       2.194418694421e-03       8.140966729171e+03 
       2.302293998561e-03       8.482005425574e+03 
       2.411830570806e-03       8.823174412878e+03 
       2.522880404826e-03       9.163838896130e+03 
       2.635308029882e-03       9.503433136082e+03 
       2.748990042548e-03       9.841455084348e+03 
       2.863814441592e-03       1.017746351339e+04 
       2.979679848539e-03       1.051107064772e+04 
       3.096494675272e-03       1.084193899356e+04 
       3.214176282509e-03       1.116977516699e+04 
       3.332650158999e-03       1.149432638560e+04 
       3.451849140678e-03       1.181537516310e+04 
       3.571712681076e-03       1.213273233911e+04 
       3.692186178644e-03       1.244624197532e+04 
       3.813220362724e-03       1.275576898343e+04 
       3.934770737248e-03       1.306120401273e+04 
       4.056797079609e-03       1.336245164484e+04 
       4.179262991157e-03       1.365943779040e+04 
       4.302135495260e-03       1.395210312111e+04 
       4.425384678732e-03       1.424039854605e+04 
       4.548983372436e-03       1.452428930941e+04 
       4.672906867087e-03       1.480374684249e+04 
       4.797132660503e-03       1.507876095186e+04 
       4.921640232876e-03       1.534930727091e+04 
       5.046410846930e-03       1.561540934299e+04 
       5.171427370143e-03       1.587706132371e+04 
       5.296674116521e-03       1.607639889664e+04 
       5.422136705660e-03       1.632693509700e+04 
       5.547801937108e-03       1.657303607435e+04 
       5.673657678258e-03       1.681472080252e+04 
       5.799692764211e-03       1.705202056398e+04 
       5.925896908236e-03       1.728495562866e+04 
       6.052260621603e-03       1.751356003410e+04 
       6.178775141736e-03       1.773786990452e+04 
       6.305432367739e-03       1.795791317120e+04 
       6.432224802458e-03       1.817372391859e+04 
       6.559145500367e-03       1.838534395801e+04 
       6.686188020621e-03       1.859280459964e+04 
       6.813346384718e-03       1.879615159994e+04 
       6.940615038267e-03       1.899542415247e+04 
       7.067988816420e-03       1.919065705796e+04 
       7.195462912579e-03       1.938189429053e+04 
       7.323032850035e-03       1.956917692347e+04 
       7.450694456232e-03       1.975254009229e+04 
       7.578443839380e-03       1.993203255562e+04 
       7.706277367195e-03       2.010769570973e+04 
       7.834191647523e-03       2.027957731808e+04 
       7.962183510688e-03       2.044770201198e+04 
       8.090249993374e-03       2.061212742208e+04 
       8.218388323908e-03       2.077288919449e+04 
       8.346595908785e-03       2.093001542779e+04 
       8.474870320347e-03       2.108357672926e+04 
       8.603209285481e-03       2.123360084091e+04 
       8.731610675253e-03       2.138012433851e+04 
       8.860072495387e-03       2.152319413416e+04 
       8.988592877524e-03       2.166284174636e+04 
       9.117170071166e-03       2.179911752914e+04 
       9.245802436271e-03       2.193205700692e+04 
       9.374488436424e-03       2.206170156177e+04 
       9.503226632536e-03       2.218809105016e+04 
       9.632015677038e-03       2.231126058302e+04 
       9.760854308503e-03       2.243124775916e+04 
       9.889741346691e-03       2.254809839244e+04 
       1.001867568796e-02       2.266183424639e+04 
       1.014765630100e-02       2.277250611176e+04 
       1.027668222292e-02       2.288014795509e+04 
       1.040575255559e-02       2.298479044123e+04 
       1.053486646227e-02       2.308647954675e+04 
       1.066402316444e-02       2.318524327806e+04 
       1.079322193894e-02       2.328111911754e+04 
       1.092246211522e-02       2.337414457556e+04 
       1.105174307285e-02       2.346435553054e+04 
       1.118106423920e-02       2.355176897458e+04 
       1.131042508723e-02       2.363645475123e+04 
       1.143982513352e-02       2.371842068691e+04 
       1.156926393637e-02       2.379771182622e+04 
       1.169874109404e-02       2.387434729412e+04 
       1.182825624318e-02       2.394837172334e+04 
       1.195780905728e-02       2.401982916021e+04 
       1.208739924525e-02       2.408873274328e+04 
       1.221702655018e-02       2.415511993252e+04 
       1.234669074807e-02       2.421902727286e+04 
       1.247639164673e-02       2.428047581769e+04 
       1.260612908473e-02       2.433951138227e+04 
       1.273590293043e-02       2.439615780320e+04 
       1.286571308106e-02       2.445044700801e+04 
       1.299555946191e-02       2.450240987087e+04 
       1.312544202555e-02       2.455207946730e+04 
       1.325536075111e-02       2.459947568272e+04 
       1.338531564362e-02       2.464465332675e+04 
       1.351530673340e-02       2.468761079377e+04 
       1.364533407550e-02       2.472839318688e+04 
       1.377539774920e-02       2.476702427399e+04 
       1.390549785752e-02       2.480353679429e+04 
       1.403563452678e-02       2.483795191099e+04 
       1.416580790625e-02       2.487029516600e+04 
       1.429601816775e-02       2.490060078831e+04 
       1.442626550538e-02       2.492889807213e+04 
       1.455655013517e-02       2.495519784475e+04 
       1.468687229490e-02       2.497954284660e+04 
       1.481723224380e-02       2.500194280090e+04 
       1.494763026242e-02       2.502244062307e+04 
       1.507806665244e-02       2.504105654725e+04 
       1.520854173650e-02       2.505781342534e+04 
       1.533905585813e-02       2.507272456145e+04 
       1.546960938166e-02       2.508583780963e+04 
       1.560020269211e-02       2.509716508756e+04 
       1.573083619518e-02       2.510673049003e+04 
       1.586151031723e-02       2.511456950219e+04 
       1.599222550526e-02       2.512067954125e+04 
       1.612298222697e-02       2.512511307459e+04 
       1.625378097073e-02       2.512789039135e+04 
       1.638462224574e-02       2.512900027136e+04 
       1.651550658203e-02       2.512850285720e+04 
       1.664643453057e-02       2.512641596647e+04 
       1.677740666345e-02       2.512274915401e+04 
       1.690842357393e-02       2.511752970140e+04 
       1.703948587665e-02       2.511077995296e+04 
       1.717059420779e-02       2.510253061671e+04 
       1.730174922525e-02       2.509278675608e+04 
       1.743295160886e-02       2.508159172273e+04 
       1.756420206062e-02       2.506894974256e+04 
       1.769550130488e-02       2.505488685416e+04 
       1.782685008870e-02       2.503941804177e+04 
       1.795824918201e-02       2.502257677781e+04 
       1.808969937799e-02       2.500437953135e+04 
       1.822120149331e-02       2.498484315273e+04 
       1.835275636850e-02       2.496399216912e+04 
       1.848436486828e-02       2.494183283680e+04 
       1.861602788189e-02       2.491840323903e+04 
       1.874774632350e-02       2.489371959839e+04 
       1.887952113256e-02       2.486781870781e+04 
       1.901135327425e-02       2.484068389703e+04 
       1.914324373989e-02       2.481236282844e+04 
       1.927519354737e-02       2.478284992309e+04 
       1.940720374161e-02       2.475218762865e+04 
       1.953927539506e-02       2.472037795895e+04 
       1.967140960817e-02       2.468745343586e+04 
       1.980360750994e-02       2.465342658181e+04 
       1.993587025841e-02       2.461833684880e+04 
       2.006819904124e-02       2.458217813855e+04 
       2.020059507628e-02       2.454496463779e+04 
       2.033305961215e-02       2.450673352263e+04 
       2.046559392887e-02       2.446746057938e+04 
       2.059819933848e-02       2.442722721750e+04 
       2.073087718570e-02       2.438604096455e+04 
       2.086362884860e-02       2.434386096107e+04 
       2.099645573930e-02       2.430073676753e+04 
       2.112935930470e-02       2.425672692220e+04 
       2.126234102721e-02       2.421181995128e+04 
       2.139540242552e-02       2.416598356003e+04 
       2.152854505542e-02       2.411930228043e+04 
       2.166177051056e-02       2.407171071995e+04 
       2.179508042336e-02       2.402340186080e+04 
       2.192847646583e-02       2.397423503288e+04 
       2.206196035048e-02       2.392423997156e+04 
       2.219553383128e-02       2.387345140333e+04 
       2.232919870454e-02       2.382189996418e+04 
       2.246295680998e-02       2.376961188098e+04 
       2.259681003169e-02       2.371652682554e+04 
       2.273076029917e-02       2.366278881541e+04 
       2.286480958848e-02       2.360831258652e+04 
       2.299895992324e-02       2.355312991478e+04 
       2.313321337590e-02       2.349723407669e+04 
       2.326757206883e-02       2.344073239554e+04 
       2.340203817558e-02       2.338358512097e+04 
       2.353661392216e-02       2.332572239439e+04 
       2.367130158827e-02       2.326728624241e+04 
       2.380610350874e-02       2.320826745529e+04 
       2.394102207480e-02       2.314854433473e+04 
       2.407605973561e-02       2.308839892722e+04 
       2.421121899967e-02       2.302761671758e+04 
       2.434650243633e-02       2.296626205364e+04 
       2.448191267743e-02       2.290435257131e+04 
       2.461745241882e-02       2.284191603165e+04 
       2.475312442212e-02       2.277900884194e+04 
       2.488893151639e-02       2.271560384988e+04 
       2.502487659991e-02       2.265167824313e+04 
       2.516096264207e-02       2.258725295678e+04 
       2.529719268522e-02       2.252241739561e+04 
       2.543356984663e-02       2.245709502256e+04 
       2.557009732058e-02       2.239134301142e+04 
       2.570677838037e-02       2.232516876193e+04 
       2.584361638056e-02       2.225854637740e+04 
       2.598061475917e-02       2.219159497220e+04 
       2.611777704002e-02       2.212419536909e+04 
       2.625510683509e-02       2.205642516517e+04 
       2.639260784704e-02       2.198827932396e+04 
       2.653028387176e-02       2.191980391906e+04 
       2.666813880099e-02       2.185090779143e+04 
       2.680617662513e-02       2.178174384074e+04 
       2.694440143603e-02       2.171224577279e+04 
       2.708281742995e-02       2.164244144395e+04 
       2.722142891062e-02       2.157229110614e+04 
       2.736024029240e-02       2.150191205369e+04 
       2.749925610352e-02       2.143123853492e+04 
       2.763848098952e-02       2.136025074831e+04 
       2.777791971675e-02       2.128897340165e+04 
       2.791757717599e-02       2.121748877033e+04 
       2.805745838630e-02       2.114575851444e+04 
       2.819756849886e-02       2.107379443272e+04 
       2.833791280112e-02       2.100168560102e+04 
       2.847849672100e-02       2.092928766442e+04 
       2.861932583126e-02       2.085661543371e+04 
       2.876040585411e-02       2.078376833892e+04 
       2.890174266590e-02       2.071082900622e+04 
       2.904334230209e-02       2.063764856888e+04 
       2.918521096234e-02       2.056427276651e+04 
       2.932735501584e-02       2.049077043017e+04 
       2.946978100686e-02       2.041714152902e+04 
       2.961249566051e-02       2.034332879335e+04 
       2.975550588873e-02       2.026935345964e+04 
       2.989881879654e-02       2.019529725738e+04 
       3.004244168855e-02       2.012106822495e+04 
       3.018638207573e-02       2.004673626797e+04 
       3.033064768247e-02       1.997229032994e+04 
       3.047524645398e-02       1.989777192781e+04 
       3.062018656390e-02       1.982312901336e+04 
       3.076547642238e-02       1.974838577581e+04 
       3.091112468442e-02       1.967361430001e+04 
       3.105714025859e-02       1.959874686452e+04 
       3.120353231615e-02       1.952375481591e+04 
       3.135031030061e-02       1.944870547588e+04 
       3.149748393766e-02       1.937368124579e+04 
       3.164506324559e-02       1.929853652395e+04 
       3.179305854619e-02       1.922334871364e+04 
       3.194148047617e-02       1.914818095744e+04 
       3.209033999906e-02       1.907288663672e+04 
       3.223964841776e-02       1.899765410946e+04 
       3.238941738760e-02       1.892233949565e+04 
       3.253965893010e-02       1.884703713654e+04 
       3.269038544739e-02       1.877167521467e+04 
       3.284160973729e-02       1.869633718694e+04 
       3.299334500921e-02       1.862095873417e+04 
       3.314560490080e-02       1.854566757396e+04 
       3.329840349547e-02       1.847030737376e+04 
       3.345175534078e-02       1.839496966696e+04 
       3.360567546786e-02       1.831959691798e+04 
       3.376017941171e-02       1.824434730368e+04 
       3.391528323272e-02       1.816905928301e+04 
       3.407100353922e-02       1.809380619047e+04 
       3.422735751136e-02       1.801855950034e+04 
       3.438436292620e-02       1.794337824529e+04 
       3.454203818419e-02       1.786822329000e+04 
       3.470040233725e-02       1.779309501409e+04 
       3.485947511822e-02       1.771798262208e+04 
       3.501927697224e-02       1.764295055063e+04 
       3.517982908970e-02       1.756793131259e+04 
       3.534115344131e-02       1.749300050227e+04 
       3.550327281510e-02       1.741806439727e+04 
       3.566621085570e-02       1.734324887531e+04 
       3.582999210602e-02       1.726842813904e+04 
       3.599464205136e-02       1.719366649626e+04 
       3.616018716639e-02       1.711893941088e+04 
       3.632665496497e-02       1.704429061132e+04 
       3.649407405320e-02       1.696973868801e+04 
       3.666247418581e-02       1.689520623338e+04 
       3.683188632629e-02       1.682076365730e+04 
       3.700234271088e-02       1.674628795204e+04 
       3.717387691695e-02       1.667194770207e+04 
       3.734652393587e-02       1.659764195768e+04 
       3.752032025097e-02       1.652342051452e+04 
       3.769530392089e-02       1.644925109902e+04 
       3.787151466869e-02       1.637515101187e+04 
       3.804899397748e-02       1.630109335779e+04 
       3.822778519281e-02       1.622706370453e+04 
       3.840793363262e-02       1.615310181864e+04 
       3.858948670541e-02       1.607922570607e+04 
       3.877249403722e-02       1.600540555884e+04 
       3.895700760840e-02       1.593164009569e+04 
       3.914308190094e-02       1.585789505905e+04 
       3.933077405747e-02       1.578423426750e+04 
       3.952014405293e-02       1.571054623258e+04 
       3.971125488021e-02       1.563692515062e+04 
       3.990417275105e-02       1.556340434887e+04 
       4.009896731388e-02       1.548986643965e+04 
       4.029571189012e-02       1.541637889807e+04 
       4.049448373096e-02       1.534291576970e+04 
       4.069536429676e-02       1.526943336012e+04 
       4.089843956138e-02       1.519597764780e+04 
       4.110380034434e-02       1.512258762233e+04 
       4.131154267354e-02       1.504916690506e+04 
       4.152176818235e-02       1.497576585555e+04 
       4.173458454467e-02       1.490230794976e+04 
       4.195010595251e-02       1.482889691578e+04 
       4.216845364108e-02       1.475544928534e+04 
       4.238975646711e-02       1.468196206716e+04 
       4.261415154690e-02       1.460844824622e+04 
       4.284178496153e-02       1.453489027574e+04 
       4.307281253788e-02       1.446127357794e+04 
       4.330740071514e-02       1.438761365609e+04 
       4.354572750826e-02       1.431382660797e+04 
       4.378798358138e-02       1.423999290240e+04 
       4.403437344635e-02       1.416607525911e+04 
       4.428511680406e-02       1.409202987595e+04 
       4.454045004904e-02       1.401782623262e+04 
       4.480062796129e-02       1.394355415430e+04 
       4.506592561363e-02       1.386907382632e+04 
       4.533664052738e-02       1.379439841405e+04 
       4.561309511578e-02       1.371953420975e+04 
       4.589563946101e-02       1.364448227247e+04 
       4.618465448014e-02       1.356914413748e+04 
       4.648055554522e-02       1.349363696880e+04 
       4.678379663626e-02       1.341780090168e+04 
       4.709487512124e-02       1.334162934502e+04 
       4.741433727710e-02       1.326512904577e+04 
       4.774278468959e-02       1.318825642521e+04 
       4.808088169976e-02       1.311094379987e+04 
       4.842936410232e-02       1.303321975273e+04 
       4.878904934729e-02       1.295500322018e+04 
       4.916084855550e-02       1.287619865532e+04 
       4.954578073176e-02       1.279682161802e+04 
       4.994498965325e-02       1.271678987992e+04 
       5.035976402938e-02       1.263599650365e+04 
       5.079156168005e-02       1.255442438501e+04 
       5.124203867190e-02       1.247194138714e+04 
       5.171308459725e-02       1.238845610776e+04 
       5.220686549247e-02       1.230387904477e+04 
       5.272587628721e-02       1.221798774730e+04 
       5.327300517012e-02       1.213070532906e+04 
       5.385161286438e-02       1.204181238782e+04 
       5.446563052827e-02       1.195100337682e+04 
       5.511968080349e-02       1.185806828379e+04 
       5.581922732395e-02       1.176255486743e+04 
       5.657075852001e-02       1.166403013397e+04 
       5.738201125212e-02       1.156185416515e+04 
       5.826223754178e-02       1.145523683592e+04 
       5.922251120933e-02       1.134311332367e+04 
       6.027605646616e-02       1.122404260572e+04 
       6.143855042986e-02       1.109609806434e+04 
       6.272829571713e-02       1.095662822690e+04 
       6.416606666588e-02       1.080198974880e+04 
       6.577430483500e-02       1.062745330808e+04 
       6.757522617579e-02       1.042684185328e+04 
       6.958746293643e-02       1.019285092536e+04 
       7.182138353825e-02       9.917877105832e+03 
       7.427438163755e-02       9.595882802682e+03 
       7.692861429718e-02       9.224921153155e+03 
       7.975334167169e-02       8.809457644258e+03 
       8.271139746556e-02       8.360995810222e+03 
       8.576654114900e-02       7.896497852175e+03 
       8.888843439287e-02       7.435328161661e+03 
       9.205430585191e-02       6.995920058223e+03 
       9.524830915469e-02       6.593341619121e+03 
       9.845996023531e-02       6.237855897247e+03 
       1.016825458712e-01       5.934592180986e+03 
       1.049118553256e-01       5.683920759266e+03 
       1.081452811827e-01       5.482187845143e+03 
       1.113812214910e-01       5.322705652506e+03 
       1.146186966825e-01       5.196629126752e+03 
       1.178571094144e-01       5.093882401211e+03 
       1.210960959645e-01       5.004105554733e+03 
       1.243354349961e-01       4.917499820891e+03 
       1.275749918086e-01       4.825695354849e+03 
       1.308146843684e-01       4.722494395092e+03 
       1.340544626455e-01       4.604340060072e+03 
       1.372942960570e-01       4.470485745293e+03 
       1.405341658405e-01       4.322774214857e+03 
       1.437740604232e-01       4.165099540686e+03 
       1.470139726102e-01       4.002656650824e+03 
       1.502538978765e-01       3.841125300183e+03 
       1.534938333302e-01       3.685934945907e+03 
       1.567337770813e-01       3.541681362393e+03 
       1.599737278586e-01       3.411726517429e+03 
       1.632136847756e-01       3.298032045659e+03 
       1.664536471878e-01       3.201172668572e+03 
       1.696936146057e-01       3.120428670847e+03 
       1.729335866407e-01       3.054030339247e+03 
       1.761735629721e-01       2.999411561700e+03 
       1.794135433264e-01       2.953481707168e+03 
       1.826535274640e-01       2.912939572712e+03 
       1.858935151711e-01       2.875016806004e+03 
       1.891335062540e-01       2.836608666596e+03 
       1.923735005354e-01       2.795034228842e+03 
       1.956134978519e-01       2.748658056466e+03 
       1.988534980518e-01       2.696765842311e+03 
       2.020935009944e-01       2.639540453145e+03 
       2.053335065479e-01       2.577939260069e+03 
       2.085735145894e-01       2.513482261491e+03 
       2.118135250035e-01       2.447963913440e+03 
       2.150535376820e-01       2.383235932650e+03 
       2.182935525234e-01       2.320933808166e+03 
       2.215335694318e-01       2.262383448356e+03 
       2.247735883173e-01       2.208545532199e+03 
       2.280136090950e-01       2.159972277581e+03 
       2.312536316847e-01       2.116840540432e+03 
       2.344936560108e-01       2.078961934988e+03 
       2.377336820020e-01       2.045820540162e+03 
       2.409737095904e-01       2.016641879767e+03 
       2.442137387122e-01       1.990454320237e+03 
       2.474537693067e-01       1.966203744225e+03 
       2.506938013165e-01       1.942857296922e+03 
       2.539338346870e-01       1.919499462230e+03 
       2.571738693665e-01       1.895414461897e+03 
       2.604139053058e-01       1.870122966513e+03 
       2.636539424582e-01       1.843395817256e+03 
       2.668939807793e-01       1.815237012808e+03 
       2.701340202267e-01       1.785855368336e+03 
       2.733740607601e-01       1.755632837058e+03 
       2.766141023413e-01       1.725059485941e+03 
       2.798541449335e-01       1.694689130888e+03 
       2.830941885019e-01       1.665074032760e+03 
       2.863342330131e-01       1.636700063317e+03 
       2.895742784354e-01       1.609937469050e+03 
       2.928143247383e-01       1.585012549257e+03 
       2.960543718927e-01       1.561995774747e+03 
       2.992944198708e-01       1.540821515036e+03 
       3.025344686461e-01       1.521317059320e+03 
       3.057745181930e-01       1.503231882608e+03 
       3.090145684872e-01       1.486272019998e+03 
       3.122546195053e-01       1.470134376225e+03 
       3.154946712248e-01       1.454510053209e+03 
       3.187347236243e-01       1.439117399845e+03 
       3.219747766831e-01       1.423715747267e+03 
       3.252148303815e-01       1.408131416888e+03 
       3.284548847003e-01       1.392261139427e+03 
       3.316949396214e-01       1.376086208312e+03 
       3.349349951272e-01       1.359660131019e+03 
       3.381750512007e-01       1.343091610808e+03 
       3.414151078258e-01       1.326528350518e+03 
       3.446551649869e-01       1.310121170880e+03 
       3.478952226688e-01       1.294023433827e+03 
       3.511352808571e-01       1.278360754652e+03 
       3.543753395378e-01       1.263242769738e+03 
       3.576153986975e-01       1.248745128831e+03 
       3.608554583233e-01       1.234913607454e+03 
       3.640955184026e-01       1.221754439221e+03 
       3.673355789234e-01       1.209237126981e+03 
       3.705756398740e-01       1.197296714039e+03 
       3.738157012433e-01       1.185843536983e+03 
       3.770557630203e-01       1.174772887096e+03 
       3.802958251947e-01       1.163982236136e+03 
       3.835358877563e-01       1.153382314687e+03 
       3.867759506953e-01       1.142902853686e+03 
       3.900160140023e-01       1.132493055637e+03 
       3.932560776682e-01       1.122123710965e+03 
       3.964961416841e-01       1.111780225743e+03 
       3.997362060415e-01       1.101465373721e+03 
       4.029762707321e-01       1.091193699916e+03 
       4.062163357479e-01       1.080993357133e+03 
       4.094564010812e-01       1.070900522010e+03 
       4.126964667244e-01       1.060958531098e+03 
       4.159365326703e-01       1.051207672009e+03 
       4.191765989118e-01       1.041682106992e+03 
       4.224166654421e-01       1.032399770769e+03 
       4.256567322546e-01       1.023375335578e+03 
       4.288967993429e-01       1.014604349337e+03 
       4.321368667007e-01       1.006081184384e+03 
       4.353769343220e-01       9.977917817788e+02 
       4.386170022010e-01       9.897216304559e+02 
       4.418570703319e-01       9.818535758753e+02 
       4.450971387092e-01       9.741637614487e+02 
       4.483372073276e-01       9.666291312130e+02 
       4.515772761818e-01       9.592219191339e+02 
       4.548173452669e-01       9.519170914373e+02 
       4.580574145778e-01       9.446960186149e+02 
       4.612974841099e-01       9.375486181611e+02 
       4.645375538584e-01       9.304670546179e+02 
       4.677776238188e-01       9.234557955020e+02 
       4.710176939868e-01       9.165153094851e+02 
       4.742577643582e-01       9.096565674900e+02 
       4.774978349286e-01       9.028816311151e+02 
       4.807379056942e-01       8.961987451620e+02 
       4.839779766509e-01       8.896190183744e+02 
       4.872180477950e-01       8.831489524199e+02 
       4.904581191227e-01       8.768003581249e+02 
       4.936981906303e-01       8.705787375290e+02 
       4.969382623145e-01       8.644848774371e+02 
       5.001783341717e-01       8.585177506054e+02 
       5.034184061985e-01       8.526692197130e+02 
       5.066584783917e-01       8.469307416271e+02 
       5.098985507482e-01       8.412908072357e+02 
       5.131386232647e-01       8.357401200507e+02 
       5.163786959384e-01       8.302734216038e+02 
       5.196187687662e-01       8.248815642581e+02 
       5.228588417453e-01       8.195609441408e+02 
       5.260989148729e-01       8.143034932276e+02 
       5.488415966697e-01       7.790672658479e+02 
       5.738147365394e-01       7.440842805282e+02 
       6.016103987712e-01       7.091767514247e+02 
       6.330984571748e-01       6.735965939827e+02 
       6.696215108184e-01       6.369823037999e+02 
       7.133817401109e-01       5.983424635217e+02 
       7.682711019258e-01       5.563552567377e+02 
       8.417910505529e-01       5.087439388142e+02 
       9.495424846739e-01       4.518453827735e+02 
       1.122274439640e+00       3.816820572975e+02 
       1.391291207044e+00       3.030428595293e+02 
       1.750103138830e+00       2.307076493673e+02 
       2.203229341536e+00       1.694230158248e+02 
       2.773701354201e+00       1.198126682849e+02 
       3.491883119514e+00       8.178204859294e+01 
       4.396020394171e+00       5.413003048686e+01 
       5.534261784987e+00       3.492079761518e+01 
       6.967222796641e+00       2.206777068146e+01 
       8.771213828324e+00       1.372101423521e+01 
       1.104230398076e+01       8.425297946663e+00 
       1.390143708613e+01       5.124608206008e+00 
