0.000000000000000000e+00 1.000000000000000000e+00
7.827788649706457491e-03 1.000000000000000000e+00
1.565557729941291498e-02 1.000000000000000000e+00
2.348336594911937247e-02 1.000000000000000000e+00
3.131115459882582996e-02 1.000000000000000000e+00
3.913894324853228746e-02 1.000000000000000000e+00
4.696673189823874495e-02 1.000000000000000000e+00
5.479452054794520244e-02 1.000000000000000000e+00
6.262230919765165993e-02 1.000000000000000000e+00
7.045009784735811742e-02 1.000000000000000000e+00
7.827788649706457491e-02 1.000000000000000000e+00
8.610567514677103240e-02 1.000000000000000000e+00
9.393346379647748989e-02 1.000000000000000000e+00
1.017612524461839474e-01 1.000000000000000000e+00
1.095890410958904049e-01 1.000000000000000000e+00
1.174168297455968624e-01 1.000000000000000000e+00
1.252446183953033199e-01 1.000000000000000000e+00
1.330724070450097773e-01 1.000000000000000000e+00
1.409001956947162348e-01 1.000000000000000000e+00
1.487279843444226923e-01 1.000000000000000000e+00
1.565557729941291498e-01 1.000000000000000000e+00
1.643835616438356073e-01 1.000000000000000000e+00
1.722113502935420648e-01 1.000000000000000000e+00
1.800391389432485223e-01 1.000000000000000000e+00
1.878669275929549798e-01 1.000000000000000000e+00
1.956947162426614373e-01 1.000000000000000000e+00
2.035225048923678948e-01 1.000000000000000000e+00
2.113502935420743523e-01 1.000000000000000000e+00
2.191780821917808098e-01 1.000000000000000000e+00
2.270058708414872672e-01 1.000000000000000000e+00
2.348336594911937247e-01 1.000000000000000000e+00
2.426614481409001822e-01 1.000000000000000000e+00
2.504892367906066397e-01 1.000000000000000000e+00
2.583170254403130972e-01 1.000000000000000000e+00
2.661448140900195547e-01 1.000000000000000000e+00
2.739726027397260122e-01 1.000000000000000000e+00
2.818003913894324697e-01 1.000000000000000000e+00
2.896281800391389272e-01 1.000000000000000000e+00
2.974559686888453847e-01 1.000000000000000000e+00
3.052837573385518422e-01 1.000000000000000000e+00
3.131115459882582996e-01 1.000000000000000000e+00
3.209393346379647571e-01 1.000000000000000000e+00
3.287671232876712146e-01 1.000000000000000000e+00
3.365949119373776721e-01 1.000000000000000000e+00
3.444227005870841296e-01 1.000000000000000000e+00
3.522504892367905871e-01 1.000000000000000000e+00
3.600782778864970446e-01 1.000000000000000000e+00
3.679060665362035021e-01 1.000000000000000000e+00
3.757338551859099596e-01 1.000000000000000000e+00
3.835616438356164171e-01 1.000000000000000000e+00
3.913894324853228746e-01 1.000000000000000000e+00
3.992172211350293320e-01 1.000000000000000000e+00
4.070450097847357895e-01 1.000000000000000000e+00
4.148727984344422470e-01 1.000000000000000000e+00
4.227005870841487045e-01 1.000000000000000000e+00
4.305283757338551620e-01 1.000000000000000000e+00
4.383561643835616195e-01 1.000000000000000000e+00
4.461839530332680770e-01 1.000000000000000000e+00
4.540117416829745345e-01 1.000000000000000000e+00
4.618395303326809920e-01 1.000000000000000000e+00
4.696673189823874495e-01 1.000000000000000000e+00
4.774951076320939070e-01 1.000000000000000000e+00
4.853228962818003644e-01 1.000000000000000000e+00
4.931506849315068219e-01 1.000000000000000000e+00
5.009784735812132794e-01 1.000000000000000000e+00
5.088062622309197369e-01 1.000000000000000000e+00
5.166340508806261944e-01 1.000000000000000000e+00
5.244618395303326519e-01 1.000000000000000000e+00
5.322896281800391094e-01 1.000000000000000000e+00
5.401174168297455669e-01 1.000000000000000000e+00
5.479452054794520244e-01 1.000000000000000000e+00
5.557729941291584819e-01 1.000000000000000000e+00
5.636007827788649394e-01 1.000000000000000000e+00
5.714285714285713969e-01 1.000000000000000000e+00
5.792563600782778543e-01 1.000000000000000000e+00
5.870841487279843118e-01 1.000000000000000000e+00
5.949119373776907693e-01 1.000000000000000000e+00
6.027397260273972268e-01 1.000000000000000000e+00
6.105675146771036843e-01 1.000000000000000000e+00
6.183953033268101418e-01 1.000000000000000000e+00
6.262230919765165993e-01 1.000000000000000000e+00
6.340508806262230568e-01 1.000000000000000000e+00
6.418786692759295143e-01 1.000000000000000000e+00
6.497064579256359718e-01 1.000000000000000000e+00
6.575342465753424293e-01 1.000000000000000000e+00
6.653620352250488867e-01 1.000000000000000000e+00
6.731898238747553442e-01 1.000000000000000000e+00
6.810176125244618017e-01 1.000000000000000000e+00
6.888454011741682592e-01 1.000000000000000000e+00
6.966731898238747167e-01 1.000000000000000000e+00
7.045009784735811742e-01 1.000000000000000000e+00
7.123287671232876317e-01 1.000000000000000000e+00
7.201565557729940892e-01 1.000000000000000000e+00
7.279843444227005467e-01 1.000000000000000000e+00
7.358121330724070042e-01 1.000000000000000000e+00
7.436399217221134617e-01 1.000000000000000000e+00
7.514677103718199191e-01 1.000000000000000000e+00
7.592954990215263766e-01 1.000000000000000000e+00
7.671232876712328341e-01 1.000000000000000000e+00
7.749510763209392916e-01 1.000000000000000000e+00
7.827788649706457491e-01 1.000000000000000000e+00
7.906066536203522066e-01 1.000000000000000000e+00
7.984344422700586641e-01 1.000000000000000000e+00
8.062622309197651216e-01 1.000000000000000000e+00
8.140900195694715791e-01 1.000000000000000000e+00
8.219178082191780366e-01 1.000000000000000000e+00
8.297455968688844941e-01 1.000000000000000000e+00
8.375733855185909515e-01 1.000000000000000000e+00
8.454011741682974090e-01 1.000000000000000000e+00
8.532289628180038665e-01 1.000000000000000000e+00
8.610567514677103240e-01 1.000000000000000000e+00
8.688845401174167815e-01 1.000000000000000000e+00
8.767123287671232390e-01 1.000000000000000000e+00
8.845401174168296965e-01 1.000000000000000000e+00
8.923679060665361540e-01 1.000000000000000000e+00
9.001956947162426115e-01 1.000000000000000000e+00
9.080234833659490690e-01 1.000000000000000000e+00
9.158512720156555265e-01 1.000000000000000000e+00
9.236790606653619840e-01 1.000000000000000000e+00
9.315068493150684414e-01 1.000000000000000000e+00
9.393346379647748989e-01 1.000000000000000000e+00
9.471624266144813564e-01 1.000000000000000000e+00
9.549902152641878139e-01 1.000000000000000000e+00
9.628180039138942714e-01 1.000000000000000000e+00
9.706457925636007289e-01 1.000000000000000000e+00
9.784735812133071864e-01 1.000000000000000000e+00
9.863013698630136439e-01 1.000000000000000000e+00
9.941291585127201014e-01 1.000000000000000000e+00
1.001956947162426559e+00 1.000000000000000000e+00
1.009784735812133016e+00 1.000000000000000000e+00
1.017612524461839474e+00 1.000000000000000000e+00
1.025440313111545931e+00 1.000000000000000000e+00
1.033268101761252389e+00 1.000000000000000000e+00
1.041095890410958846e+00 1.000000000000000000e+00
1.048923679060665304e+00 1.000000000000000000e+00
1.056751467710371761e+00 1.000000000000000000e+00
1.064579256360078219e+00 1.000000000000000000e+00
1.072407045009784676e+00 1.000000000000000000e+00
1.080234833659491134e+00 1.000000000000000000e+00
1.088062622309197591e+00 1.000000000000000000e+00
1.095890410958904049e+00 1.000000000000000000e+00
1.103718199608610506e+00 1.000000000000000000e+00
1.111545988258316964e+00 1.000000000000000000e+00
1.119373776908023421e+00 1.000000000000000000e+00
1.127201565557729879e+00 1.000000000000000000e+00
1.135029354207436336e+00 1.000000000000000000e+00
1.142857142857142794e+00 1.000000000000000000e+00
1.150684931506849251e+00 1.000000000000000000e+00
1.158512720156555709e+00 1.000000000000000000e+00
1.166340508806262166e+00 1.000000000000000000e+00
1.174168297455968624e+00 1.000000000000000000e+00
1.181996086105675081e+00 1.000000000000000000e+00
1.189823874755381539e+00 1.000000000000000000e+00
1.197651663405087996e+00 1.000000000000000000e+00
1.205479452054794454e+00 1.000000000000000000e+00
1.213307240704500911e+00 1.000000000000000000e+00
1.221135029354207369e+00 1.000000000000000000e+00
1.228962818003913826e+00 1.000000000000000000e+00
1.236790606653620284e+00 1.000000000000000000e+00
1.244618395303326741e+00 1.000000000000000000e+00
1.252446183953033199e+00 1.000000000000000000e+00
1.260273972602739656e+00 1.000000000000000000e+00
1.268101761252446114e+00 1.000000000000000000e+00
1.275929549902152571e+00 1.000000000000000000e+00
1.283757338551859029e+00 1.000000000000000000e+00
1.291585127201565486e+00 1.000000000000000000e+00
1.299412915851271944e+00 1.000000000000000000e+00
1.307240704500978401e+00 1.000000000000000000e+00
1.315068493150684859e+00 1.000000000000000000e+00
1.322896281800391316e+00 1.000000000000000000e+00
1.330724070450097773e+00 1.000000000000000000e+00
1.338551859099804231e+00 1.000000000000000000e+00
1.346379647749510688e+00 1.000000000000000000e+00
1.354207436399217146e+00 1.000000000000000000e+00
1.362035225048923603e+00 1.000000000000000000e+00
1.369863013698630061e+00 1.000000000000000000e+00
1.377690802348336518e+00 1.000000000000000000e+00
1.385518590998042976e+00 1.000000000000000000e+00
1.393346379647749433e+00 1.000000000000000000e+00
1.401174168297455891e+00 1.000000000000000000e+00
1.409001956947162348e+00 1.000000000000000000e+00
1.416829745596868806e+00 1.000000000000000000e+00
1.424657534246575263e+00 1.000000000000000000e+00
1.432485322896281721e+00 1.000000000000000000e+00
1.440313111545988178e+00 1.000000000000000000e+00
1.448140900195694636e+00 1.000000000000000000e+00
1.455968688845401093e+00 1.000000000000000000e+00
1.463796477495107551e+00 1.000000000000000000e+00
1.471624266144814008e+00 1.000000000000000000e+00
1.479452054794520466e+00 1.000000000000000000e+00
1.487279843444226923e+00 1.000000000000000000e+00
1.495107632093933381e+00 1.000000000000000000e+00
1.502935420743639838e+00 1.000000000000000000e+00
1.510763209393346296e+00 1.000000000000000000e+00
1.518590998043052753e+00 1.000000000000000000e+00
1.526418786692759211e+00 1.000000000000000000e+00
1.534246575342465668e+00 1.000000000000000000e+00
1.542074363992172126e+00 1.000000000000000000e+00
1.549902152641878583e+00 1.000000000000000000e+00
1.557729941291585041e+00 1.000000000000000000e+00
1.565557729941291498e+00 1.000000000000000000e+00
1.573385518590997956e+00 1.000000000000000000e+00
1.581213307240704413e+00 1.000000000000000000e+00
1.589041095890410871e+00 1.000000000000000000e+00
1.596868884540117328e+00 1.000000000000000000e+00
1.604696673189823786e+00 1.000000000000000000e+00
1.612524461839530243e+00 1.000000000000000000e+00
1.620352250489236701e+00 1.000000000000000000e+00
1.628180039138943158e+00 1.000000000000000000e+00
1.636007827788649616e+00 1.000000000000000000e+00
1.643835616438356073e+00 1.000000000000000000e+00
1.651663405088062531e+00 1.000000000000000000e+00
1.659491193737768988e+00 1.000000000000000000e+00
1.667318982387475446e+00 1.000000000000000000e+00
1.675146771037181903e+00 1.000000000000000000e+00
1.682974559686888361e+00 1.000000000000000000e+00
1.690802348336594818e+00 1.000000000000000000e+00
1.698630136986301276e+00 1.000000000000000000e+00
1.706457925636007733e+00 1.000000000000000000e+00
1.714285714285714191e+00 1.000000000000000000e+00
1.722113502935420648e+00 1.000000000000000000e+00
1.729941291585127106e+00 1.000000000000000000e+00
1.737769080234833563e+00 1.000000000000000000e+00
1.745596868884540021e+00 1.000000000000000000e+00
1.753424657534246478e+00 1.000000000000000000e+00
1.761252446183952935e+00 1.000000000000000000e+00
1.769080234833659393e+00 1.000000000000000000e+00
1.776908023483365850e+00 1.000000000000000000e+00
1.784735812133072308e+00 1.000000000000000000e+00
1.792563600782778765e+00 1.000000000000000000e+00
1.800391389432485223e+00 1.000000000000000000e+00
1.808219178082191680e+00 1.000000000000000000e+00
1.816046966731898138e+00 1.000000000000000000e+00
1.823874755381604595e+00 1.000000000000000000e+00
1.831702544031311053e+00 1.000000000000000000e+00
1.839530332681017510e+00 1.000000000000000000e+00
1.847358121330723968e+00 1.000000000000000000e+00
1.855185909980430425e+00 1.000000000000000000e+00
1.863013698630136883e+00 1.000000000000000000e+00
1.870841487279843340e+00 1.000000000000000000e+00
1.878669275929549798e+00 1.000000000000000000e+00
1.886497064579256255e+00 1.000000000000000000e+00
1.894324853228962713e+00 1.000000000000000000e+00
1.902152641878669170e+00 1.000000000000000000e+00
1.909980430528375628e+00 1.000000000000000000e+00
1.917808219178082085e+00 1.000000000000000000e+00
1.925636007827788543e+00 1.000000000000000000e+00
1.933463796477495000e+00 1.000000000000000000e+00
1.941291585127201458e+00 1.000000000000000000e+00
1.949119373776907915e+00 1.000000000000000000e+00
1.956947162426614373e+00 1.000000000000000000e+00
1.964774951076320830e+00 1.000000000000000000e+00
1.972602739726027288e+00 1.000000000000000000e+00
1.980430528375733745e+00 1.000000000000000000e+00
1.988258317025440203e+00 1.000000000000000000e+00
1.996086105675146660e+00 1.000000000000000000e+00
2.003913894324853118e+00 1.000000000000000000e+00
2.011741682974559797e+00 1.000000000000000000e+00
2.019569471624266033e+00 1.000000000000000000e+00
2.027397260273972712e+00 1.000000000000000000e+00
2.035225048923678948e+00 1.000000000000000000e+00
2.043052837573385627e+00 1.000000000000000000e+00
2.050880626223091863e+00 1.000000000000000000e+00
2.058708414872798542e+00 1.000000000000000000e+00
2.066536203522504778e+00 1.000000000000000000e+00
2.074363992172211457e+00 1.000000000000000000e+00
2.082191780821917693e+00 1.000000000000000000e+00
2.090019569471624372e+00 1.000000000000000000e+00
2.097847358121330608e+00 1.000000000000000000e+00
2.105675146771037287e+00 1.000000000000000000e+00
2.113502935420743523e+00 1.000000000000000000e+00
2.121330724070450202e+00 1.000000000000000000e+00
2.129158512720156438e+00 1.000000000000000000e+00
2.136986301369863117e+00 1.000000000000000000e+00
2.144814090019569353e+00 1.000000000000000000e+00
2.152641878669276032e+00 1.000000000000000000e+00
2.160469667318982268e+00 1.000000000000000000e+00
2.168297455968688947e+00 1.000000000000000000e+00
2.176125244618395183e+00 1.000000000000000000e+00
2.183953033268101862e+00 1.000000000000000000e+00
2.191780821917808098e+00 1.000000000000000000e+00
2.199608610567514777e+00 1.000000000000000000e+00
2.207436399217221012e+00 1.000000000000000000e+00
2.215264187866927692e+00 1.000000000000000000e+00
2.223091976516633927e+00 1.000000000000000000e+00
2.230919765166340607e+00 1.000000000000000000e+00
2.238747553816046842e+00 1.000000000000000000e+00
2.246575342465753522e+00 1.000000000000000000e+00
2.254403131115459757e+00 1.000000000000000000e+00
2.262230919765166437e+00 1.000000000000000000e+00
2.270058708414872672e+00 1.000000000000000000e+00
2.277886497064579352e+00 1.000000000000000000e+00
2.285714285714285587e+00 1.000000000000000000e+00
2.293542074363992267e+00 1.000000000000000000e+00
2.301369863013698502e+00 1.000000000000000000e+00
2.309197651663405182e+00 1.000000000000000000e+00
2.317025440313111417e+00 1.000000000000000000e+00
2.324853228962818097e+00 1.000000000000000000e+00
2.332681017612524332e+00 1.000000000000000000e+00
2.340508806262231012e+00 1.000000000000000000e+00
2.348336594911937247e+00 1.000000000000000000e+00
2.356164383561643927e+00 1.000000000000000000e+00
2.363992172211350162e+00 1.000000000000000000e+00
2.371819960861056842e+00 1.000000000000000000e+00
2.379647749510763077e+00 1.000000000000000000e+00
2.387475538160469757e+00 1.000000000000000000e+00
2.395303326810175992e+00 1.000000000000000000e+00
2.403131115459882672e+00 1.000000000000000000e+00
2.410958904109588907e+00 1.000000000000000000e+00
2.418786692759295587e+00 1.000000000000000000e+00
2.426614481409001822e+00 1.000000000000000000e+00
2.434442270058708502e+00 1.000000000000000000e+00
2.442270058708414737e+00 1.000000000000000000e+00
2.450097847358121417e+00 1.000000000000000000e+00
2.457925636007827652e+00 1.000000000000000000e+00
2.465753424657534332e+00 1.000000000000000000e+00
2.473581213307240567e+00 1.000000000000000000e+00
2.481409001956947247e+00 1.000000000000000000e+00
2.489236790606653482e+00 1.000000000000000000e+00
2.497064579256360162e+00 1.000000000000000000e+00
2.504892367906066397e+00 1.000000000000000000e+00
2.512720156555773077e+00 1.000000000000000000e+00
2.520547945205479312e+00 1.000000000000000000e+00
2.528375733855185992e+00 1.000000000000000000e+00
2.536203522504892227e+00 1.000000000000000000e+00
2.544031311154598907e+00 1.000000000000000000e+00
2.551859099804305142e+00 1.000000000000000000e+00
2.559686888454011822e+00 1.000000000000000000e+00
2.567514677103718057e+00 1.000000000000000000e+00
2.575342465753424737e+00 1.000000000000000000e+00
2.583170254403130972e+00 1.000000000000000000e+00
2.590998043052837652e+00 1.000000000000000000e+00
2.598825831702543887e+00 1.000000000000000000e+00
2.606653620352250567e+00 1.000000000000000000e+00
2.614481409001956802e+00 1.000000000000000000e+00
2.622309197651663482e+00 1.000000000000000000e+00
2.630136986301369717e+00 1.000000000000000000e+00
2.637964774951076397e+00 1.000000000000000000e+00
2.645792563600782632e+00 1.000000000000000000e+00
2.653620352250489312e+00 1.000000000000000000e+00
2.661448140900195547e+00 1.000000000000000000e+00
2.669275929549902227e+00 1.000000000000000000e+00
2.677103718199608462e+00 1.000000000000000000e+00
2.684931506849315141e+00 1.000000000000000000e+00
2.692759295499021377e+00 1.000000000000000000e+00
2.700587084148728056e+00 1.000000000000000000e+00
2.708414872798434292e+00 1.000000000000000000e+00
2.716242661448140971e+00 1.000000000000000000e+00
2.724070450097847207e+00 1.000000000000000000e+00
2.731898238747553886e+00 1.000000000000000000e+00
2.739726027397260122e+00 1.000000000000000000e+00
2.747553816046966801e+00 1.000000000000000000e+00
2.755381604696673037e+00 1.000000000000000000e+00
2.763209393346379716e+00 1.000000000000000000e+00
2.771037181996085952e+00 1.000000000000000000e+00
2.778864970645792631e+00 1.000000000000000000e+00
2.786692759295498867e+00 1.000000000000000000e+00
2.794520547945205546e+00 1.000000000000000000e+00
2.802348336594911782e+00 1.000000000000000000e+00
2.810176125244618461e+00 1.000000000000000000e+00
2.818003913894324697e+00 1.000000000000000000e+00
2.825831702544031376e+00 1.000000000000000000e+00
2.833659491193737612e+00 1.000000000000000000e+00
2.841487279843444291e+00 1.000000000000000000e+00
2.849315068493150527e+00 1.000000000000000000e+00
2.857142857142857206e+00 1.000000000000000000e+00
2.864970645792563442e+00 1.000000000000000000e+00
2.872798434442270121e+00 1.000000000000000000e+00
2.880626223091976357e+00 1.000000000000000000e+00
2.888454011741683036e+00 1.000000000000000000e+00
2.896281800391389272e+00 1.000000000000000000e+00
2.904109589041095951e+00 1.000000000000000000e+00
2.911937377690802187e+00 1.000000000000000000e+00
2.919765166340508866e+00 1.000000000000000000e+00
2.927592954990215102e+00 1.000000000000000000e+00
2.935420743639921781e+00 1.000000000000000000e+00
2.943248532289628017e+00 1.000000000000000000e+00
2.951076320939334696e+00 1.000000000000000000e+00
2.958904109589040932e+00 1.000000000000000000e+00
2.966731898238747611e+00 1.000000000000000000e+00
2.974559686888453847e+00 1.000000000000000000e+00
2.982387475538160526e+00 1.000000000000000000e+00
2.990215264187866762e+00 1.000000000000000000e+00
2.998043052837573441e+00 1.000000000000000000e+00
3.005870841487279677e+00 1.000000000000000000e+00
3.013698630136986356e+00 1.000000000000000000e+00
3.021526418786692592e+00 1.000000000000000000e+00
3.029354207436399271e+00 1.000000000000000000e+00
3.037181996086105507e+00 1.000000000000000000e+00
3.045009784735812186e+00 1.000000000000000000e+00
3.052837573385518422e+00 1.000000000000000000e+00
3.060665362035225101e+00 1.000000000000000000e+00
3.068493150684931337e+00 1.000000000000000000e+00
3.076320939334638016e+00 1.000000000000000000e+00
3.084148727984344251e+00 1.000000000000000000e+00
3.091976516634050931e+00 1.000000000000000000e+00
3.099804305283757166e+00 1.000000000000000000e+00
3.107632093933463846e+00 1.000000000000000000e+00
3.115459882583170081e+00 1.000000000000000000e+00
3.123287671232876761e+00 1.000000000000000000e+00
3.131115459882582996e+00 1.000000000000000000e+00
3.138943248532289676e+00 1.000000000000000000e+00
3.146771037181995911e+00 1.000000000000000000e+00
3.154598825831702591e+00 1.000000000000000000e+00
3.162426614481408826e+00 1.000000000000000000e+00
3.170254403131115506e+00 1.000000000000000000e+00
3.178082191780821741e+00 1.000000000000000000e+00
3.185909980430528421e+00 1.000000000000000000e+00
3.193737769080234656e+00 1.000000000000000000e+00
3.201565557729941336e+00 1.000000000000000000e+00
3.209393346379647571e+00 1.000000000000000000e+00
3.217221135029354251e+00 1.000000000000000000e+00
3.225048923679060486e+00 1.000000000000000000e+00
3.232876712328767166e+00 1.000000000000000000e+00
3.240704500978473401e+00 1.000000000000000000e+00
3.248532289628180081e+00 1.000000000000000000e+00
3.256360078277886316e+00 1.000000000000000000e+00
3.264187866927592996e+00 1.000000000000000000e+00
3.272015655577299231e+00 1.000000000000000000e+00
3.279843444227005911e+00 1.000000000000000000e+00
3.287671232876712146e+00 1.000000000000000000e+00
3.295499021526418826e+00 1.000000000000000000e+00
3.303326810176125061e+00 1.000000000000000000e+00
3.311154598825831741e+00 1.000000000000000000e+00
3.318982387475537976e+00 1.000000000000000000e+00
3.326810176125244656e+00 1.000000000000000000e+00
3.334637964774950891e+00 1.000000000000000000e+00
3.342465753424657571e+00 1.000000000000000000e+00
3.350293542074363806e+00 1.000000000000000000e+00
3.358121330724070486e+00 1.000000000000000000e+00
3.365949119373776721e+00 1.000000000000000000e+00
3.373776908023483401e+00 1.000000000000000000e+00
3.381604696673189636e+00 1.000000000000000000e+00
3.389432485322896316e+00 1.000000000000000000e+00
3.397260273972602551e+00 1.000000000000000000e+00
3.405088062622309231e+00 1.000000000000000000e+00
3.412915851272015466e+00 1.000000000000000000e+00
3.420743639921722146e+00 1.000000000000000000e+00
3.428571428571428381e+00 1.000000000000000000e+00
3.436399217221135061e+00 1.000000000000000000e+00
3.444227005870841296e+00 1.000000000000000000e+00
3.452054794520547976e+00 1.000000000000000000e+00
3.459882583170254211e+00 1.000000000000000000e+00
3.467710371819960891e+00 1.000000000000000000e+00
3.475538160469667126e+00 1.000000000000000000e+00
3.483365949119373806e+00 1.000000000000000000e+00
3.491193737769080041e+00 1.000000000000000000e+00
3.499021526418786721e+00 1.000000000000000000e+00
3.506849315068492956e+00 1.000000000000000000e+00
3.514677103718199636e+00 1.000000000000000000e+00
3.522504892367905871e+00 1.000000000000000000e+00
3.530332681017612551e+00 1.000000000000000000e+00
3.538160469667318786e+00 1.000000000000000000e+00
3.545988258317025466e+00 1.000000000000000000e+00
3.553816046966731701e+00 1.000000000000000000e+00
3.561643835616438380e+00 1.000000000000000000e+00
3.569471624266144616e+00 1.000000000000000000e+00
3.577299412915851295e+00 1.000000000000000000e+00
3.585127201565557531e+00 1.000000000000000000e+00
3.592954990215264210e+00 1.000000000000000000e+00
3.600782778864970446e+00 1.000000000000000000e+00
3.608610567514677125e+00 1.000000000000000000e+00
3.616438356164383361e+00 1.000000000000000000e+00
3.624266144814090040e+00 1.000000000000000000e+00
3.632093933463796276e+00 1.000000000000000000e+00
3.639921722113502955e+00 1.000000000000000000e+00
3.647749510763209191e+00 1.000000000000000000e+00
3.655577299412915870e+00 1.000000000000000000e+00
3.663405088062622106e+00 1.000000000000000000e+00
3.671232876712328785e+00 1.000000000000000000e+00
3.679060665362035021e+00 1.000000000000000000e+00
3.686888454011741700e+00 1.000000000000000000e+00
3.694716242661447936e+00 1.000000000000000000e+00
3.702544031311154615e+00 1.000000000000000000e+00
3.710371819960860851e+00 1.000000000000000000e+00
3.718199608610567530e+00 1.000000000000000000e+00
3.726027397260273766e+00 1.000000000000000000e+00
3.733855185909980445e+00 1.000000000000000000e+00
3.741682974559686681e+00 1.000000000000000000e+00
3.749510763209393360e+00 1.000000000000000000e+00
3.757338551859099596e+00 1.000000000000000000e+00
3.765166340508806275e+00 1.000000000000000000e+00
3.772994129158512511e+00 1.000000000000000000e+00
3.780821917808219190e+00 1.000000000000000000e+00
3.788649706457925426e+00 1.000000000000000000e+00
3.796477495107632105e+00 1.000000000000000000e+00
3.804305283757338341e+00 1.000000000000000000e+00
3.812133072407045020e+00 1.000000000000000000e+00
3.819960861056751256e+00 1.000000000000000000e+00
3.827788649706457935e+00 1.000000000000000000e+00
3.835616438356164171e+00 1.000000000000000000e+00
3.843444227005870850e+00 1.000000000000000000e+00
3.851272015655577086e+00 1.000000000000000000e+00
3.859099804305283765e+00 1.000000000000000000e+00
3.866927592954990001e+00 1.000000000000000000e+00
3.874755381604696680e+00 1.000000000000000000e+00
3.882583170254402916e+00 1.000000000000000000e+00
3.890410958904109595e+00 1.000000000000000000e+00
3.898238747553815831e+00 1.000000000000000000e+00
3.906066536203522510e+00 1.000000000000000000e+00
3.913894324853228746e+00 1.000000000000000000e+00
3.921722113502935425e+00 1.000000000000000000e+00
3.929549902152641661e+00 1.000000000000000000e+00
3.937377690802348340e+00 1.000000000000000000e+00
3.945205479452054576e+00 1.000000000000000000e+00
3.953033268101761255e+00 1.000000000000000000e+00
3.960861056751467490e+00 1.000000000000000000e+00
3.968688845401174170e+00 1.000000000000000000e+00
3.976516634050880405e+00 1.000000000000000000e+00
3.984344422700587085e+00 1.000000000000000000e+00
3.992172211350293320e+00 1.000000000000000000e+00
4.000000000000000000e+00 1.000000000000000000e+00
