3.424657534246575152e-03 2.659973519330686466e-03
1.027397260273972546e-02 5.576578364846286433e-03
1.712328767123287576e-02 7.916986774806034424e-03
2.397260273972602607e-02 1.000956374576882600e-02
3.082191780821917637e-02 1.195761267378097313e-02
3.767123287671232668e-02 1.381051994293171388e-02
4.452054794520547698e-02 1.559667904717898339e-02
5.136986301369862729e-02 1.733429229386791726e-02
5.821917808219177759e-02 1.903591384618181018e-02
6.506849315068492789e-02 2.071067396418969919e-02
7.191780821917807820e-02 2.236548775450165893e-02
7.876712328767122850e-02 2.400576443161056908e-02
8.561643835616437881e-02 2.563584879799639393e-02
9.246575342465752911e-02 2.725930925236841329e-02
9.931506849315067942e-02 2.887913300979549208e-02
1.061643835616438297e-01 3.049786272279332577e-02
1.130136986301369800e-01 3.211769469392835447e-02
1.198630136986301303e-01 3.374055114295197028e-02
1.267123287671232945e-01 3.536813445693847563e-02
1.335616438356164448e-01 3.700196863821599014e-02
1.404109589041095951e-01 3.864343147185884952e-02
1.472602739726027454e-01 4.029377983804920127e-02
1.541095890410958957e-01 4.195416988210250164e-02
1.609589041095890460e-01 4.362567326856581912e-02
1.678082191780821963e-01 4.530929041524322382e-02
1.746575342465753466e-01 4.700596137040168737e-02
1.815068493150684970e-01 4.871657483243026221e-02
1.883561643835616473e-01 5.044197568096649154e-02
1.952054794520547976e-01 5.218297132478166844e-02
2.020547945205479479e-01 5.394033708014427109e-02
2.089041095890410982e-01 5.571482075974096976e-02
2.157534246575342485e-01 5.750714661260498961e-02
2.226027397260273988e-01 5.931801872606921877e-02
2.294520547945205491e-01 6.114812397919625053e-02
2.363013698630136994e-01 6.299813462017427035e-02
2.431506849315068497e-01 6.486871052668417847e-02
2.500000000000000000e-01 6.676050119751256173e-02
2.568493150684931781e-01 6.867414751562976594e-02
2.636986301369863006e-01 7.061028331547358761e-02
2.705479452054794787e-01 7.256953678222653747e-02
2.773972602739726012e-01 7.455253170618854341e-02
2.842465753424657793e-01 7.655988861151431790e-02
2.910958904109589018e-01 7.859222577600377679e-02
2.979452054794520799e-01 8.065016015569383134e-02
3.047945205479452024e-01 8.273430822621014036e-02
3.116438356164383805e-01 8.484528675103145123e-02
3.184931506849315030e-01 8.698371348431784000e-02
3.253424657534246811e-01 8.915020782322234660e-02
3.321917808219178037e-01 9.134539139394880214e-02
3.390410958904109817e-01 9.356988861419215930e-02
3.458904109589041043e-01 9.582432719980131519e-02
3.527397260273972823e-01 9.810933864214693712e-02
3.595890410958904049e-01 1.004255586524611527e-01
3.664383561643835829e-01 1.027736275774632502e-01
3.732876712328767055e-01 1.051541907891020700e-01
3.801369863013698835e-01 1.075678990509071342e-01
3.869863013698630061e-01 1.100154088631292715e-01
3.938356164383561842e-01 1.124973827886108918e-01
4.006849315068493067e-01 1.150144897610695244e-01
4.075342465753424848e-01 1.175674053773027722e-01
4.143835616438356073e-01 1.201568121746338924e-01
4.212328767123287854e-01 1.227833998947619465e-01
4.280821917808219079e-01 1.254478657350507342e-01
4.349315068493150860e-01 1.281509145881747913e-01
4.417808219178082085e-01 1.308932592778611625e-01
4.486301369863013866e-01 1.336756207427514387e-01
4.554794520547945091e-01 1.364987283151217479e-01
4.623287671232876872e-01 1.393633198514544203e-01
4.691780821917808098e-01 1.422701419588965066e-01
4.760273972602739878e-01 1.452199501718988151e-01
4.828767123287671104e-01 1.482135091280781802e-01
4.897260273972602884e-01 1.512515927366935575e-01
4.965753424657534110e-01 1.543349843399705879e-01
5.034246575342465890e-01 1.574644768675139417e-01
5.102739726027397671e-01 1.606408729839884364e-01
5.171232876712328341e-01 1.638649852313778243e-01
5.239726027397260122e-01 1.671376361578567893e-01
5.308219178082191902e-01 1.704596584576139329e-01
5.376712328767123683e-01 1.738318950812784425e-01
5.445205479452054353e-01 1.772551993574073559e-01
5.513698630136986134e-01 1.807304351007772980e-01
5.582191780821917915e-01 1.842584767155996117e-01
5.650684931506849695e-01 1.878402092924324196e-01
5.719178082191780366e-01 1.914765286987802628e-01
5.787671232876712146e-01 1.951683416632880863e-01
5.856164383561643927e-01 1.989165658534809700e-01
5.924657534246575707e-01 2.027221299469235127e-01
5.993150684931506378e-01 2.065859736955800163e-01
6.061643835616438158e-01 2.105090479841527917e-01
6.130136986301369939e-01 2.144923148795183643e-01
6.198630136986301720e-01 2.185367476756822358e-01
6.267123287671232390e-01 2.226433309295249852e-01
6.335616438356164171e-01 2.268130604898803415e-01
6.404109589041095951e-01 2.310469435188785003e-01
6.472602739726027732e-01 2.353459985054542625e-01
6.541095890410958402e-01 2.397112552708292876e-01
6.609589041095890183e-01 2.441437549657425599e-01
6.678082191780821963e-01 2.486445500591990543e-01
6.746575342465753744e-01 2.532147043184843627e-01
6.815068493150684414e-01 2.578552927807599704e-01
6.883561643835616195e-01 2.625674017129023263e-01
6.952054794520547976e-01 2.673521285664474667e-01
7.020547945205479756e-01 2.722105819180657971e-01
7.089041095890410427e-01 2.771438814050432575e-01
7.157534246575342207e-01 2.821531576431378086e-01
7.226027397260273988e-01 2.872395521409703001e-01
7.294520547945205768e-01 2.924042171998161299e-01
7.363013698630136439e-01 2.976483158028636056e-01
7.431506849315068219e-01 3.029730214928441634e-01
7.500000000000000000e-01 3.083795182377651600e-01
7.568493150684931781e-01 3.138690002843418370e-01
7.636986301369863561e-01 3.194426719988523455e-01
7.705479452054794232e-01 3.251017476948062090e-01
7.773972602739726012e-01 3.308474514484376350e-01
7.842465753424657793e-01 3.366810168979627593e-01
7.910958904109589573e-01 3.426036870316744865e-01
7.979452054794520244e-01 3.486167139600282461e-01
8.047945205479452024e-01 3.547213586732798074e-01
8.116438356164383805e-01 3.609188907839595006e-01
8.184931506849315586e-01 3.672105882537647359e-01
8.253424657534246256e-01 3.735977371045349216e-01
8.321917808219178037e-01 3.800816311128625835e-01
8.390410958904109817e-01 3.866635714879874675e-01
8.458904109589041598e-01 3.933448665325394722e-01
8.527397260273972268e-01 4.001268312857693132e-01
8.595890410958904049e-01 4.070107871488273799e-01
8.664383561643835829e-01 4.139980614917004309e-01
8.732876712328767610e-01 4.210899872414027856e-01
8.801369863013698280e-01 4.282879024510189980e-01
8.869863013698630061e-01 4.355931498491857901e-01
8.938356164383561842e-01 4.430070763696050129e-01
9.006849315068493622e-01 4.505310326601763560e-01
9.075342465753424293e-01 4.581663725713777668e-01
9.143835616438356073e-01 4.659144526234630379e-01
9.212328767123287854e-01 4.737766314520791555e-01
9.280821917808219634e-01 4.817542692319187747e-01
9.349315068493150305e-01 4.898487270780313985e-01
9.417808219178082085e-01 4.980613664243635497e-01
9.486301369863013866e-01 5.063935483792078029e-01
9.554794520547945647e-01 5.148466330571092042e-01
9.623287671232876317e-01 5.234219788869458601e-01
9.691780821917808098e-01 5.321209418957715265e-01
9.760273972602739878e-01 5.409448749680744184e-01
9.828767123287671659e-01 5.498951270801154534e-01
9.897260273972602329e-01 5.589730425090216892e-01
9.965753424657534110e-01 5.681799600163219832e-01
1.003424657534246478e+00 5.775172120055802605e-01
1.010273972602739656e+00 5.869861236538477245e-01
1.017123287671232834e+00 5.965880120167207368e-01
1.023972602739726012e+00 6.063241851065759302e-01
1.030821917808219190e+00 6.161959409439408120e-01
1.037671232876712368e+00 6.262045665815552109e-01
1.044520547945205546e+00 6.363513371011940700e-01
1.051369863013698724e+00 6.466375145823491932e-01
1.058219178082191680e+00 6.570643470440579170e-01
1.065068493150684859e+00 6.676330673578634300e-01
1.071917808219178037e+00 6.783448921331967085e-01
1.078767123287671215e+00 6.892010205743861473e-01
1.085616438356164393e+00 7.002026333095046073e-01
1.092465753424657571e+00 7.113508911907965304e-01
1.099315068493150749e+00 7.226469340668187913e-01
1.106164383561643927e+00 7.340918795261959229e-01
1.113013698630136883e+00 7.456868216130528859e-01
1.119863013698630061e+00 7.574328295141868894e-01
1.126712328767123239e+00 7.693309462180774050e-01
1.133561643835616417e+00 7.813821871458409563e-01
1.140410958904109595e+00 7.935875387543488424e-01
1.147260273972602773e+00 8.059479571119736452e-01
1.154109589041095951e+00 8.184643664451495271e-01
1.160958904109589129e+00 8.311376576612653500e-01
1.167808219178082085e+00 8.439686868413396326e-01
1.174657534246575263e+00 8.569582737073245804e-01
1.181506849315068441e+00 8.701072000655478700e-01
1.188356164383561620e+00 8.834162082195469168e-01
1.195205479452054798e+00 8.968859993627342764e-01
1.202054794520547976e+00 9.105172319440187900e-01
1.208904109589041154e+00 9.243105200099692720e-01
1.215753424657534332e+00 9.382664315235836883e-01
1.222602739726027288e+00 9.523854866604496427e-01
1.229452054794520466e+00 9.666681560830141517e-01
1.236301369863013644e+00 9.811148591937501884e-01
1.243150684931506822e+00 9.957259623681082861e-01
1.250000000000000000e+00 1.010501777168148152e+00
1.256849315068493178e+00 1.025442558537842830e+00
1.263698630136986356e+00 1.040548502981077927e+00
1.270547945205479534e+00 1.055819746723422714e+00
1.277397260273972712e+00 1.071256363858921645e+00
1.284246575342465668e+00 1.086858364482920836e+00
1.291095890410958846e+00 1.102625692812517766e+00
1.297945205479452024e+00 1.118558225295637865e+00
1.304794520547945202e+00 1.134655768710452817e+00
1.311643835616438380e+00 1.150918058255927523e+00
1.318493150684931559e+00 1.167344755638370479e+00
1.325342465753424737e+00 1.183935447146610587e+00
1.332191780821917915e+00 1.200689641729818069e+00
1.339041095890410871e+00 1.217606769073280359e+00
1.345890410958904049e+00 1.234686177669039875e+00
1.352739726027397227e+00 1.251927132893657868e+00
1.359589041095890405e+00 1.269328815087785056e+00
1.366438356164383583e+00 1.286890317641922632e+00
1.373287671232876761e+00 1.304610645090405141e+00
1.380136986301369939e+00 1.322488711215374035e+00
1.386986301369863117e+00 1.340523337163363360e+00
1.393835616438356073e+00 1.358713249576497306e+00
1.400684931506849251e+00 1.377057078740839824e+00
1.407534246575342429e+00 1.395553356754266172e+00
1.414383561643835607e+00 1.414200515716368844e+00
1.421232876712328785e+00 1.432996885942897425e+00
1.428082191780821963e+00 1.451940694207505045e+00
1.434931506849315141e+00 1.471030062013326534e+00
1.441780821917808320e+00 1.490263003897323468e+00
1.448630136986301276e+00 1.509637425769938091e+00
1.455479452054794454e+00 1.529151123293262637e+00
1.462328767123287632e+00 1.548801780300333109e+00
1.469178082191780810e+00 1.568586967258829512e+00
1.476027397260273988e+00 1.588504139776766522e+00
1.482876712328767166e+00 1.608550637183527199e+00
1.489726027397260344e+00 1.628723681122095313e+00
1.496575342465753522e+00 1.649020374214547946e+00
1.503424657534246478e+00 1.669437698824433935e+00
1.510273972602739656e+00 1.689972515828084942e+00
1.517123287671232834e+00 1.710621563480639873e+00
1.523972602739726012e+00 1.731381456346664072e+00
1.530821917808219190e+00 1.752248684303363113e+00
1.537671232876712368e+00 1.773219611620420189e+00
1.544520547945205546e+00 1.794290476119425604e+00
1.551369863013698724e+00 1.815457388416529705e+00
1.558219178082191680e+00 1.836716331251453393e+00
1.565068493150684859e+00 1.858063158906646528e+00
1.571917808219178037e+00 1.879493596719471027e+00
1.578767123287671215e+00 1.901003240691285567e+00
1.585616438356164393e+00 1.922587557196427266e+00
1.592465753424657571e+00 1.944241882794711440e+00
1.599315068493150749e+00 1.965961424150531878e+00
1.606164383561643927e+00 1.987741258062110106e+00
1.613013698630136883e+00 2.009576331604026045e+00
1.619863013698630061e+00 2.031461462386032757e+00
1.626712328767123239e+00 2.053391338931784382e+00
1.633561643835616417e+00 2.075360521180268591e+00
1.640410958904109595e+00 2.097363441112853444e+00
1.647260273972602773e+00 2.119394403509462954e+00
1.654109589041095951e+00 2.141447586848091778e+00
1.660958904109589129e+00 2.163517044266568323e+00
1.667808219178082085e+00 2.185596704842847071e+00
1.674657534246575263e+00 2.207680374772930776e+00
1.681506849315068441e+00 2.229761738873024868e+00
1.688356164383561620e+00 2.251834362153195102e+00
1.695205479452054798e+00 2.273891691550568250e+00
1.702054794520547976e+00 2.295927057811411931e+00
1.708904109589041154e+00 2.317933677524062652e+00
1.715753424657534332e+00 2.339904655305188985e+00
1.722602739726027288e+00 2.361832986140197654e+00
1.729452054794520466e+00 2.383711557880063836e+00
1.736301369863013644e+00 2.405533153895343279e+00
1.743150684931506822e+00 2.427290455888999166e+00
1.750000000000000000e+00 2.448976046868684087e+00
1.756849315068493178e+00 2.470582414279555383e+00
1.763698630136986356e+00 2.492101953297733097e+00
1.770547945205479534e+00 2.513526970285412609e+00
1.777397260273972712e+00 2.534849686407392610e+00
1.784246575342465668e+00 2.556062241408683988e+00
1.791095890410958846e+00 2.577156697553745435e+00
1.797945205479452024e+00 2.598125043725775019e+00
1.804794520547945202e+00 2.618959199686197170e+00
1.811643835616438380e+00 2.639651020492401745e+00
1.818493150684931559e+00 2.660192301073502907e+00
1.825342465753424737e+00 2.680574780961457737e+00
1.832191780821917915e+00 2.700790149205135826e+00
1.839041095890410871e+00 2.720830049300243747e+00
1.845890410958904049e+00 2.740686084483953344e+00
1.852739726027397227e+00 2.760349823139832903e+00
1.859589041095890405e+00 2.779812804061180476e+00
1.866438356164383583e+00 2.799066542220153497e+00
1.873287671232876761e+00 2.818102534487514355e+00
1.880136986301369939e+00 2.836912265522305354e+00
1.886986301369863117e+00 2.855487213790016909e+00
1.893835616438356073e+00 2.873818857706640806e+00
1.900684931506849251e+00 2.891898681902230983e+00
1.907534246575342429e+00 2.909718183600257024e+00
1.914383561643835607e+00 2.927268879106102784e+00
1.921232876712328785e+00 2.944542310401421670e+00
1.928082191780821963e+00 2.961530051835358446e+00
1.934931506849315141e+00 2.978223716909590202e+00
1.941780821917808320e+00 2.994614965148142627e+00
1.948630136986301276e+00 3.010695509047403018e+00
1.955479452054794454e+00 3.026457121097735570e+00
1.962328767123287632e+00 3.041891640870395541e+00
1.969178082191780810e+00 3.056990982161664760e+00
1.976027397260273988e+00 3.071747140186883662e+00
1.982876712328767166e+00 3.086152198815731218e+00
1.989726027397260344e+00 3.100198337840800455e+00
1.996575342465753522e+00 3.113877840273731046e+00
2.003424657534246478e+00 3.127183099650920894e+00
2.010273972602739878e+00 3.140106627353558277e+00
2.017123287671232834e+00 3.152641059872092200e+00
2.023972602739726234e+00 3.164779166318813175e+00
2.030821917808219190e+00 3.176513855383106044e+00
2.037671232876712146e+00 3.187838182824479727e+00
2.044520547945205546e+00 3.198745358557925744e+00
2.051369863013698502e+00 3.209228753938833556e+00
2.058219178082191902e+00 3.219281908769880740e+00
2.065068493150684859e+00 3.228898538358755399e+00
2.071917808219178259e+00 3.238072540469372651e+00
2.078767123287671215e+00 3.246798002181019882e+00
2.085616438356164171e+00 3.255069206647003277e+00
2.092465753424657571e+00 3.262880639741169819e+00
2.099315068493150527e+00 3.270226996583163181e+00
2.106164383561643927e+00 3.277103187929366612e+00
2.113013698630136883e+00 3.283504346423476328e+00
2.119863013698630283e+00 3.289425832691984297e+00
2.126712328767123239e+00 3.294863241277442789e+00
2.133561643835616639e+00 3.299812406397720554e+00
2.140410958904109595e+00 3.304269407522325341e+00
2.147260273972602551e+00 3.308230574754348119e+00
2.154109589041095951e+00 3.311692494010829435e+00
2.160958904109588907e+00 3.314652011988590719e+00
2.167808219178082307e+00 3.317106240910157489e+00
2.174657534246575263e+00 3.319052563036018366e+00
2.181506849315068663e+00 3.320488634939957606e+00
2.188356164383561620e+00 3.321412391532405639e+00
2.195205479452054576e+00 3.321822049829497026e+00
2.202054794520547976e+00 3.321716112455503023e+00
2.208904109589040932e+00 3.321093370821865953e+00
2.215753424657534332e+00 3.319952908278219539e+00
2.222602739726027288e+00 3.318294102481469388e+00
2.229452054794520688e+00 3.316116627954794005e+00
2.236301369863013644e+00 3.313420458111441924e+00
2.243150684931507044e+00 3.310205867072801400e+00
2.250000000000000000e+00 3.306473430900507715e+00
2.256849315068492956e+00 3.302224029068010047e+00
2.263698630136986356e+00 3.297458845052145371e+00
2.270547945205479312e+00 3.292179366881850200e+00
2.277397260273972712e+00 3.286387387303088214e+00
2.284246575342465668e+00 3.280085003612948302e+00
2.291095890410959068e+00 3.273274617161057609e+00
2.297945205479452024e+00 3.265958932516412450e+00
2.304794520547945424e+00 3.258140956298060331e+00
2.311643835616438380e+00 3.249823995669700594e+00
2.318493150684931337e+00 3.241011656496573856e+00
2.325342465753424737e+00 3.231707841166602702e+00
2.332191780821917693e+00 3.221916746076549654e+00
2.339041095890411093e+00 3.211642858783569476e+00
2.345890410958904049e+00 3.200890954825983403e+00
2.352739726027397449e+00 3.189666094214794523e+00
2.359589041095890405e+00 3.177973617600194700e+00
2.366438356164383361e+00 3.165819142116267138e+00
2.373287671232876761e+00 3.153208556908862814e+00
2.380136986301369717e+00 3.140148018351765380e+00
2.386986301369863117e+00 3.126643944956560173e+00
2.393835616438356073e+00 3.112703011982473456e+00
2.400684931506849473e+00 3.098332145802119797e+00
2.407534246575342429e+00 3.083538517744743412e+00
2.414383561643835829e+00 3.068329538121590261e+00
2.421232876712328785e+00 3.052712849534486406e+00
2.428082191780821741e+00 3.036696320141194061e+00
2.434931506849315141e+00 3.020288036628099970e+00
2.441780821917808098e+00 3.003496296940498578e+00
2.448630136986301498e+00 2.986329602782616277e+00
2.455479452054794454e+00 2.968796651897763095e+00
2.462328767123287854e+00 2.950906330066965566e+00
2.469178082191780810e+00 2.932667703275166904e+00
2.476027397260273766e+00 2.914090008953471145e+00
2.482876712328767166e+00 2.895182377047901046e+00
2.489726027397260122e+00 2.875955175030070698e+00
2.496575342465753522e+00 2.856417291639867795e+00
2.503424657534246478e+00 2.836578835422424394e+00
2.510273972602739878e+00 2.816449771947685754e+00
2.517123287671232834e+00 2.796040185400590072e+00
2.523972602739726234e+00 2.775360269333048358e+00
2.530821917808219190e+00 2.754420317334749679e+00
2.537671232876712146e+00 2.733230713640216525e+00
2.544520547945205546e+00 2.711801923684085125e+00
2.551369863013698502e+00 2.690144484619714671e+00
2.558219178082191902e+00 2.668268995815934463e+00
2.565068493150684859e+00 2.646186109346090998e+00
2.571917808219178259e+00 2.623906520482535587e+00
2.578767123287671215e+00 2.601440958030524442e+00
2.585616438356164171e+00 2.578800175608511935e+00
2.592465753424657571e+00 2.555994941154589917e+00
2.599315068493150527e+00 2.533036028313607524e+00
2.606164383561643927e+00 2.509934206997058936e+00
2.613013698630136883e+00 2.486700234213041316e+00
2.619863013698630283e+00 2.463344844998761385e+00
2.626712328767123239e+00 2.439878743470921041e+00
2.633561643835616639e+00 2.416312594006372105e+00
2.640410958904109595e+00 2.392657012562398933e+00
2.647260273972602551e+00 2.368922558154538560e+00
2.654109589041095951e+00 2.345119724498287983e+00
2.660958904109588907e+00 2.321258931829459637e+00
2.667808219178082307e+00 2.297350518912856909e+00
2.674657534246575263e+00 2.273404735251130848e+00
2.681506849315068663e+00 2.249431733502722075e+00
2.688356164383561620e+00 2.225441562118216421e+00
2.695205479452054576e+00 2.201444158207730872e+00
2.702054794520547976e+00 2.177449340644052267e+00
2.708904109589040932e+00 2.153466803411331121e+00
2.715753424657534332e+00 2.129506109209239106e+00
2.722602739726027288e+00 2.105682226245316091e+00
2.729452054794520688e+00 2.081687807721231298e+00
2.736301369863013644e+00 2.057848615529564107e+00
2.743150684931507044e+00 2.034068085648053081e+00
2.750000000000000000e+00 2.010354811149345888e+00
2.756849315068492956e+00 1.986717900718637964e+00
2.763698630136986356e+00 1.963165842355017343e+00
2.770547945205479312e+00 1.939706496867217744e+00
2.777397260273972712e+00 1.916348229405862247e+00
2.784246575342465668e+00 1.893098998316352866e+00
2.791095890410959068e+00 1.869966578734846729e+00
2.797945205479452024e+00 1.846958559651992182e+00
2.804794520547945424e+00 1.824082341279690045e+00
2.811643835616438380e+00 1.801344656507720021e+00
2.818493150684931337e+00 1.778753949987048388e+00
2.825342465753424737e+00 1.756315614213236120e+00
2.832191780821917693e+00 1.734036750324774223e+00
2.839041095890411093e+00 1.711923785897379480e+00
2.845890410958904049e+00 1.689982950362909353e+00
2.852739726027397449e+00 1.668220274506145628e+00
2.859589041095890405e+00 1.646641590258696164e+00
2.866438356164383361e+00 1.625252530786555294e+00
2.873287671232876761e+00 1.604058530866051546e+00
2.880136986301369717e+00 1.583064827546601272e+00
2.886986301369863117e+00 1.562276461095275959e+00
2.893835616438356073e+00 1.541698276218435470e+00
2.900684931506849473e+00 1.521334923556323604e+00
2.907534246575342429e+00 1.501190861444606561e+00
2.914383561643835829e+00 1.481270357940428939e+00
2.921232876712328785e+00 1.461577493104003089e+00
2.928082191780821741e+00 1.442116161533873564e+00
2.934931506849315141e+00 1.422890075147246858e+00
2.941780821917808098e+00 1.403902766203116048e+00
2.948630136986301498e+00 1.385157590559395802e+00
2.955479452054794454e+00 1.366657731160248135e+00
2.962328767123287854e+00 1.348406201748417965e+00
2.969178082191780810e+00 1.330405850794149192e+00
2.976027397260273766e+00 1.312659365639784248e+00
2.982876712328767166e+00 1.295169276850220097e+00
2.989726027397260122e+00 1.277937962767060842e+00
2.996575342465753522e+00 1.260967654259326221e+00
3.003424657534246478e+00 1.244260439668407603e+00
3.010273972602739878e+00 1.227818269940684548e+00
3.017123287671232834e+00 1.211642788522414804e+00
3.023972602739726234e+00 1.195736047170224747e+00
3.030821917808219190e+00 1.180099439830049057e+00
3.037671232876712146e+00 1.164734422698621152e+00
3.044520547945205546e+00 1.149642342744480628e+00
3.051369863013698502e+00 1.134824443894197898e+00
3.058219178082191902e+00 1.120281873390569283e+00
3.065068493150684859e+00 1.106015688321821955e+00
3.071917808219178259e+00 1.092026803605520513e+00
3.078767123287671215e+00 1.079570765585056602e+00
3.085616438356164171e+00 1.098417694747790607e+00
3.092465753424657571e+00 1.084292836941020743e+00
3.099315068493150527e+00 1.070398201477099853e+00
3.106164383561643927e+00 1.056735289238124098e+00
3.113013698630136883e+00 1.043305547861467009e+00
3.119863013698630283e+00 1.030110374198942802e+00
3.126712328767123239e+00 1.017151117020998807e+00
3.133561643835616639e+00 1.004429463200255279e+00
3.140410958904109595e+00 9.694961352900888230e-01
3.147260273972602551e+00 9.567833831096620445e-01
3.154109589041095951e+00 9.443451200161083747e-01
3.160958904109588907e+00 9.321836807750250031e-01
3.167808219178082307e+00 9.203013165637203841e-01
3.174657534246575263e+00 9.087002017204549587e-01
3.181506849315068663e+00 8.973824412273593287e-01
3.188356164383561620e+00 8.863500789275405856e-01
3.195205479452054576e+00 8.756051064762987446e-01
3.202054794520547976e+00 8.651494730256330534e-01
3.208904109589040932e+00 8.549850956461837459e-01
3.215753424657534332e+00 8.451138704893198517e-01
3.222602739726027288e+00 8.355376846953216363e-01
3.229452054794520688e+00 8.262584290550329946e-01
3.236301369863013644e+00 8.172780114398816576e-01
3.243150684931507044e+00 8.085983710102833122e-01
3.250000000000000000e+00 8.002214932261594305e-01
3.256849315068492956e+00 7.921494256785017729e-01
3.263698630136986356e+00 7.843842947744767979e-01
3.270547945205479312e+00 7.769283233062149741e-01
3.277397260273972712e+00 7.697838489476279689e-01
3.284246575342465668e+00 7.629533437209303770e-01
3.291095890410959068e+00 7.564394344926340663e-01
3.297945205479452024e+00 7.502449245572248016e-01
3.304794520547945424e+00 7.443728163833512879e-01
3.311643835616438380e+00 7.388263356000079884e-01
3.318493150684931337e+00 7.336089563183119111e-01
3.325342465753424737e+00 7.287244278908157069e-01
3.332191780821917693e+00 7.241768032232942520e-01
3.339041095890411093e+00 7.199704687721156793e-01
3.345890410958904049e+00 7.161101763711362755e-01
3.352739726027397449e+00 7.126010770496273850e-01
3.359589041095890405e+00 7.094487570254321973e-01
3.366438356164383361e+00 7.066592760699842435e-01
3.373287671232876761e+00 7.042392084729328650e-01
3.380136986301369717e+00 7.021956868512433392e-01
3.386986301369863117e+00 7.005364490800581878e-01
3.393835616438356073e+00 6.992698886499963962e-01
3.400684931506849473e+00 6.984051087891179899e-01
3.407534246575342429e+00 6.979519807260882169e-01
3.414383561643835829e+00 6.979212065107999186e-01
3.421232876712328785e+00 6.983243868559658729e-01
3.428082191780821741e+00 6.991740945102675742e-01
3.434931506849315141e+00 7.004839537365146196e-01
3.441780821917808098e+00 7.022687265265571410e-01
3.448630136986301498e+00 7.045444062584336198e-01
3.455479452054794454e+00 7.073283195783707233e-01
3.462328767123287854e+00 7.106392373821677211e-01
3.469178082191780810e+00 7.144974958700426315e-01
3.476027397260273766e+00 7.189251287586303496e-01
3.482876712328767166e+00 7.239460118629875707e-01
3.489726027397260122e+00 7.295860214062829252e-01
3.496575342465753522e+00 7.358732075696564623e-01
3.503424657534246478e+00 7.428379849831172610e-01
