5.384614999999999263e-01 3.846149999999998181e-02 7.692300000000000526e-02
6.173569999999999336e-01 4.043400000000002548e-02 8.086799999999999544e-02
7.002984999999999349e-01 4.250749999999997586e-02 8.501499999999999335e-02
7.874934999999999574e-01 4.468749999999999112e-02 8.937499999999999611e-02
8.791594999999999827e-01 4.697850000000003412e-02 9.395799999999999985e-02
9.755264999999999631e-01 4.938850000000000184e-02 9.877600000000000269e-02
1.076836000000000126e+00 5.192099999999999493e-02 1.038420000000000037e-01
1.183340499999999906e+00 5.458350000000000701e-02 1.091670000000000001e-01
1.295306500000000138e+00 5.738250000000000295e-02 1.147650000000000059e-01
1.413014500000000062e+00 6.032550000000003187e-02 1.206509999999999944e-01
1.536758999999999986e+00 6.341900000000000315e-02 1.268380000000000063e-01
1.666849000000000025e+00 6.667099999999992477e-02 1.333419999999999883e-01
1.803610500000000005e+00 7.009050000000005554e-02 1.401810000000000000e-01
1.947385499999999992e+00 7.368449999999993061e-02 1.473690000000000000e-01
2.098532999999999760e+00 7.746300000000005959e-02 1.549270000000000092e-01
2.257432000000000105e+00 8.143600000000006389e-02 1.628719999999999890e-01
