0.000000 0.024391
0.002933 0.171717
0.005865 0.319042
0.008798 0.466368
0.011730 0.648855
0.014663 0.874681
0.017595 1.100506
0.020528 1.326331
0.023460 1.580897
0.026393 1.838804
0.029326 2.096712
0.032258 2.361281
0.035191 2.638568
0.038123 2.915856
0.041056 3.193143
0.043988 3.480175
0.046921 3.769772
0.049853 4.059369
0.052786 4.350805
0.055718 4.648077
0.058651 4.945348
0.061584 5.242620
0.064516 5.542892
0.067449 5.844528
0.070381 6.146164
0.073314 6.448054
0.076246 6.751562
0.079179 7.055070
0.082111 7.358578
0.085044 7.662046
0.087977 7.965484
0.090909 8.268922
0.093842 8.572310
0.096774 8.874129
0.099707 9.175948
0.102639 9.477766
0.105572 9.778206
0.108504 10.077147
0.111437 10.376088
0.114370 10.675029
0.117302 10.970344
0.120235 11.265375
0.123167 11.560405
0.126100 11.853648
0.129032 12.143911
0.131965 12.434175
0.134897 12.724439
0.137830 13.010194
0.140762 13.294980
0.143695 13.579766
0.146628 13.862907
0.149560 14.141621
0.152493 14.420334
0.155425 14.699048
0.158358 14.973042
0.161290 15.245189
0.164223 15.517337
0.167155 15.788321
0.170088 16.053490
0.173021 16.318659
0.175953 16.583828
0.178886 16.844499
0.181818 17.102349
0.184751 17.360200
0.187683 17.617575
0.190616 17.867828
0.193548 18.118081
0.196481 18.368334
0.199413 18.614594
0.202346 18.857023
0.205279 19.099453
0.208211 19.341883
0.211144 19.576643
0.214076 19.811070
0.217009 20.045498
0.219941 20.276617
0.222874 20.502904
0.225806 20.729190
0.228739 20.955476
0.231672 21.174721
0.234604 21.392764
0.237537 21.610807
0.240469 21.826338
0.243402 22.036067
0.246334 22.245796
0.249267 22.455525
0.252199 22.658987
0.255132 22.860360
0.258065 23.061733
0.260997 23.261448
0.263930 23.454448
0.266862 23.647448
0.269795 23.840447
0.272727 24.028043
0.275660 24.212675
0.278592 24.397307
0.281525 24.581157
0.284457 24.757447
0.287390 24.933737
0.290323 25.110027
0.293255 25.281822
0.296188 25.449813
0.299120 25.617804
0.302053 25.785796
0.304985 25.945634
0.307918 26.105387
0.310850 26.265139
0.313783 26.421320
0.316716 26.572907
0.319648 26.724495
0.322581 26.876083
0.325513 27.020519
0.328446 27.164029
0.331378 27.307539
0.334311 27.448389
0.337243 27.583920
0.340176 27.719451
0.343109 27.854981
0.346041 27.984364
0.348974 28.112024
0.351906 28.239685
0.354839 28.365569
0.357771 28.485477
0.360704 28.605385
0.363636 28.725294
0.366569 28.840039
0.369501 28.952321
0.372434 29.064604
0.375367 29.175950
0.378299 29.280740
0.381232 29.385530
0.384164 29.490320
0.387097 29.590899
0.390029 29.688337
0.392962 29.785775
0.395894 29.883063
0.398827 29.973295
0.401760 30.063527
0.404692 30.153759
0.407625 30.240684
0.410557 30.323861
0.413490 30.407037
0.416422 30.490214
0.419355 30.567066
0.422287 30.643342
0.425220 30.719619
0.428152 30.793438
0.431085 30.862973
0.434018 30.932509
0.436950 31.002044
0.439883 31.066235
0.442815 31.129191
0.445748 31.192148
0.448680 31.253435
0.451613 31.309979
0.454545 31.366522
0.457478 31.423065
0.460411 31.475185
0.463343 31.525482
0.466276 31.575780
0.469208 31.625128
0.472141 31.669349
0.475073 31.713570
0.478006 31.757791
0.480938 31.798444
0.483871 31.836760
0.486804 31.875075
0.489736 31.913092
0.492669 31.945675
0.495601 31.978258
0.498534 32.010840
0.501466 32.040643
0.504399 32.067665
0.507331 32.094688
0.510264 32.121710
0.513196 32.143627
0.516129 32.165264
0.519062 32.186900
0.521994 32.206474
0.524927 32.222898
0.527859 32.239323
0.530792 32.255747
0.533724 32.267921
0.536657 32.279308
0.539589 32.290695
0.542522 32.300663
0.545455 32.307186
0.548387 32.313710
0.551320 32.320233
0.554252 32.323288
0.557185 32.325121
0.560117 32.326955
0.563050 32.327942
0.565982 32.325259
0.568915 32.322577
0.571848 32.319894
0.574780 32.314451
0.577713 32.307425
0.580645 32.300399
0.583578 32.293025
0.586510 32.281827
0.589443 32.270629
0.592375 32.259431
0.595308 32.246107
0.598240 32.230908
0.601173 32.215709
0.604106 32.200510
0.607038 32.181559
0.609971 32.162528
0.612903 32.143498
0.615836 32.122903
0.618768 32.100210
0.621701 32.077516
0.624633 32.054823
0.627566 32.029071
0.630499 32.002882
0.633431 31.976692
0.636364 31.949428
0.639296 31.919908
0.642229 31.890389
0.645161 31.860869
0.648094 31.828909
0.651026 31.796223
0.653959 31.763537
0.656891 31.730194
0.659824 31.694504
0.662757 31.658814
0.665689 31.623123
0.668622 31.585538
0.671554 31.547004
0.674487 31.508470
0.677419 31.469628
0.680352 31.428409
0.683284 31.387190
0.686217 31.345971
0.689150 31.303330
0.692082 31.259582
0.695015 31.215834
0.697947 31.172062
0.700880 31.125940
0.703812 31.079818
0.706745 31.033696
0.709677 30.986555
0.712610 30.938211
0.715543 30.889867
0.718475 30.841523
0.721408 30.791301
0.724340 30.740885
0.727273 30.690469
0.730205 30.639372
0.733138 30.587031
0.736070 30.534690
0.739003 30.482350
0.741935 30.428582
0.744868 30.374461
0.747801 30.320341
0.750733 30.265812
0.753666 30.210055
0.756598 30.154297
0.759531 30.098540
0.762463 30.041738
0.765396 29.984483
0.768328 29.927228
0.771261 29.869775
0.774194 29.811160
0.777126 29.752545
0.780059 29.693929
0.782991 29.634585
0.785924 29.574743
0.788856 29.514901
0.791789 29.455013
0.794721 29.394075
0.797654 29.333136
0.800587 29.272198
0.803519 29.210785
0.806452 29.148877
0.809384 29.086969
0.812317 29.025062
0.815249 28.962361
0.818182 28.899608
0.821114 28.836855
0.824047 28.773822
0.826979 28.710344
0.829912 28.646865
0.832845 28.583387
0.835777 28.519400
0.838710 28.455312
0.841642 28.391224
0.844575 28.326996
0.847507 28.262410
0.850440 28.197824
0.853372 28.133238
0.856305 28.068367
0.859238 28.003391
0.862170 27.938414
0.865103 27.873387
0.868035 27.808122
0.870968 27.742858
0.873900 27.677593
0.876833 27.612210
0.879765 27.546755
0.882698 27.481300
0.885630 27.415838
0.888563 27.350285
0.891496 27.284732
0.894428 27.219179
0.897361 27.153620
0.900293 27.088055
0.903226 27.022490
0.906158 26.956925
0.909091 26.891427
0.912023 26.825931
0.914956 26.760435
0.917889 26.694998
0.920821 26.629645
0.923754 26.564292
0.926686 26.498939
0.929619 26.433768
0.932551 26.368625
0.935484 26.303482
0.938416 26.238424
0.941349 26.173552
0.944282 26.108680
0.947214 26.043808
0.950147 25.979181
0.953079 25.914633
0.956012 25.850084
0.958944 25.785612
0.961877 25.721432
0.964809 25.657252
0.967742 25.593072
0.970674 25.529157
0.973607 25.465382
0.976540 25.401608
0.979472 25.337878
0.982405 25.274537
0.985337 25.211195
0.988270 25.147854
0.991202 25.084763
0.994135 25.021875
0.997067 24.958988
1.000000 24.896100
1.002933 24.833676
1.005865 24.771252
1.008798 24.708828
1.011730 24.646612
1.014663 24.584654
1.017595 24.522695
1.020528 24.460737
1.023460 24.399188
1.026393 24.337687
1.029326 24.276186
1.032258 24.214836
1.035191 24.153776
1.038123 24.092715
1.041056 24.031655
1.043988 23.970922
1.046921 23.910276
1.049853 23.849630
1.052786 23.789074
1.055718 23.728807
1.058651 23.668539
1.061584 23.608272
1.064516 23.548235
1.067449 23.488302
1.070381 23.428370
1.073314 23.368476
1.076246 23.308826
1.079179 23.249176
1.082111 23.189527
1.085044 23.130007
1.087977 23.070580
1.090909 23.011154
1.093842 22.951732
1.096774 22.892461
1.099707 22.833190
1.102639 22.773920
1.105572 22.714689
1.108504 22.655502
1.111437 22.596314
1.114370 22.537127
1.117302 22.477945
1.120235 22.418763
1.123167 22.359581
1.126100 22.300371
1.129032 22.241113
1.131965 22.181855
1.134897 22.122597
1.137830 22.063207
1.140762 22.003789
1.143695 21.944371
1.146628 21.884886
1.149560 21.825221
1.152493 21.765557
1.155425 21.705892
1.158358 21.645990
1.161290 21.585994
1.164223 21.525998
1.167155 21.465933
1.170088 21.405521
1.173021 21.345110
1.175953 21.284699
1.178886 21.223983
1.181818 21.163076
1.184751 21.102169
1.187683 21.041226
1.190616 20.979747
1.193548 20.918268
1.196481 20.856789
1.199413 20.794982
1.202346 20.732861
1.205279 20.670740
1.208211 20.608619
1.211144 20.545822
1.214076 20.482996
1.217009 20.420170
1.219941 20.357035
1.222874 20.293450
1.225806 20.229865
1.228739 20.166279
1.231672 20.102007
1.234604 20.037617
1.237537 19.973228
1.240469 19.908585
1.243402 19.843356
1.246334 19.778127
1.249267 19.712899
1.252199 19.647023
1.255132 19.580932
1.258065 19.514840
1.260997 19.448576
1.263930 19.381609
1.266862 19.314642
1.269795 19.247675
1.272727 19.180143
1.275660 19.112299
1.278592 19.044456
1.281525 18.976531
1.284457 18.907821
1.287390 18.839111
1.290323 18.770400
1.293255 18.701232
1.296188 18.631676
1.299120 18.562120
1.302053 18.492564
1.304985 18.422202
1.307918 18.351832
1.310850 18.281462
1.313783 18.210753
1.316716 18.139610
1.319648 18.068466
1.322581 17.997322
1.325513 17.925538
1.328446 17.853671
1.331378 17.781804
1.334311 17.709715
1.337243 17.637182
1.340176 17.564649
1.343109 17.492116
1.346041 17.419114
1.348974 17.345980
1.351906 17.272845
1.354839 17.199590
1.357771 17.125924
1.360704 17.052259
1.363636 16.978593
1.366569 16.904619
1.369501 16.830497
1.372434 16.756374
1.375367 16.682205
1.378299 16.607704
1.381232 16.533202
1.384164 16.458701
1.387097 16.384028
1.390029 16.309227
1.392962 16.234426
1.395894 16.159621
1.398827 16.084601
1.401760 16.009582
1.404692 15.934562
1.407625 15.859478
1.410557 15.784320
1.413490 15.709162
1.416422 15.634004
1.419355 15.558793
1.422287 15.483577
1.425220 15.408361
1.428152 15.333151
1.431085 15.257955
1.434018 15.182758
1.436950 15.107561
1.439883 15.032441
1.442815 14.957339
1.445748 14.882237
1.448680 14.807178
1.451613 14.732244
1.454545 14.657309
1.457478 14.582374
1.460411 14.507606
1.463343 14.432907
1.466276 14.358208
1.469208 14.283556
1.472141 14.209157
1.475073 14.134759
1.478006 14.060361
1.480938 13.986181
1.483871 13.912144
1.486804 13.838107
1.489736 13.764092
1.492669 13.690472
1.495601 13.616853
1.498534 13.543234
1.501466 13.469850
1.504399 13.396700
1.507331 13.323551
1.510264 13.250401
1.513196 13.177742
1.516129 13.105110
1.519062 13.032478
1.521994 12.960068
1.524927 12.887996
1.527859 12.815925
1.530792 12.743853
1.533724 12.672288
1.536657 12.600816
1.539589 12.529344
1.542522 12.458057
1.545455 12.387220
1.548387 12.316383
1.551320 12.245546
1.554252 12.175202
1.557185 12.105031
1.560117 12.034860
1.563050 11.964819
1.565982 11.895342
1.568915 11.825865
1.571848 11.756388
1.574780 11.687368
1.577713 11.618609
1.580645 11.549850
1.583578 11.481153
1.586510 11.413134
1.589443 11.345115
1.592375 11.277097
1.595308 11.209481
1.598240 11.142220
1.601173 11.074960
1.604106 11.007699
1.607038 10.941197
1.609971 10.874711
1.612903 10.808225
1.615836 10.742076
1.618768 10.676379
1.621701 10.610681
1.624633 10.544984
1.627566 10.479987
1.630499 10.415089
1.633431 10.350192
1.636364 10.285557
1.639296 10.221470
1.642229 10.157383
1.645161 10.093296
1.648094 10.029840
1.651026 9.966571
1.653959 9.903303
1.656891 9.840215
1.659824 9.777773
1.662757 9.715330
1.665689 9.652887
1.668622 9.590999
1.671554 9.529387
1.674487 9.467776
1.677419 9.406260
1.680352 9.345485
1.683284 9.284709
1.686217 9.223934
1.689150 9.163630
1.692082 9.103694
1.695015 9.043758
1.697947 8.983831
1.700880 8.924737
1.703812 8.865644
1.706745 8.806550
1.709677 8.747844
1.712610 8.689594
1.715543 8.631345
1.718475 8.573096
1.721408 8.515613
1.724340 8.458209
1.727273 8.400806
1.730205 8.343702
1.733138 8.287145
1.736070 8.230587
1.739003 8.174030
1.741935 8.118152
1.744868 8.062442
1.747801 8.006732
1.750733 7.951233
1.753666 7.896369
1.756598 7.841505
1.759531 7.786641
1.762463 7.732367
1.765396 7.678349
1.768328 7.624331
1.771261 7.570436
1.774194 7.517263
1.777126 7.464089
1.780059 7.410916
1.782991 7.358243
1.785924 7.305913
1.788856 7.253583
1.791789 7.201288
1.794721 7.149800
1.797654 7.098311
1.800587 7.046823
1.803519 6.995745
1.806452 6.945097
1.809384 6.894448
1.812317 6.843799
1.815249 6.793935
1.818182 6.744123
1.821114 6.694311
1.824047 6.644821
1.826979 6.595844
1.829912 6.546867
1.832845 6.497890
1.835777 6.449606
1.838710 6.401460
1.841642 6.353315
1.844575 6.305402
1.847507 6.258086
1.850440 6.210769
1.853372 6.163452
1.856305 6.116736
1.859238 6.070245
1.862170 6.023753
1.865103 5.977407
1.868035 5.931736
1.870968 5.886066
1.873900 5.840396
1.876833 5.795237
1.879765 5.750384
1.882698 5.705532
1.885630 5.660738
1.888563 5.616700
1.891496 5.572661
1.894428 5.528622
1.897361 5.485004
1.900293 5.441775
1.903226 5.398545
1.906158 5.355316
1.909091 5.312866
1.912023 5.270441
1.914956 5.228017
1.917889 5.185925
1.920821 5.144301
1.923754 5.102677
1.926686 5.061052
1.929619 5.020115
1.932551 4.979286
1.935484 4.938457
1.938416 4.897875
1.941349 4.857836
1.944282 4.817797
1.947214 4.777758
1.950147 4.738316
1.953079 4.699062
1.956012 4.659808
1.958944 4.620717
1.961877 4.582242
1.964809 4.543768
1.967742 4.505294
1.970674 4.467327
1.973607 4.429627
1.976540 4.391927
1.979472 4.354306
1.982405 4.317374
1.985337 4.280442
1.988270 4.243510
1.991202 4.206998
1.994135 4.170828
1.997067 4.134658
2.000000 4.098488
2.002933 4.063074
2.005865 4.027660
2.008798 3.992247
2.011730 3.957168
2.014663 3.922504
2.017595 3.887840
2.020528 3.853176
2.023460 3.819178
2.026393 3.785258
2.029326 3.751337
2.032258 3.717669
2.035191 3.684486
2.038123 3.651302
2.041056 3.618118
2.043988 3.585512
2.046921 3.553058
2.049853 3.520605
2.052786 3.488324
2.055718 3.456594
2.058651 3.424863
2.061584 3.393133
2.064516 3.361894
2.067449 3.330880
2.070381 3.299866
2.073314 3.268948
2.076246 3.238642
2.079179 3.208337
2.082111 3.178032
2.085044 3.148136
2.087977 3.118533
2.090909 3.088929
2.093842 3.059348
2.096774 3.030439
2.099707 3.001530
2.102639 2.972621
2.105572 2.944041
2.108504 2.915819
2.111437 2.887597
2.114370 2.859374
2.117302 2.831782
2.120235 2.804239
2.123167 2.776696
2.126100 2.749405
2.129032 2.722534
2.131965 2.695662
2.134897 2.668791
2.137830 2.642466
2.140762 2.616258
2.143695 2.590050
2.146628 2.564020
2.149560 2.538468
2.152493 2.512916
2.155425 2.487364
2.158358 2.462277
2.161290 2.437373
2.164223 2.412468
2.167155 2.387670
2.170088 2.363405
2.173021 2.339140
2.175953 2.314875
2.178886 2.290997
2.181818 2.267363
2.184751 2.243729
2.187683 2.220134
2.190616 2.197123
2.193548 2.174111
2.196481 2.151100
2.199413 2.128402
2.202346 2.106005
2.205279 2.083608
2.208211 2.061211
2.211144 2.039395
2.214076 2.017603
2.217009 1.995812
2.219941 1.974264
2.222874 1.953069
2.225806 1.931875
2.228739 1.910681
2.231672 1.889990
2.234604 1.869384
2.237537 1.848778
2.240469 1.828348
2.243402 1.808322
2.246334 1.788296
2.249267 1.768269
2.252199 1.748672
2.255132 1.729216
2.258065 1.709761
2.260997 1.690417
2.263930 1.671524
2.266862 1.652631
2.269795 1.633737
2.272727 1.615201
2.275660 1.596861
2.278592 1.578521
2.281525 1.560231
2.284457 1.542435
2.287390 1.524639
2.290323 1.506842
2.293255 1.489336
2.296188 1.472074
2.299120 1.454813
2.302053 1.437551
2.304985 1.420810
2.307918 1.404075
2.310850 1.387339
2.313783 1.370829
2.316716 1.354610
2.319648 1.338391
2.322581 1.322172
2.325513 1.306402
2.328446 1.290691
2.331378 1.274979
2.334311 1.259434
2.337243 1.244220
2.340176 1.229007
2.343109 1.213794
2.346041 1.198962
2.348974 1.184238
2.351906 1.169513
2.354839 1.154899
2.357771 1.140654
2.360704 1.126409
2.363636 1.112165
2.366569 1.098239
2.369501 1.084464
2.372434 1.070690
2.375367 1.056973
2.378299 1.043660
2.381232 1.030347
2.384164 1.017033
2.387097 1.003979
2.390029 0.991117
2.392962 0.978256
2.395894 0.965403
2.398827 0.952984
2.401760 0.940565
2.404692 0.928146
2.407625 0.915930
2.410557 0.903944
2.413490 0.891958
2.416422 0.879972
2.419355 0.868374
2.422287 0.856812
2.425220 0.845250
2.428152 0.833839
2.431085 0.822691
2.434018 0.811543
2.436950 0.800395
2.439883 0.789577
2.442815 0.778834
2.445748 0.768092
2.448680 0.757452
2.451613 0.747105
2.454545 0.736758
2.457478 0.726412
2.460411 0.716339
2.463343 0.706378
2.466276 0.696418
2.469208 0.686517
2.472141 0.676934
2.475073 0.667351
2.478006 0.657769
2.480938 0.648408
2.483871 0.639194
2.486804 0.629979
2.489736 0.620783
2.492669 0.611927
2.495601 0.603072
2.498534 0.594216
2.501466 0.585535
2.504399 0.577030
2.507331 0.568524
2.510264 0.560018
2.513196 0.551835
2.516129 0.543671
2.519062 0.535506
2.521994 0.527472
2.524927 0.519639
2.527859 0.511806
2.530792 0.503973
2.533724 0.496412
2.536657 0.488902
2.539589 0.481392
2.542522 0.473973
2.545455 0.466777
2.548387 0.459580
2.551320 0.452384
2.554252 0.445414
2.557185 0.438523
2.560117 0.431631
2.563050 0.424796
2.565982 0.418201
2.568915 0.411606
2.571848 0.405012
2.574780 0.398600
2.577713 0.392293
2.580645 0.385986
2.583578 0.379702
2.586510 0.373674
2.589443 0.367647
2.592375 0.361619
2.595308 0.355735
2.598240 0.349977
2.601173 0.344220
2.604106 0.338463
2.607038 0.332963
2.609971 0.327468
2.612903 0.321973
2.615836 0.316586
2.618768 0.311345
2.621701 0.306104
2.624633 0.300863
2.627566 0.295837
2.630499 0.290842
2.633431 0.285846
2.636364 0.280928
2.639296 0.276170
2.642229 0.271412
2.645161 0.266654
2.648094 0.262074
2.651026 0.257546
2.653959 0.253017
2.656891 0.248538
2.659824 0.244231
2.662757 0.239925
2.665689 0.235619
2.668622 0.231455
2.671554 0.227362
2.674487 0.223270
2.677419 0.219201
2.680352 0.215315
2.683284 0.211429
2.686217 0.207543
2.689150 0.203769
2.692082 0.200081
2.695015 0.196394
2.697947 0.192709
2.700880 0.189213
2.703812 0.185717
2.706745 0.182221
2.709677 0.178810
2.712610 0.175498
2.715543 0.172186
2.718475 0.168875
2.721408 0.165724
2.724340 0.162589
2.727273 0.159454
2.730205 0.156380
2.733138 0.153416
2.736070 0.150451
2.739003 0.147487
2.741935 0.144653
2.744868 0.141852
2.747801 0.139050
2.750733 0.136288
2.753666 0.133644
2.756598 0.130999
2.759531 0.128354
2.762463 0.125814
2.765396 0.123320
2.768328 0.120825
2.771261 0.118351
2.774194 0.116000
2.777126 0.113649
2.780059 0.111298
2.782991 0.109029
2.785924 0.106815
2.788856 0.104602
2.791789 0.102393
2.794721 0.100311
2.797654 0.098229
2.800587 0.096147
2.803519 0.094126
2.806452 0.092169
2.809384 0.090212
2.812317 0.088255
2.815249 0.086410
2.818182 0.084573
2.821114 0.082736
2.824047 0.080942
2.826979 0.079219
2.829912 0.077496
2.832845 0.075772
2.835777 0.074139
2.838710 0.072525
2.841642 0.070910
2.844575 0.069324
2.847507 0.067813
2.850440 0.066301
2.853372 0.064790
2.856305 0.063350
2.859238 0.061936
2.862170 0.060523
2.865103 0.059126
2.868035 0.057806
2.870968 0.056486
2.873900 0.055165
2.876833 0.053900
2.879765 0.052668
2.882698 0.051436
2.885630 0.050211
2.888563 0.049062
2.891496 0.047914
2.894428 0.046766
2.897361 0.045659
2.900293 0.044590
2.903226 0.043521
2.906158 0.042452
2.909091 0.041455
2.912023 0.040461
2.914956 0.039467
2.917889 0.038502
2.920821 0.037578
2.923754 0.036655
2.926686 0.035731
2.929619 0.034865
2.932551 0.034009
2.935484 0.033152
2.938416 0.032315
2.941349 0.031520
2.944282 0.030726
2.947214 0.029932
2.950147 0.029183
2.953079 0.028448
2.956012 0.027713
2.958944 0.026990
2.961877 0.026310
2.964809 0.025631
2.967742 0.024951
2.970674 0.024306
2.973607 0.023679
2.976540 0.023052
2.979472 0.022429
2.982405 0.021851
2.985337 0.021272
2.988270 0.020694
2.991202 0.020141
2.994135 0.019608
2.997067 0.019075
3.000000 0.018543
