3.424657534246575152e-03 1.000000000000000000e+00
1.027397260273972546e-02 1.000000000000000000e+00
1.712328767123287576e-02 1.000000000000000000e+00
2.397260273972602607e-02 1.000000000000000000e+00
3.082191780821917637e-02 1.000000000000000000e+00
3.767123287671232668e-02 1.000000000000000000e+00
4.452054794520547698e-02 1.000000000000000000e+00
5.136986301369862729e-02 1.000000000000000000e+00
5.821917808219177759e-02 1.000000000000000000e+00
6.506849315068492789e-02 1.000000000000000000e+00
7.191780821917807820e-02 1.000000000000000000e+00
7.876712328767122850e-02 1.000000000000000000e+00
8.561643835616437881e-02 1.000000000000000000e+00
9.246575342465752911e-02 1.000000000000000000e+00
9.931506849315067942e-02 1.000000000000000000e+00
1.061643835616438297e-01 1.000000000000000000e+00
1.130136986301369800e-01 1.000000000000000000e+00
1.198630136986301303e-01 1.000000000000000000e+00
1.267123287671232945e-01 1.000000000000000000e+00
1.335616438356164448e-01 1.000000000000000000e+00
1.404109589041095951e-01 1.000000000000000000e+00
1.472602739726027454e-01 1.000000000000000000e+00
1.541095890410958957e-01 1.000000000000000000e+00
1.609589041095890460e-01 1.000000000000000000e+00
1.678082191780821963e-01 1.000000000000000000e+00
1.746575342465753466e-01 1.000000000000000000e+00
1.815068493150684970e-01 1.000000000000000000e+00
1.883561643835616473e-01 1.000000000000000000e+00
1.952054794520547976e-01 1.000000000000000000e+00
2.020547945205479479e-01 1.000000000000000000e+00
2.089041095890410982e-01 1.000000000000000000e+00
2.157534246575342485e-01 1.000000000000000000e+00
2.226027397260273988e-01 1.000000000000000000e+00
2.294520547945205491e-01 1.000000000000000000e+00
2.363013698630136994e-01 1.000000000000000000e+00
2.431506849315068497e-01 1.000000000000000000e+00
2.500000000000000000e-01 1.000000000000000000e+00
2.568493150684931781e-01 1.000000000000000000e+00
2.636986301369863006e-01 1.000000000000000000e+00
2.705479452054794787e-01 1.000000000000000000e+00
2.773972602739726012e-01 1.000000000000000000e+00
2.842465753424657793e-01 1.000000000000000000e+00
2.910958904109589018e-01 1.000000000000000000e+00
2.979452054794520799e-01 1.000000000000000000e+00
3.047945205479452024e-01 1.000000000000000000e+00
3.116438356164383805e-01 1.000000000000000000e+00
3.184931506849315030e-01 1.000000000000000000e+00
3.253424657534246811e-01 1.000000000000000000e+00
3.321917808219178037e-01 1.000000000000000000e+00
3.390410958904109817e-01 1.000000000000000000e+00
3.458904109589041043e-01 1.000000000000000000e+00
3.527397260273972823e-01 1.000000000000000000e+00
3.595890410958904049e-01 1.000000000000000000e+00
3.664383561643835829e-01 1.000000000000000000e+00
3.732876712328767055e-01 1.000000000000000000e+00
3.801369863013698835e-01 1.000000000000000000e+00
3.869863013698630061e-01 1.000000000000000000e+00
3.938356164383561842e-01 1.000000000000000000e+00
4.006849315068493067e-01 1.000000000000000000e+00
4.075342465753424848e-01 1.000000000000000000e+00
4.143835616438356073e-01 1.000000000000000000e+00
4.212328767123287854e-01 1.000000000000000000e+00
4.280821917808219079e-01 1.000000000000000000e+00
4.349315068493150860e-01 1.000000000000000000e+00
4.417808219178082085e-01 1.000000000000000000e+00
4.486301369863013866e-01 1.000000000000000000e+00
4.554794520547945091e-01 1.000000000000000000e+00
4.623287671232876872e-01 1.000000000000000000e+00
4.691780821917808098e-01 1.000000000000000000e+00
4.760273972602739878e-01 1.000000000000000000e+00
4.828767123287671104e-01 1.000000000000000000e+00
4.897260273972602884e-01 1.000000000000000000e+00
4.965753424657534110e-01 1.000000000000000000e+00
5.034246575342465890e-01 1.000000000000000000e+00
5.102739726027397671e-01 1.000000000000000000e+00
5.171232876712328341e-01 1.000000000000000000e+00
5.239726027397260122e-01 1.000000000000000000e+00
5.308219178082191902e-01 1.000000000000000000e+00
5.376712328767123683e-01 1.000000000000000000e+00
5.445205479452054353e-01 1.000000000000000000e+00
5.513698630136986134e-01 1.000000000000000000e+00
5.582191780821917915e-01 1.000000000000000000e+00
5.650684931506849695e-01 1.000000000000000000e+00
5.719178082191780366e-01 1.000000000000000000e+00
5.787671232876712146e-01 1.000000000000000000e+00
5.856164383561643927e-01 1.000000000000000000e+00
5.924657534246575707e-01 1.000000000000000000e+00
5.993150684931506378e-01 1.000000000000000000e+00
6.061643835616438158e-01 1.000000000000000000e+00
6.130136986301369939e-01 1.000000000000000000e+00
6.198630136986301720e-01 1.000000000000000000e+00
6.267123287671232390e-01 1.000000000000000000e+00
6.335616438356164171e-01 1.000000000000000000e+00
6.404109589041095951e-01 1.000000000000000000e+00
6.472602739726027732e-01 1.000000000000000000e+00
6.541095890410958402e-01 1.000000000000000000e+00
6.609589041095890183e-01 1.000000000000000000e+00
6.678082191780821963e-01 1.000000000000000000e+00
6.746575342465753744e-01 1.000000000000000000e+00
6.815068493150684414e-01 1.000000000000000000e+00
6.883561643835616195e-01 1.000000000000000000e+00
6.952054794520547976e-01 1.000000000000000000e+00
7.020547945205479756e-01 1.000000000000000000e+00
7.089041095890410427e-01 1.000000000000000000e+00
7.157534246575342207e-01 1.000000000000000000e+00
7.226027397260273988e-01 1.000000000000000000e+00
7.294520547945205768e-01 1.000000000000000000e+00
7.363013698630136439e-01 1.000000000000000000e+00
7.431506849315068219e-01 1.000000000000000000e+00
7.500000000000000000e-01 1.000000000000000000e+00
7.568493150684931781e-01 1.000000000000000000e+00
7.636986301369863561e-01 1.000000000000000000e+00
7.705479452054794232e-01 1.000000000000000000e+00
7.773972602739726012e-01 1.000000000000000000e+00
7.842465753424657793e-01 1.000000000000000000e+00
7.910958904109589573e-01 1.000000000000000000e+00
7.979452054794520244e-01 1.000000000000000000e+00
8.047945205479452024e-01 1.000000000000000000e+00
8.116438356164383805e-01 1.000000000000000000e+00
8.184931506849315586e-01 1.000000000000000000e+00
8.253424657534246256e-01 1.000000000000000000e+00
8.321917808219178037e-01 1.000000000000000000e+00
8.390410958904109817e-01 1.000000000000000000e+00
8.458904109589041598e-01 1.000000000000000000e+00
8.527397260273972268e-01 1.000000000000000000e+00
8.595890410958904049e-01 1.000000000000000000e+00
8.664383561643835829e-01 1.000000000000000000e+00
8.732876712328767610e-01 1.000000000000000000e+00
8.801369863013698280e-01 1.000000000000000000e+00
8.869863013698630061e-01 1.000000000000000000e+00
8.938356164383561842e-01 1.000000000000000000e+00
9.006849315068493622e-01 1.000000000000000000e+00
9.075342465753424293e-01 1.000000000000000000e+00
9.143835616438356073e-01 1.000000000000000000e+00
9.212328767123287854e-01 1.000000000000000000e+00
9.280821917808219634e-01 1.000000000000000000e+00
9.349315068493150305e-01 1.000000000000000000e+00
9.417808219178082085e-01 1.000000000000000000e+00
9.486301369863013866e-01 1.000000000000000000e+00
9.554794520547945647e-01 1.000000000000000000e+00
9.623287671232876317e-01 1.000000000000000000e+00
9.691780821917808098e-01 1.000000000000000000e+00
9.760273972602739878e-01 1.000000000000000000e+00
9.828767123287671659e-01 1.000000000000000000e+00
9.897260273972602329e-01 1.000000000000000000e+00
9.965753424657534110e-01 1.000000000000000000e+00
1.003424657534246478e+00 1.000000000000000000e+00
1.010273972602739656e+00 1.000000000000000000e+00
1.017123287671232834e+00 1.000000000000000000e+00
1.023972602739726012e+00 1.000000000000000000e+00
1.030821917808219190e+00 1.000000000000000000e+00
1.037671232876712368e+00 1.000000000000000000e+00
1.044520547945205546e+00 1.000000000000000000e+00
1.051369863013698724e+00 1.000000000000000000e+00
1.058219178082191680e+00 1.000000000000000000e+00
1.065068493150684859e+00 1.000000000000000000e+00
1.071917808219178037e+00 1.000000000000000000e+00
1.078767123287671215e+00 1.000000000000000000e+00
1.085616438356164393e+00 1.000000000000000000e+00
1.092465753424657571e+00 1.000000000000000000e+00
1.099315068493150749e+00 1.000000000000000000e+00
1.106164383561643927e+00 1.000000000000000000e+00
1.113013698630136883e+00 1.000000000000000000e+00
1.119863013698630061e+00 1.000000000000000000e+00
1.126712328767123239e+00 1.000000000000000000e+00
1.133561643835616417e+00 1.000000000000000000e+00
1.140410958904109595e+00 1.000000000000000000e+00
1.147260273972602773e+00 1.000000000000000000e+00
1.154109589041095951e+00 1.000000000000000000e+00
1.160958904109589129e+00 1.000000000000000000e+00
1.167808219178082085e+00 1.000000000000000000e+00
1.174657534246575263e+00 1.000000000000000000e+00
1.181506849315068441e+00 1.000000000000000000e+00
1.188356164383561620e+00 1.000000000000000000e+00
1.195205479452054798e+00 1.000000000000000000e+00
1.202054794520547976e+00 1.000000000000000000e+00
1.208904109589041154e+00 1.000000000000000000e+00
1.215753424657534332e+00 1.000000000000000000e+00
1.222602739726027288e+00 1.000000000000000000e+00
1.229452054794520466e+00 1.000000000000000000e+00
1.236301369863013644e+00 1.000000000000000000e+00
1.243150684931506822e+00 1.000000000000000000e+00
1.250000000000000000e+00 1.000000000000000000e+00
1.256849315068493178e+00 1.000000000000000000e+00
1.263698630136986356e+00 1.000000000000000000e+00
1.270547945205479534e+00 1.000000000000000000e+00
1.277397260273972712e+00 1.000000000000000000e+00
1.284246575342465668e+00 1.000000000000000000e+00
1.291095890410958846e+00 1.000000000000000000e+00
1.297945205479452024e+00 1.000000000000000000e+00
1.304794520547945202e+00 1.000000000000000000e+00
1.311643835616438380e+00 1.000000000000000000e+00
1.318493150684931559e+00 1.000000000000000000e+00
1.325342465753424737e+00 1.000000000000000000e+00
1.332191780821917915e+00 1.000000000000000000e+00
1.339041095890410871e+00 1.000000000000000000e+00
1.345890410958904049e+00 1.000000000000000000e+00
1.352739726027397227e+00 1.000000000000000000e+00
1.359589041095890405e+00 1.000000000000000000e+00
1.366438356164383583e+00 1.000000000000000000e+00
1.373287671232876761e+00 1.000000000000000000e+00
1.380136986301369939e+00 1.000000000000000000e+00
1.386986301369863117e+00 1.000000000000000000e+00
1.393835616438356073e+00 1.000000000000000000e+00
1.400684931506849251e+00 1.000000000000000000e+00
1.407534246575342429e+00 1.000000000000000000e+00
1.414383561643835607e+00 1.000000000000000000e+00
1.421232876712328785e+00 1.000000000000000000e+00
1.428082191780821963e+00 1.000000000000000000e+00
1.434931506849315141e+00 1.000000000000000000e+00
1.441780821917808320e+00 1.000000000000000000e+00
1.448630136986301276e+00 1.000000000000000000e+00
1.455479452054794454e+00 1.000000000000000000e+00
1.462328767123287632e+00 1.000000000000000000e+00
1.469178082191780810e+00 1.000000000000000000e+00
1.476027397260273988e+00 1.000000000000000000e+00
1.482876712328767166e+00 1.000000000000000000e+00
1.489726027397260344e+00 1.000000000000000000e+00
1.496575342465753522e+00 1.000000000000000000e+00
1.503424657534246478e+00 1.000000000000000000e+00
1.510273972602739656e+00 1.000000000000000000e+00
1.517123287671232834e+00 1.000000000000000000e+00
1.523972602739726012e+00 1.000000000000000000e+00
1.530821917808219190e+00 1.000000000000000000e+00
1.537671232876712368e+00 1.000000000000000000e+00
1.544520547945205546e+00 1.000000000000000000e+00
1.551369863013698724e+00 1.000000000000000000e+00
1.558219178082191680e+00 1.000000000000000000e+00
1.565068493150684859e+00 1.000000000000000000e+00
1.571917808219178037e+00 1.000000000000000000e+00
1.578767123287671215e+00 1.000000000000000000e+00
1.585616438356164393e+00 1.000000000000000000e+00
1.592465753424657571e+00 1.000000000000000000e+00
1.599315068493150749e+00 1.000000000000000000e+00
1.606164383561643927e+00 1.000000000000000000e+00
1.613013698630136883e+00 1.000000000000000000e+00
1.619863013698630061e+00 1.000000000000000000e+00
1.626712328767123239e+00 1.000000000000000000e+00
1.633561643835616417e+00 1.000000000000000000e+00
1.640410958904109595e+00 1.000000000000000000e+00
1.647260273972602773e+00 1.000000000000000000e+00
1.654109589041095951e+00 1.000000000000000000e+00
1.660958904109589129e+00 1.000000000000000000e+00
1.667808219178082085e+00 1.000000000000000000e+00
1.674657534246575263e+00 1.000000000000000000e+00
1.681506849315068441e+00 1.000000000000000000e+00
1.688356164383561620e+00 1.000000000000000000e+00
1.695205479452054798e+00 1.000000000000000000e+00
1.702054794520547976e+00 1.000000000000000000e+00
1.708904109589041154e+00 1.000000000000000000e+00
1.715753424657534332e+00 1.000000000000000000e+00
1.722602739726027288e+00 1.000000000000000000e+00
1.729452054794520466e+00 1.000000000000000000e+00
1.736301369863013644e+00 1.000000000000000000e+00
1.743150684931506822e+00 1.000000000000000000e+00
1.750000000000000000e+00 1.000000000000000000e+00
1.756849315068493178e+00 1.000000000000000000e+00
1.763698630136986356e+00 1.000000000000000000e+00
1.770547945205479534e+00 1.000000000000000000e+00
1.777397260273972712e+00 1.000000000000000000e+00
1.784246575342465668e+00 1.000000000000000000e+00
1.791095890410958846e+00 1.000000000000000000e+00
1.797945205479452024e+00 1.000000000000000000e+00
1.804794520547945202e+00 1.000000000000000000e+00
1.811643835616438380e+00 1.000000000000000000e+00
1.818493150684931559e+00 1.000000000000000000e+00
1.825342465753424737e+00 1.000000000000000000e+00
1.832191780821917915e+00 1.000000000000000000e+00
1.839041095890410871e+00 1.000000000000000000e+00
1.845890410958904049e+00 1.000000000000000000e+00
1.852739726027397227e+00 1.000000000000000000e+00
1.859589041095890405e+00 1.000000000000000000e+00
1.866438356164383583e+00 1.000000000000000000e+00
1.873287671232876761e+00 1.000000000000000000e+00
1.880136986301369939e+00 1.000000000000000000e+00
1.886986301369863117e+00 1.000000000000000000e+00
1.893835616438356073e+00 1.000000000000000000e+00
1.900684931506849251e+00 1.000000000000000000e+00
1.907534246575342429e+00 1.000000000000000000e+00
1.914383561643835607e+00 1.000000000000000000e+00
1.921232876712328785e+00 1.000000000000000000e+00
1.928082191780821963e+00 1.000000000000000000e+00
1.934931506849315141e+00 1.000000000000000000e+00
1.941780821917808320e+00 1.000000000000000000e+00
1.948630136986301276e+00 1.000000000000000000e+00
1.955479452054794454e+00 1.000000000000000000e+00
1.962328767123287632e+00 1.000000000000000000e+00
1.969178082191780810e+00 1.000000000000000000e+00
1.976027397260273988e+00 1.000000000000000000e+00
1.982876712328767166e+00 1.000000000000000000e+00
1.989726027397260344e+00 1.000000000000000000e+00
1.996575342465753522e+00 1.000000000000000000e+00
2.003424657534246478e+00 1.000000000000000000e+00
2.010273972602739878e+00 1.000000000000000000e+00
2.017123287671232834e+00 1.000000000000000000e+00
2.023972602739726234e+00 1.000000000000000000e+00
2.030821917808219190e+00 1.000000000000000000e+00
2.037671232876712146e+00 1.000000000000000000e+00
2.044520547945205546e+00 1.000000000000000000e+00
2.051369863013698502e+00 1.000000000000000000e+00
2.058219178082191902e+00 1.000000000000000000e+00
2.065068493150684859e+00 1.000000000000000000e+00
2.071917808219178259e+00 1.000000000000000000e+00
2.078767123287671215e+00 1.000000000000000000e+00
2.085616438356164171e+00 1.000000000000000000e+00
2.092465753424657571e+00 1.000000000000000000e+00
2.099315068493150527e+00 1.000000000000000000e+00
2.106164383561643927e+00 1.000000000000000000e+00
2.113013698630136883e+00 1.000000000000000000e+00
2.119863013698630283e+00 1.000000000000000000e+00
2.126712328767123239e+00 1.000000000000000000e+00
2.133561643835616639e+00 1.000000000000000000e+00
2.140410958904109595e+00 1.000000000000000000e+00
2.147260273972602551e+00 1.000000000000000000e+00
2.154109589041095951e+00 1.000000000000000000e+00
2.160958904109588907e+00 1.000000000000000000e+00
2.167808219178082307e+00 1.000000000000000000e+00
2.174657534246575263e+00 1.000000000000000000e+00
2.181506849315068663e+00 1.000000000000000000e+00
2.188356164383561620e+00 1.000000000000000000e+00
2.195205479452054576e+00 1.000000000000000000e+00
2.202054794520547976e+00 1.000000000000000000e+00
2.208904109589040932e+00 1.000000000000000000e+00
2.215753424657534332e+00 1.000000000000000000e+00
2.222602739726027288e+00 1.000000000000000000e+00
2.229452054794520688e+00 1.000000000000000000e+00
2.236301369863013644e+00 1.000000000000000000e+00
2.243150684931507044e+00 1.000000000000000000e+00
2.250000000000000000e+00 1.000000000000000000e+00
2.256849315068492956e+00 1.000000000000000000e+00
2.263698630136986356e+00 1.000000000000000000e+00
2.270547945205479312e+00 1.000000000000000000e+00
2.277397260273972712e+00 1.000000000000000000e+00
2.284246575342465668e+00 1.000000000000000000e+00
2.291095890410959068e+00 1.000000000000000000e+00
2.297945205479452024e+00 1.000000000000000000e+00
2.304794520547945424e+00 1.000000000000000000e+00
2.311643835616438380e+00 1.000000000000000000e+00
2.318493150684931337e+00 1.000000000000000000e+00
2.325342465753424737e+00 1.000000000000000000e+00
2.332191780821917693e+00 1.000000000000000000e+00
2.339041095890411093e+00 1.000000000000000000e+00
2.345890410958904049e+00 1.000000000000000000e+00
2.352739726027397449e+00 1.000000000000000000e+00
2.359589041095890405e+00 1.000000000000000000e+00
2.366438356164383361e+00 1.000000000000000000e+00
2.373287671232876761e+00 1.000000000000000000e+00
2.380136986301369717e+00 1.000000000000000000e+00
2.386986301369863117e+00 1.000000000000000000e+00
2.393835616438356073e+00 1.000000000000000000e+00
2.400684931506849473e+00 1.000000000000000000e+00
2.407534246575342429e+00 1.000000000000000000e+00
2.414383561643835829e+00 1.000000000000000000e+00
2.421232876712328785e+00 1.000000000000000000e+00
2.428082191780821741e+00 1.000000000000000000e+00
2.434931506849315141e+00 1.000000000000000000e+00
2.441780821917808098e+00 1.000000000000000000e+00
2.448630136986301498e+00 1.000000000000000000e+00
2.455479452054794454e+00 1.000000000000000000e+00
2.462328767123287854e+00 1.000000000000000000e+00
2.469178082191780810e+00 1.000000000000000000e+00
2.476027397260273766e+00 1.000000000000000000e+00
2.482876712328767166e+00 1.000000000000000000e+00
2.489726027397260122e+00 1.000000000000000000e+00
2.496575342465753522e+00 1.000000000000000000e+00
2.503424657534246478e+00 1.000000000000000000e+00
2.510273972602739878e+00 1.000000000000000000e+00
2.517123287671232834e+00 1.000000000000000000e+00
2.523972602739726234e+00 1.000000000000000000e+00
2.530821917808219190e+00 1.000000000000000000e+00
2.537671232876712146e+00 1.000000000000000000e+00
2.544520547945205546e+00 1.000000000000000000e+00
2.551369863013698502e+00 1.000000000000000000e+00
2.558219178082191902e+00 1.000000000000000000e+00
2.565068493150684859e+00 1.000000000000000000e+00
2.571917808219178259e+00 1.000000000000000000e+00
2.578767123287671215e+00 1.000000000000000000e+00
2.585616438356164171e+00 1.000000000000000000e+00
2.592465753424657571e+00 1.000000000000000000e+00
2.599315068493150527e+00 1.000000000000000000e+00
2.606164383561643927e+00 1.000000000000000000e+00
2.613013698630136883e+00 1.000000000000000000e+00
2.619863013698630283e+00 1.000000000000000000e+00
2.626712328767123239e+00 1.000000000000000000e+00
2.633561643835616639e+00 1.000000000000000000e+00
2.640410958904109595e+00 1.000000000000000000e+00
2.647260273972602551e+00 1.000000000000000000e+00
2.654109589041095951e+00 1.000000000000000000e+00
2.660958904109588907e+00 1.000000000000000000e+00
2.667808219178082307e+00 1.000000000000000000e+00
2.674657534246575263e+00 1.000000000000000000e+00
2.681506849315068663e+00 1.000000000000000000e+00
2.688356164383561620e+00 1.000000000000000000e+00
2.695205479452054576e+00 1.000000000000000000e+00
2.702054794520547976e+00 1.000000000000000000e+00
2.708904109589040932e+00 1.000000000000000000e+00
2.715753424657534332e+00 1.000000000000000000e+00
2.722602739726027288e+00 1.000000000000000000e+00
2.729452054794520688e+00 1.000000000000000000e+00
2.736301369863013644e+00 1.000000000000000000e+00
2.743150684931507044e+00 1.000000000000000000e+00
2.750000000000000000e+00 1.000000000000000000e+00
2.756849315068492956e+00 1.000000000000000000e+00
2.763698630136986356e+00 1.000000000000000000e+00
2.770547945205479312e+00 1.000000000000000000e+00
2.777397260273972712e+00 1.000000000000000000e+00
2.784246575342465668e+00 1.000000000000000000e+00
2.791095890410959068e+00 1.000000000000000000e+00
2.797945205479452024e+00 1.000000000000000000e+00
2.804794520547945424e+00 1.000000000000000000e+00
2.811643835616438380e+00 1.000000000000000000e+00
2.818493150684931337e+00 1.000000000000000000e+00
2.825342465753424737e+00 1.000000000000000000e+00
2.832191780821917693e+00 1.000000000000000000e+00
2.839041095890411093e+00 1.000000000000000000e+00
2.845890410958904049e+00 1.000000000000000000e+00
2.852739726027397449e+00 1.000000000000000000e+00
2.859589041095890405e+00 1.000000000000000000e+00
2.866438356164383361e+00 1.000000000000000000e+00
2.873287671232876761e+00 1.000000000000000000e+00
2.880136986301369717e+00 1.000000000000000000e+00
2.886986301369863117e+00 1.000000000000000000e+00
2.893835616438356073e+00 1.000000000000000000e+00
2.900684931506849473e+00 1.000000000000000000e+00
2.907534246575342429e+00 1.000000000000000000e+00
2.914383561643835829e+00 1.000000000000000000e+00
2.921232876712328785e+00 1.000000000000000000e+00
2.928082191780821741e+00 1.000000000000000000e+00
2.934931506849315141e+00 1.000000000000000000e+00
2.941780821917808098e+00 1.000000000000000000e+00
2.948630136986301498e+00 1.000000000000000000e+00
2.955479452054794454e+00 1.000000000000000000e+00
2.962328767123287854e+00 1.000000000000000000e+00
2.969178082191780810e+00 1.000000000000000000e+00
2.976027397260273766e+00 1.000000000000000000e+00
2.982876712328767166e+00 1.000000000000000000e+00
2.989726027397260122e+00 1.000000000000000000e+00
2.996575342465753522e+00 1.000000000000000000e+00
3.003424657534246478e+00 1.000000000000000000e+00
3.010273972602739878e+00 1.000000000000000000e+00
3.017123287671232834e+00 1.000000000000000000e+00
3.023972602739726234e+00 1.000000000000000000e+00
3.030821917808219190e+00 1.000000000000000000e+00
3.037671232876712146e+00 1.000000000000000000e+00
3.044520547945205546e+00 1.000000000000000000e+00
3.051369863013698502e+00 1.000000000000000000e+00
3.058219178082191902e+00 1.000000000000000000e+00
3.065068493150684859e+00 1.000000000000000000e+00
3.071917808219178259e+00 1.000000000000000000e+00
3.078767123287671215e+00 1.000000000000000000e+00
3.085616438356164171e+00 1.000000000000000000e+00
3.092465753424657571e+00 1.000000000000000000e+00
3.099315068493150527e+00 1.000000000000000000e+00
3.106164383561643927e+00 1.000000000000000000e+00
3.113013698630136883e+00 1.000000000000000000e+00
3.119863013698630283e+00 1.000000000000000000e+00
3.126712328767123239e+00 1.000000000000000000e+00
3.133561643835616639e+00 1.000000000000000000e+00
3.140410958904109595e+00 1.000000000000000000e+00
3.147260273972602551e+00 1.000000000000000000e+00
3.154109589041095951e+00 1.000000000000000000e+00
3.160958904109588907e+00 1.000000000000000000e+00
3.167808219178082307e+00 1.000000000000000000e+00
3.174657534246575263e+00 1.000000000000000000e+00
3.181506849315068663e+00 1.000000000000000000e+00
3.188356164383561620e+00 1.000000000000000000e+00
3.195205479452054576e+00 1.000000000000000000e+00
3.202054794520547976e+00 1.000000000000000000e+00
3.208904109589040932e+00 1.000000000000000000e+00
3.215753424657534332e+00 1.000000000000000000e+00
3.222602739726027288e+00 1.000000000000000000e+00
3.229452054794520688e+00 1.000000000000000000e+00
3.236301369863013644e+00 1.000000000000000000e+00
3.243150684931507044e+00 1.000000000000000000e+00
3.250000000000000000e+00 1.000000000000000000e+00
3.256849315068492956e+00 1.000000000000000000e+00
3.263698630136986356e+00 1.000000000000000000e+00
3.270547945205479312e+00 1.000000000000000000e+00
3.277397260273972712e+00 1.000000000000000000e+00
3.284246575342465668e+00 1.000000000000000000e+00
3.291095890410959068e+00 1.000000000000000000e+00
3.297945205479452024e+00 1.000000000000000000e+00
3.304794520547945424e+00 1.000000000000000000e+00
3.311643835616438380e+00 1.000000000000000000e+00
3.318493150684931337e+00 1.000000000000000000e+00
3.325342465753424737e+00 1.000000000000000000e+00
3.332191780821917693e+00 1.000000000000000000e+00
3.339041095890411093e+00 1.000000000000000000e+00
3.345890410958904049e+00 1.000000000000000000e+00
3.352739726027397449e+00 1.000000000000000000e+00
3.359589041095890405e+00 1.000000000000000000e+00
3.366438356164383361e+00 1.000000000000000000e+00
3.373287671232876761e+00 1.000000000000000000e+00
3.380136986301369717e+00 1.000000000000000000e+00
3.386986301369863117e+00 1.000000000000000000e+00
3.393835616438356073e+00 1.000000000000000000e+00
3.400684931506849473e+00 1.000000000000000000e+00
3.407534246575342429e+00 1.000000000000000000e+00
3.414383561643835829e+00 1.000000000000000000e+00
3.421232876712328785e+00 1.000000000000000000e+00
3.428082191780821741e+00 1.000000000000000000e+00
3.434931506849315141e+00 1.000000000000000000e+00
3.441780821917808098e+00 1.000000000000000000e+00
3.448630136986301498e+00 1.000000000000000000e+00
3.455479452054794454e+00 1.000000000000000000e+00
3.462328767123287854e+00 1.000000000000000000e+00
3.469178082191780810e+00 1.000000000000000000e+00
3.476027397260273766e+00 1.000000000000000000e+00
3.482876712328767166e+00 1.000000000000000000e+00
3.489726027397260122e+00 1.000000000000000000e+00
3.496575342465753522e+00 1.000000000000000000e+00
3.503424657534246478e+00 1.000000000000000000e+00
