# Matter power spectrum P(k) at redshift z=0
# for k=1.05216e-05 to 13.9014 h/Mpc,
# number of wavenumbers equal to 548
#    1:k (h/Mpc)              2:P (Mpc/h)^3        
       1.052162017240e-05       5.170916654933e+01 
       2.350772107913e-05       1.118731710346e+02 
       3.654020024128e-05       1.708503926788e+02 
       4.965469873119e-05       2.293329082147e+02 
       6.288745637405e-05       2.877072688175e+02 
       7.627564016474e-05       3.462589005284e+02 
       8.985768334586e-05       4.052292031515e+02 
       1.036736397250e-04       4.648387933775e+02 
       1.177655578436e-04       5.252993766026e+02 
       1.321778796441e-04       5.868208466813e+02 
       1.469578682853e-04       6.496161855935e+02 
       1.621560696842e-04       7.139052173270e+02 
       1.778268121613e-04       7.799177979127e+02 
       1.940287481518e-04       8.478966798705e+02 
       2.108254412086e-04       9.181002746574e+02 
       2.282860003257e-04       9.908053213277e+02 
       2.464857617582e-04       1.066309592874e+03 
       2.655070157703e-04       1.144934595246e+03 
       2.854397717961e-04       1.227028251547e+03 
       3.063825500011e-04       1.312967530958e+03 
       3.284431797490e-04       1.403160954143e+03 
       3.517395755950e-04       1.498050788548e+03 
       3.764004487259e-04       1.598114793601e+03 
       4.025658960250e-04       1.703867276264e+03 
       4.303877902338e-04       1.815859093823e+03 
       4.600298737232e-04       1.934676230981e+03 
       4.916674368247e-04       2.060936510536e+03 
       5.254864425558e-04       2.195283882862e+03 
       5.616819476895e-04       2.338379740765e+03 
       6.004556721769e-04       2.490890857153e+03 
       6.420125931567e-04       2.653473462254e+03 
       6.865564946312e-04       2.826753522179e+03 
       7.342844955267e-04       3.011303452328e+03 
       7.853807074603e-04       3.207616092416e+03 
       8.400093291696e-04       3.416077599176e+03 
       8.983076443675e-04       3.636941036112e+03 
       9.603795189002e-04       3.870303392759e+03 
       1.026290051399e-03       4.116088586058e+03 
       1.096061986160e-03       4.374038533585e+03 
       1.169674336399e-03       4.643714240292e+03 
       1.247063410278e-03       4.924506891981e+03 
       1.328126131146e-03       5.215658315653e+03 
       1.412725263021e-03       5.516260967379e+03 
       1.500695952217e-03       5.825356093622e+03 
       1.591852910682e-03       6.141930314426e+03 
       1.685997597132e-03       6.464932144458e+03 
       1.782924870927e-03       6.793313619573e+03 
       1.882428759257e-03       7.126053604764e+03 
       1.984307149445e-03       7.462176172071e+03 
       2.088365365329e-03       7.800764072251e+03 
       2.194418694421e-03       8.140966729157e+03 
       2.302293998561e-03       8.482005425558e+03 
       2.411830570806e-03       8.823174412863e+03 
       2.522880404826e-03       9.163838896087e+03 
       2.635308029882e-03       9.503433136060e+03 
       2.748990042548e-03       9.841455084323e+03 
       2.863814441592e-03       1.017746351337e+04 
       2.979679848539e-03       1.051107064769e+04 
       3.096494675272e-03       1.084193899352e+04 
       3.214176282509e-03       1.116977516696e+04 
       3.332650158999e-03       1.149432638557e+04 
       3.451849140678e-03       1.181537516304e+04 
       3.571712681076e-03       1.213273233907e+04 
       3.692186178644e-03       1.244624197526e+04 
       3.813220362724e-03       1.275576898338e+04 
       3.934770737247e-03       1.306120401266e+04 
       4.056797079609e-03       1.336245164478e+04 
       4.179262991157e-03       1.365943779031e+04 
       4.302135495260e-03       1.395210312104e+04 
       4.425384678732e-03       1.424039854595e+04 
       4.548983372436e-03       1.452428930934e+04 
       4.672906867087e-03       1.480374684238e+04 
       4.797132660503e-03       1.507876095175e+04 
       4.921640232876e-03       1.534930727075e+04 
       5.046410846930e-03       1.561540934293e+04 
       5.171427370143e-03       1.587706132360e+04 
       5.296674116521e-03       1.613426967715e+04 
       5.422136705660e-03       1.638704968206e+04 
       5.547801937108e-03       1.663541715632e+04 
       5.673657678258e-03       1.687938969619e+04 
       5.799692764211e-03       1.711899726011e+04 
       5.925896908236e-03       1.735425875732e+04 
       6.052260621603e-03       1.758520692768e+04 
       6.178775141736e-03       1.781187661798e+04 
       6.305432367739e-03       1.803429445868e+04 
       6.432224802458e-03       1.825249326734e+04 
       6.559145500367e-03       1.846651363780e+04 
       6.686188020620e-03       1.867638562794e+04 
       6.813346384718e-03       1.888215382200e+04 
       6.940615038267e-03       1.908385622643e+04 
       7.067988816420e-03       1.928152644826e+04 
       7.195462912579e-03       1.947520732795e+04 
       7.323032850035e-03       1.966493880646e+04 
       7.450694456231e-03       1.985075487437e+04 
       7.578443839380e-03       2.003270323009e+04 
       7.706277367195e-03       2.021082419141e+04 
       7.834191647523e-03       2.038516449148e+04 
       7.962183510688e-03       2.055574763263e+04 
       8.090249993374e-03       2.072263030352e+04 
       8.218388323907e-03       2.088584711376e+04 
       8.346595908785e-03       2.104542509754e+04 
       8.474870320347e-03       2.120143405430e+04 
       8.603209285481e-03       2.135390069951e+04 
       8.731610675253e-03       2.150286065392e+04 
       8.860072495387e-03       2.164835993815e+04 
       8.988592877524e-03       2.179042912752e+04 
       9.117170071166e-03       2.192911775460e+04 
       9.245802436271e-03       2.206446045255e+04 
       9.374488436424e-03       2.219649776476e+04 
       9.503226632536e-03       2.232526872869e+04 
       9.632015677038e-03       2.245080761868e+04 
       9.760854308503e-03       2.257315123563e+04 
       9.889741346691e-03       2.269234466428e+04 
       1.001867568796e-02       2.280840879982e+04 
       1.014765630100e-02       2.292139378823e+04 
       1.027668222292e-02       2.303133284002e+04 
       1.040575255559e-02       2.313825588249e+04 
       1.053486646227e-02       2.324220825801e+04 
       1.066402316444e-02       2.334321725075e+04 
       1.079322193894e-02       2.344131969461e+04 
       1.092246211522e-02       2.353655248225e+04 
       1.105174307285e-02       2.362895087265e+04 
       1.118106423920e-02       2.371853112296e+04 
       1.131042508723e-02       2.380536274965e+04 
       1.143982513352e-02       2.388945281704e+04 
       1.156926393637e-02       2.397084590312e+04 
       1.169874109404e-02       2.404956048363e+04 
       1.182825624318e-02       2.412564076382e+04 
       1.195780905728e-02       2.419913036118e+04 
       1.208739924525e-02       2.427004179573e+04 
       1.221702655018e-02       2.433841208997e+04 
       1.234669074807e-02       2.440427737033e+04 
       1.247639164673e-02       2.446765817414e+04 
       1.260612908473e-02       2.452860000463e+04 
       1.273590293043e-02       2.458712623972e+04 
       1.286571308106e-02       2.464326842662e+04 
       1.299555946191e-02       2.469705706965e+04 
       1.312544202555e-02       2.474852490901e+04 
       1.325536075111e-02       2.479769141174e+04 
       1.338531564362e-02       2.484461126816e+04 
       1.351530673340e-02       2.488928228186e+04 
       1.364533407550e-02       2.493174945596e+04 
       1.377539774920e-02       2.497203613436e+04 
       1.390549785752e-02       2.501017490969e+04 
       1.403563452678e-02       2.504618660861e+04 
       1.416580790625e-02       2.508009651584e+04 
       1.429601816775e-02       2.511193868734e+04 
       1.442626550538e-02       2.514174222322e+04 
       1.455655013517e-02       2.516951762348e+04 
       1.468687229490e-02       2.519530757220e+04 
       1.481723224380e-02       2.521912148738e+04 
       1.494763026242e-02       2.524100226220e+04 
       1.507806665244e-02       2.526096994036e+04 
       1.520854173650e-02       2.527904721879e+04 
       1.533905585813e-02       2.529524718328e+04 
       1.546960938166e-02       2.530961776711e+04 
       1.560020269211e-02       2.532217068771e+04 
       1.573083619518e-02       2.533292995089e+04 
       1.586151031723e-02       2.534193106600e+04 
       1.599222550526e-02       2.534917116817e+04 
       1.612298222697e-02       2.535470291404e+04 
       1.625378097073e-02       2.535854652977e+04 
       1.638462224574e-02       2.536069048062e+04 
       1.651550658203e-02       2.536119520300e+04 
       1.664643453057e-02       2.536007846851e+04 
       1.677740666345e-02       2.535734972883e+04 
       1.690842357392e-02       2.535303632217e+04 
       1.703948587665e-02       2.534716062872e+04 
       1.717059420779e-02       2.533975344370e+04 
       1.730174922525e-02       2.533081975894e+04 
       1.743295160886e-02       2.532040315754e+04 
       1.756420206061e-02       2.530850778562e+04 
       1.769550130488e-02       2.529515979957e+04 
       1.782685008870e-02       2.528037421169e+04 
       1.795824918201e-02       2.526418469891e+04 
       1.808969937799e-02       2.524660779139e+04 
       1.822120149331e-02       2.522766054260e+04 
       1.835275636850e-02       2.520736726830e+04 
       1.848436486828e-02       2.518573459806e+04 
       1.861602788189e-02       2.516280077722e+04 
       1.874774632350e-02       2.513858214160e+04 
       1.887952113256e-02       2.511311577740e+04 
       1.901135327425e-02       2.508638486343e+04 
       1.914324373989e-02       2.505843746509e+04 
       1.927519354737e-02       2.502926796353e+04 
       1.940720374161e-02       2.499891945546e+04 
       1.953927539506e-02       2.496739339194e+04 
       1.967140960817e-02       2.493472283058e+04 
       1.980360750994e-02       2.490092060716e+04 
       1.993587025841e-02       2.486602655418e+04 
       2.006819904124e-02       2.483003447150e+04 
       2.020059507628e-02       2.479295876232e+04 
       2.033305961215e-02       2.475483696883e+04 
       2.046559392887e-02       2.471564506671e+04 
       2.059819933848e-02       2.467546422936e+04 
       2.073087718570e-02       2.463430312867e+04 
       2.086362884860e-02       2.459212032356e+04 
       2.099645573930e-02       2.454896587920e+04 
       2.112935930470e-02       2.450489891319e+04 
       2.126234102721e-02       2.445990798965e+04 
       2.139540242552e-02       2.441396058877e+04 
       2.152854505542e-02       2.436714156665e+04 
       2.166177051056e-02       2.431938682084e+04 
       2.179508042336e-02       2.427088910769e+04 
       2.192847646583e-02       2.422150757953e+04 
       2.206196035048e-02       2.417127224896e+04 
       2.219553383128e-02       2.412021824873e+04 
       2.232919870454e-02       2.406837660597e+04 
       2.246295680998e-02       2.401581341321e+04 
       2.259681003169e-02       2.396234946218e+04 
       2.273076029917e-02       2.390824858368e+04 
       2.286480958848e-02       2.385338550008e+04 
       2.299895992324e-02       2.379779232957e+04 
       2.313321337590e-02       2.374146262792e+04 
       2.326757206883e-02       2.368450477469e+04 
       2.340203817558e-02       2.362687824664e+04 
       2.353661392216e-02       2.356841931884e+04 
       2.367130158827e-02       2.350955329594e+04 
       2.380610350874e-02       2.344998837014e+04 
       2.394102207480e-02       2.338982639000e+04 
       2.407605973561e-02       2.332897466012e+04 
       2.421121899967e-02       2.326759054133e+04 
       2.434650243633e-02       2.320558754239e+04 
       2.448191267743e-02       2.314302677973e+04 
       2.461745241882e-02       2.307991897135e+04 
       2.475312442212e-02       2.301632085189e+04 
       2.488893151639e-02       2.295220499434e+04 
       2.502487659991e-02       2.288755860742e+04 
       2.516096264207e-02       2.282237399316e+04 
       2.529719268522e-02       2.275677015166e+04 
       2.543356984663e-02       2.269066113372e+04 
       2.557009732058e-02       2.262410310550e+04 
       2.570677838037e-02       2.255710525109e+04 
       2.584361638056e-02       2.248964120866e+04 
       2.598061475917e-02       2.242183097026e+04 
       2.611777704002e-02       2.235355478571e+04 
       2.625510683509e-02       2.228489093608e+04 
       2.639260784704e-02       2.221583453938e+04 
       2.653028387176e-02       2.214643211940e+04 
       2.666813880099e-02       2.207662058090e+04 
       2.680617662513e-02       2.200646851073e+04 
       2.694440143603e-02       2.193599481178e+04 
       2.708281742995e-02       2.186519926097e+04 
       2.722142891062e-02       2.179404191285e+04 
       2.736024029240e-02       2.172264100264e+04 
       2.749925610352e-02       2.165093056747e+04 
       2.763848098952e-02       2.157889077555e+04 
       2.777791971675e-02       2.150654701600e+04 
       2.791757717599e-02       2.143398121003e+04 
       2.805745838630e-02       2.136115585138e+04 
       2.819756849886e-02       2.128809853539e+04 
       2.833791280112e-02       2.121485154592e+04 
       2.847849672100e-02       2.114130861073e+04 
       2.861932583126e-02       2.106749479746e+04 
       2.876040585411e-02       2.099348448787e+04 
       2.890174266590e-02       2.091936941845e+04 
       2.904334230209e-02       2.084500010266e+04 
       2.918521096234e-02       2.077042253408e+04 
       2.932735501584e-02       2.069570614336e+04 
       2.946978100686e-02       2.062085811570e+04 
       2.961249566051e-02       2.054579946109e+04 
       2.975550588873e-02       2.047057333662e+04 
       2.989881879654e-02       2.039525463179e+04 
       3.004244168855e-02       2.031975106302e+04 
       3.018638207573e-02       2.024415710098e+04 
       3.033064768247e-02       2.016838952828e+04 
       3.047524645398e-02       2.009256224271e+04 
       3.062018656390e-02       2.001659915662e+04 
       3.076547642238e-02       1.994052455070e+04 
       3.091112468442e-02       1.986438622227e+04 
       3.105714025859e-02       1.978818675621e+04 
       3.120353231615e-02       1.971183377626e+04 
       3.135031030061e-02       1.963541135881e+04 
       3.149748393766e-02       1.955899545153e+04 
       3.164506324559e-02       1.948245914893e+04 
       3.179305854619e-02       1.940589656490e+04 
       3.194148047617e-02       1.932928010396e+04 
       3.209033999906e-02       1.925255524805e+04 
       3.223964841776e-02       1.917584458165e+04 
       3.238941738759e-02       1.909908909656e+04 
       3.253965893010e-02       1.902232997247e+04 
       3.269038544739e-02       1.894558365426e+04 
       3.284160973729e-02       1.886871810118e+04 
       3.299334500921e-02       1.879191557008e+04 
       3.314560490080e-02       1.871502035917e+04 
       3.329840349547e-02       1.863820983518e+04 
       3.345175534078e-02       1.856136173194e+04 
       3.360567546786e-02       1.848446201360e+04 
       3.376017941171e-02       1.840764163786e+04 
       3.391528323272e-02       1.833080739974e+04 
       3.407100353922e-02       1.825401738694e+04 
       3.422735751136e-02       1.817725402549e+04 
       3.438436292620e-02       1.810042527348e+04 
       3.454203818419e-02       1.802366498349e+04 
       3.470040233724e-02       1.794695099110e+04 
       3.485947511822e-02       1.787023648062e+04 
       3.501927697224e-02       1.779355592021e+04 
       3.517982908970e-02       1.771689315621e+04 
       3.534115344131e-02       1.764031930443e+04 
       3.550327281510e-02       1.756373415957e+04 
       3.566621085570e-02       1.748719704765e+04 
       3.582999210602e-02       1.741074431654e+04 
       3.599464205136e-02       1.733427499659e+04 
       3.616018716639e-02       1.725787520321e+04 
       3.632665496497e-02       1.718151032344e+04 
       3.649407405320e-02       1.710521346093e+04 
       3.666247418581e-02       1.702891850449e+04 
       3.683188632629e-02       1.695268407522e+04 
       3.700234271088e-02       1.687655905246e+04 
       3.717387691695e-02       1.680038765084e+04 
       3.734652393587e-02       1.672432047880e+04 
       3.752032025097e-02       1.664827880935e+04 
       3.769530392089e-02       1.657223915124e+04 
       3.787151466869e-02       1.649630005189e+04 
       3.804899397748e-02       1.642041027725e+04 
       3.822778519281e-02       1.634456745891e+04 
       3.840793363262e-02       1.626872583067e+04 
       3.858948670541e-02       1.619297625034e+04 
       3.877249403722e-02       1.611718746700e+04 
       3.895700760840e-02       1.604148410011e+04 
       3.914308190094e-02       1.596578713546e+04 
       3.933077405747e-02       1.589016414202e+04 
       3.952014405293e-02       1.581453039413e+04 
       3.971125488021e-02       1.573889357676e+04 
       3.990417275105e-02       1.566333794804e+04 
       4.009896731388e-02       1.558773315436e+04 
       4.029571189012e-02       1.551219896895e+04 
       4.049448373096e-02       1.543663074760e+04 
       4.069536429676e-02       1.536105182438e+04 
       4.089843956138e-02       1.528544072055e+04 
       4.110380034434e-02       1.520987876359e+04 
       4.131154267354e-02       1.513428605353e+04 
       4.152176818235e-02       1.505863053924e+04 
       4.173458454467e-02       1.498297175835e+04 
       4.195010595251e-02       1.490726343356e+04 
       4.216845364108e-02       1.483153121498e+04 
       4.238975646711e-02       1.475565870603e+04 
       4.261415154690e-02       1.467977401757e+04 
       4.284178496153e-02       1.460379092734e+04 
       4.307281253788e-02       1.452771973244e+04 
       4.330740071514e-02       1.445154976383e+04 
       4.354572750826e-02       1.437527610436e+04 
       4.378798358138e-02       1.429882318883e+04 
       4.403437344635e-02       1.422231534885e+04 
       4.428511680406e-02       1.414553398749e+04 
       4.454045004904e-02       1.406863142634e+04 
       4.480062796129e-02       1.399154874207e+04 
       4.506592561363e-02       1.391420558130e+04 
       4.533664052738e-02       1.383662907481e+04 
       4.561309511578e-02       1.375878054834e+04 
       4.589563946101e-02       1.368069651751e+04 
       4.618465448014e-02       1.360224655104e+04 
       4.648055554522e-02       1.352347017730e+04 
       4.678379663626e-02       1.344437950478e+04 
       4.709487512124e-02       1.336481271043e+04 
       4.741433727710e-02       1.328482010946e+04 
       4.774278468959e-02       1.320436065842e+04 
       4.808088169976e-02       1.312333481396e+04 
       4.842936410232e-02       1.304177430590e+04 
       4.878904934729e-02       1.295957615232e+04 
       4.916084855550e-02       1.287664393503e+04 
       4.954578073176e-02       1.279296235684e+04 
       4.994498965325e-02       1.270846691251e+04 
       5.035976402938e-02       1.262303748288e+04 
       5.079156168005e-02       1.253660153745e+04 
       5.124203867190e-02       1.244899586621e+04 
       5.171308459725e-02       1.236015687037e+04 
       5.220686549247e-02       1.226990256103e+04 
       5.272587628721e-02       1.217803797325e+04 
       5.327300517012e-02       1.208440561421e+04 
       5.385161286438e-02       1.198870774343e+04 
       5.446563052827e-02       1.189069582584e+04 
       5.511968080349e-02       1.178998565683e+04 
       5.581922732395e-02       1.168609224499e+04 
       5.657075852001e-02       1.157850374808e+04 
       5.738201125212e-02       1.146647414770e+04 
       5.826223754178e-02       1.134908015498e+04 
       5.922251120933e-02       1.122513709813e+04 
       6.027605646616e-02       1.109298204453e+04 
       6.143855042986e-02       1.095054258560e+04 
       6.272829571713e-02       1.079495167482e+04 
       6.416606666588e-02       1.062248704158e+04 
       6.577430483500e-02       1.042820087204e+04 
       6.757522617578e-02       1.020595183141e+04 
       6.958746293643e-02       9.948705370518e+03 
       7.182138353825e-02       9.649420568401e+03 
       7.427438163755e-02       9.302960578621e+03 
       7.692861429718e-02       8.908513276057e+03 
       7.975334167169e-02       8.471596162418e+03 
       8.271139746556e-02       8.004362826367e+03 
       8.576654114900e-02       7.523815767879e+03 
       8.888843439287e-02       7.048818187242e+03 
       9.205430585191e-02       6.596973990314e+03 
       9.524830915469e-02       6.182449402546e+03 
       9.845996023531e-02       5.814716972148e+03 
       1.016825458712e-01       5.498339006485e+03 
       1.049118553256e-01       5.233342223474e+03 
       1.081452811827e-01       5.015949873365e+03 
       1.113812214910e-01       4.839520043924e+03 
       1.146186966825e-01       4.695466129029e+03 
       1.178571094144e-01       4.574152788115e+03 
       1.210960959645e-01       4.465828573277e+03 
       1.243354349961e-01       4.361438044292e+03 
       1.275749918086e-01       4.253410324466e+03 
       1.308146843684e-01       4.136240448853e+03 
       1.340544626455e-01       4.006885052140e+03 
       1.372942960570e-01       3.864804633403e+03 
       1.405341658405e-01       3.711728864979e+03 
       1.437740604232e-01       3.551124035230e+03 
       1.470139726102e-01       3.387566515215e+03 
       1.502538978765e-01       3.226024154328e+03 
       1.534938333302e-01       3.071233025206e+03 
       1.567337770813e-01       2.927198565208e+03 
       1.599737278586e-01       2.796848992557e+03 
       1.632136847756e-01       2.681875739007e+03 
       1.664536471878e-01       2.582725810187e+03 
       1.696936146057e-01       2.498689148933e+03 
       1.729335866407e-01       2.428109152158e+03 
       1.761735629721e-01       2.368607850775e+03 
       1.794135433264e-01       2.317365546829e+03 
       1.826535274640e-01       2.271390908750e+03 
       1.858935151711e-01       2.228191031252e+03 
       1.891335062540e-01       2.185018889332e+03 
       1.923735005354e-01       2.139525221327e+03 
       1.956134978519e-01       2.090290922328e+03 
       1.988534980518e-01       2.036704208953e+03 
       2.020935009944e-01       1.978926044833e+03 
       2.053335065479e-01       1.917771456620e+03 
       2.085735145894e-01       1.854540240373e+03 
       2.118135250035e-01       1.790761406698e+03 
       2.150535376820e-01       1.728017927693e+03 
       2.182935525234e-01       1.667711153178e+03 
       2.215335694318e-01       1.610985800726e+03 
       2.247735883173e-01       1.558670146563e+03 
       2.280136090950e-01       1.511243206791e+03 
       2.312536316847e-01       1.468855601304e+03 
       2.344936560108e-01       1.431332776192e+03 
       2.377336820020e-01       1.398214754819e+03 
       2.409737095904e-01       1.368803333236e+03 
       2.442137387122e-01       1.342232688761e+03 
       2.474537693067e-01       1.317565389698e+03 
       2.506938013165e-01       1.293881073235e+03 
       2.539338346870e-01       1.270370622020e+03 
       2.571738693665e-01       1.246399199473e+03 
       2.604139053058e-01       1.221540749636e+03 
       2.636539424582e-01       1.195587734087e+03 
       2.668939807793e-01       1.168533592384e+03 
       2.701340202267e-01       1.140549564274e+03 
       2.733740607601e-01       1.111959255573e+03 
       2.766141023413e-01       1.083178968363e+03 
       2.798541449335e-01       1.054685621117e+03 
       2.830941885019e-01       1.026958088475e+03 
       2.863342330131e-01       1.000419668401e+03 
       2.895742784354e-01       9.754014734027e+02 
       2.928143247383e-01       9.521008790383e+02 
       2.960543718927e-01       9.305821126949e+02 
       2.992944198708e-01       9.107888798857e+02 
       3.025344686461e-01       8.925679551414e+02 
       3.057745181930e-01       8.756946993490e+02 
       3.090145684872e-01       8.599081523913e+02 
       3.122546195053e-01       8.449300661701e+02 
       3.154946712248e-01       8.304836452396e+02 
       3.187347236243e-01       8.163130439112e+02 
       3.219747766831e-01       8.022001381053e+02 
       3.252148303815e-01       7.879811085235e+02 
       3.284548847003e-01       7.735614832150e+02 
       3.316949396214e-01       7.589172832189e+02 
       3.349349951272e-01       7.440904121763e+02 
       3.381750512007e-01       7.291769389721e+02 
       3.414151078258e-01       7.143021532556e+02 
       3.446551649869e-01       6.996044796714e+02 
       3.478952226688e-01       6.852147743182e+02 
       3.511352808570e-01       6.712531340439e+02 
       3.543753395378e-01       6.578142265849e+02 
       3.576153986975e-01       6.449693401330e+02 
       3.608554583233e-01       6.327608015536e+02 
       3.640955184026e-01       6.211976955084e+02 
       3.673355789234e-01       6.102519452709e+02 
       3.705756398740e-01       5.998642441630e+02 
       3.738157012433e-01       5.899535561248e+02 
       3.770557630203e-01       5.804192117096e+02 
       3.802958251947e-01       5.711682363539e+02 
       3.835358877563e-01       5.621140597818e+02 
       3.867759506953e-01       5.531900109970e+02 
       3.900160140023e-01       5.443475719032e+02 
       3.932560776682e-01       5.355565824321e+02 
       3.964961416841e-01       5.268030940855e+02 
       3.997362060415e-01       5.180847390375e+02 
       4.029762707321e-01       5.094151828160e+02 
       4.062163357479e-01       5.008183595400e+02 
       4.094564010812e-01       4.923318375545e+02 
       4.126964667244e-01       4.839899430708e+02 
       4.159365326703e-01       4.758345731947e+02 
       4.191765989118e-01       4.678976608581e+02 
       4.224166654421e-01       4.601980614348e+02 
       4.256567322546e-01       4.527469294989e+02 
       4.288967993429e-01       4.455443380646e+02 
       4.321368667007e-01       4.385820091169e+02 
       4.353769343220e-01       4.318494470901e+02 
       4.386170022010e-01       4.253326211926e+02 
       4.418570703319e-01       4.190138231135e+02 
       4.450971387092e-01       4.128713393522e+02 
       4.483372073276e-01       4.068819674448e+02 
       4.515772761818e-01       4.010144779943e+02 
       4.548173452669e-01       3.952490235848e+02 
       4.580574145778e-01       3.895655260923e+02 
       4.612974841099e-01       3.839470855032e+02 
       4.645375538584e-01       3.783939542763e+02 
       4.677776238188e-01       3.729055753768e+02 
       4.710176939868e-01       3.674823179813e+02 
       4.742577643582e-01       3.621331461531e+02 
       4.774978349286e-01       3.568636910599e+02 
       4.807379056942e-01       3.516817192651e+02 
       4.839779766509e-01       3.465941167514e+02 
       4.872180477950e-01       3.416130298984e+02 
       4.904581191227e-01       3.367482669688e+02 
       4.936981906303e-01       3.320047097007e+02 
       4.969382623145e-01       3.273881583233e+02 
       5.001783341717e-01       3.228936308689e+02 
       5.034184061985e-01       3.185153400982e+02 
       5.066584783917e-01       3.142438800706e+02 
       5.098985507482e-01       3.100658717615e+02 
       5.131386232647e-01       3.059752739909e+02 
       5.163786959384e-01       3.019622926469e+02 
       5.196187687662e-01       2.980207048641e+02 
       5.228588417453e-01       2.941449008641e+02 
       5.260989148729e-01       2.903273521350e+02 
       5.488415966696e-01       2.650184233307e+02 
       5.738147365394e-01       2.406559188708e+02 
       6.016103987712e-01       2.172618766609e+02 
       6.330984571748e-01       1.942736985210e+02 
       6.696215108184e-01       1.717512994936e+02 
       7.133817401109e-01       1.492598713756e+02 
       7.682711019258e-01       1.264910897040e+02 
       8.417910505529e-01       1.029480783903e+02 
       9.495424846739e-01       7.823789709283e+01 
       1.122274439640e+00       5.317703437947e+01 
       1.391291207044e+00       3.209731808505e+01 
       1.750103138830e+00       1.854530332918e+01 
       2.203229341536e+00       1.059949222455e+01 
       2.773701354201e+00       6.009221992263e+00 
       3.491883119514e+00       3.382032179376e+00 
       4.396020394171e+00       1.890813316739e+00 
       5.534261784987e+00       1.050722988646e+00 
       6.967222796641e+00       5.806587573104e-01 
       8.771213828323e+00       3.192601006449e-01 
       1.104230398076e+01       1.747159068811e-01 
       1.390143708613e+01       9.520028212225e-02 
