1.052162E-05 5.170917E+01 1.000000E+00 1.000000E+00
2.350772E-05 1.118732E+02 9.999950E-01 9.999950E-01
3.654020E-05 1.708504E+02 9.999858E-01 9.999858E-01
4.965470E-05 2.293329E+02 9.999726E-01 9.999726E-01
6.288746E-05 2.877073E+02 9.999553E-01 9.999553E-01
7.627564E-05 3.462589E+02 9.999336E-01 9.999336E-01
8.985768E-05 4.052292E+02 9.999073E-01 9.999073E-01
1.036736E-04 4.648388E+02 9.998763E-01 9.998763E-01
1.177656E-04 5.252994E+02 9.998401E-01 9.998401E-01
1.321779E-04 5.868208E+02 9.997984E-01 9.997984E-01
1.469579E-04 6.496162E+02 9.997508E-01 9.997508E-01
1.621561E-04 7.139052E+02 9.996966E-01 9.996966E-01
1.778268E-04 7.799178E+02 9.996354E-01 9.996354E-01
1.940287E-04 8.478967E+02 9.995664E-01 9.995664E-01
2.108254E-04 9.181003E+02 9.994887E-01 9.994887E-01
2.282860E-04 9.908053E+02 9.994015E-01 9.994015E-01
2.464858E-04 1.066310E+03 9.993036E-01 9.993036E-01
2.655070E-04 1.144935E+03 9.991938E-01 9.991938E-01
2.854398E-04 1.227028E+03 9.990707E-01 9.990707E-01
3.063826E-04 1.312968E+03 9.989325E-01 9.989325E-01
3.284432E-04 1.403161E+03 9.987774E-01 9.987774E-01
3.517396E-04 1.498051E+03 9.986032E-01 9.986032E-01
3.764004E-04 1.598115E+03 9.984074E-01 9.984074E-01
4.025659E-04 1.703867E+03 9.981873E-01 9.981873E-01
4.303878E-04 1.815859E+03 9.979394E-01 9.979394E-01
4.600299E-04 1.934676E+03 9.976604E-01 9.976604E-01
4.916674E-04 2.060937E+03 9.973461E-01 9.973461E-01
5.254864E-04 2.195284E+03 9.969921E-01 9.969921E-01
5.616819E-04 2.338380E+03 9.965933E-01 9.965933E-01
6.004557E-04 2.490891E+03 9.961446E-01 9.961446E-01
6.420126E-04 2.653473E+03 9.956401E-01 9.956401E-01
6.865565E-04 2.826754E+03 9.950737E-01 9.950737E-01
7.342845E-04 3.011303E+03 9.944393E-01 9.944393E-01
7.853807E-04 3.207616E+03 9.937304E-01 9.937304E-01
8.400093E-04 3.416078E+03 9.929409E-01 9.929409E-01
8.983076E-04 3.636941E+03 9.920646E-01 9.920646E-01
9.603795E-04 3.870303E+03 9.910962E-01 9.910962E-01
1.026290E-03 4.116089E+03 9.900305E-01 9.900305E-01
1.096062E-03 4.374039E+03 9.888635E-01 9.888635E-01
1.169674E-03 4.643714E+03 9.875917E-01 9.875917E-01
1.247063E-03 4.924507E+03 9.862131E-01 9.862131E-01
1.328126E-03 5.215658E+03 9.847264E-01 9.847264E-01
1.412725E-03 5.516261E+03 9.831292E-01 9.831292E-01
1.500696E-03 5.825356E+03 9.814239E-01 9.814239E-01
1.591853E-03 6.141930E+03 9.796139E-01 9.796139E-01
1.685998E-03 6.464932E+03 9.777021E-01 9.777021E-01
1.782925E-03 6.793314E+03 9.756923E-01 9.756923E-01
1.882429E-03 7.126054E+03 9.735887E-01 9.735887E-01
1.984307E-03 7.462176E+03 9.713961E-01 9.713961E-01
2.088365E-03 7.800764E+03 9.691195E-01 9.691195E-01
2.194419E-03 8.140967E+03 9.667641E-01 9.667641E-01
2.302294E-03 8.482005E+03 9.643351E-01 9.643351E-01
2.411831E-03 8.823174E+03 9.618378E-01 9.618378E-01
2.522880E-03 9.163839E+03 9.592774E-01 9.592774E-01
2.635308E-03 9.503433E+03 9.566588E-01 9.566588E-01
2.748990E-03 9.841455E+03 9.539869E-01 9.539869E-01
2.863814E-03 1.017746E+04 9.512663E-01 9.512663E-01
2.979680E-03 1.051107E+04 9.485014E-01 9.485014E-01
3.096495E-03 1.084194E+04 9.456961E-01 9.456961E-01
3.214176E-03 1.116978E+04 9.428544E-01 9.428544E-01
3.332650E-03 1.149433E+04 9.399799E-01 9.399799E-01
3.451849E-03 1.181538E+04 9.370759E-01 9.370759E-01
3.571713E-03 1.213273E+04 9.341454E-01 9.341454E-01
3.692186E-03 1.244624E+04 9.311912E-01 9.311912E-01
3.813220E-03 1.275577E+04 9.282161E-01 9.282161E-01
3.934771E-03 1.306120E+04 9.252225E-01 9.252225E-01
4.056797E-03 1.336245E+04 9.222125E-01 9.222125E-01
4.179263E-03 1.365944E+04 9.191882E-01 9.191882E-01
4.302135E-03 1.395210E+04 9.161516E-01 9.161516E-01
4.425385E-03 1.424040E+04 9.131045E-01 9.131045E-01
4.548983E-03 1.452429E+04 9.100483E-01 9.100483E-01
4.672907E-03 1.480375E+04 9.069846E-01 9.069846E-01
4.797133E-03 1.507876E+04 9.039148E-01 9.039148E-01
4.921640E-03 1.534931E+04 9.008398E-01 9.008398E-01
5.046411E-03 1.561541E+04 8.977614E-01 8.977614E-01
5.171427E-03 1.587706E+04 8.946804E-01 8.946804E-01
5.296674E-03 1.613427E+04 8.915978E-01 8.915978E-01
5.422137E-03 1.638705E+04 8.885144E-01 8.885144E-01
5.547802E-03 1.663542E+04 8.854309E-01 8.854309E-01
5.673658E-03 1.687939E+04 8.823481E-01 8.823481E-01
5.799693E-03 1.711900E+04 8.792668E-01 8.792668E-01
5.925897E-03 1.735426E+04 8.761873E-01 8.761873E-01
6.052261E-03 1.758521E+04 8.731104E-01 8.731104E-01
6.178775E-03 1.781188E+04 8.700367E-01 8.700367E-01
6.305432E-03 1.803429E+04 8.669665E-01 8.669665E-01
6.432225E-03 1.825249E+04 8.639003E-01 8.639003E-01
6.559146E-03 1.846651E+04 8.608385E-01 8.608385E-01
6.686188E-03 1.867639E+04 8.577813E-01 8.577813E-01
6.813346E-03 1.888215E+04 8.547294E-01 8.547294E-01
6.940615E-03 1.908386E+04 8.516829E-01 8.516829E-01
7.067989E-03 1.928153E+04 8.486421E-01 8.486421E-01
7.195463E-03 1.947521E+04 8.456073E-01 8.456073E-01
7.323033E-03 1.966494E+04 8.425788E-01 8.425788E-01
7.450694E-03 1.985075E+04 8.395566E-01 8.395566E-01
7.578444E-03 2.003270E+04 8.365410E-01 8.365410E-01
7.706277E-03 2.021082E+04 8.335324E-01 8.335324E-01
7.834192E-03 2.038516E+04 8.305309E-01 8.305309E-01
7.962184E-03 2.055575E+04 8.275363E-01 8.275363E-01
8.090250E-03 2.072263E+04 8.245492E-01 8.245492E-01
8.218388E-03 2.088585E+04 8.215696E-01 8.215696E-01
8.346596E-03 2.104543E+04 8.185972E-01 8.185972E-01
8.474870E-03 2.120143E+04 8.156327E-01 8.156327E-01
8.603209E-03 2.135390E+04 8.126761E-01 8.126761E-01
8.731611E-03 2.150286E+04 8.097272E-01 8.097272E-01
8.860072E-03 2.164836E+04 8.067863E-01 8.067863E-01
8.988593E-03 2.179043E+04 8.038532E-01 8.038532E-01
9.117170E-03 2.192912E+04 8.009283E-01 8.009283E-01
9.245802E-03 2.206446E+04 7.980115E-01 7.980115E-01
9.374488E-03 2.219650E+04 7.951028E-01 7.951028E-01
9.503227E-03 2.232527E+04 7.922023E-01 7.922023E-01
9.632016E-03 2.245081E+04 7.893100E-01 7.893100E-01
9.760854E-03 2.257315E+04 7.864259E-01 7.864259E-01
9.889741E-03 2.269234E+04 7.835502E-01 7.835502E-01
1.001868E-02 2.280841E+04 7.806825E-01 7.806825E-01
1.014766E-02 2.292139E+04 7.778231E-01 7.778231E-01
1.027668E-02 2.303133E+04 7.749720E-01 7.749720E-01
1.040575E-02 2.313826E+04 7.721291E-01 7.721291E-01
1.053487E-02 2.324221E+04 7.692945E-01 7.692945E-01
1.066402E-02 2.334322E+04 7.664682E-01 7.664682E-01
1.079322E-02 2.344132E+04 7.636501E-01 7.636501E-01
1.092246E-02 2.353655E+04 7.608402E-01 7.608402E-01
1.105174E-02 2.362895E+04 7.580386E-01 7.580386E-01
1.118106E-02 2.371853E+04 7.552450E-01 7.552450E-01
1.131043E-02 2.380536E+04 7.524600E-01 7.524600E-01
1.143983E-02 2.388945E+04 7.496830E-01 7.496830E-01
1.156926E-02 2.397085E+04 7.469144E-01 7.469144E-01
1.169874E-02 2.404956E+04 7.441538E-01 7.441538E-01
1.182826E-02 2.412564E+04 7.414013E-01 7.414013E-01
1.195781E-02 2.419913E+04 7.386573E-01 7.386573E-01
1.208740E-02 2.427004E+04 7.359213E-01 7.359213E-01
1.221703E-02 2.433841E+04 7.331934E-01 7.331934E-01
1.234669E-02 2.440428E+04 7.304737E-01 7.304737E-01
1.247639E-02 2.446766E+04 7.277620E-01 7.277620E-01
1.260613E-02 2.452860E+04 7.250585E-01 7.250585E-01
1.273590E-02 2.458713E+04 7.223630E-01 7.223630E-01
1.286571E-02 2.464327E+04 7.196756E-01 7.196756E-01
1.299556E-02 2.469706E+04 7.169963E-01 7.169963E-01
1.312544E-02 2.474852E+04 7.143250E-01 7.143250E-01
1.325536E-02 2.479769E+04 7.116617E-01 7.116617E-01
1.338532E-02 2.484461E+04 7.090066E-01 7.090066E-01
1.351531E-02 2.488928E+04 7.063593E-01 7.063593E-01
1.364533E-02 2.493175E+04 7.037199E-01 7.037199E-01
1.377540E-02 2.497204E+04 7.010886E-01 7.010886E-01
1.390550E-02 2.501017E+04 6.984651E-01 6.984651E-01
1.403563E-02 2.504619E+04 6.958495E-01 6.958495E-01
1.416581E-02 2.508010E+04 6.932416E-01 6.932416E-01
1.429602E-02 2.511194E+04 6.906417E-01 6.906417E-01
1.442627E-02 2.514174E+04 6.880495E-01 6.880495E-01
1.455655E-02 2.516952E+04 6.854650E-01 6.854650E-01
1.468687E-02 2.519531E+04 6.828883E-01 6.828883E-01
1.481723E-02 2.521912E+04 6.803191E-01 6.803191E-01
1.494763E-02 2.524100E+04 6.777577E-01 6.777577E-01
1.507807E-02 2.526097E+04 6.752040E-01 6.752040E-01
1.520854E-02 2.527905E+04 6.726578E-01 6.726578E-01
1.533906E-02 2.529525E+04 6.701191E-01 6.701191E-01
1.546961E-02 2.530962E+04 6.675881E-01 6.675881E-01
1.560020E-02 2.532217E+04 6.650646E-01 6.650646E-01
1.573084E-02 2.533293E+04 6.625486E-01 6.625486E-01
1.586151E-02 2.534193E+04 6.600402E-01 6.600402E-01
1.599223E-02 2.534917E+04 6.575390E-01 6.575390E-01
1.612298E-02 2.535470E+04 6.550454E-01 6.550454E-01
1.625378E-02 2.535855E+04 6.525593E-01 6.525593E-01
1.638462E-02 2.536069E+04 6.500802E-01 6.500802E-01
1.651551E-02 2.536120E+04 6.476086E-01 6.476086E-01
1.664643E-02 2.536008E+04 6.451445E-01 6.451445E-01
1.677741E-02 2.535735E+04 6.426876E-01 6.426876E-01
1.690842E-02 2.535304E+04 6.402379E-01 6.402379E-01
1.703949E-02 2.534716E+04 6.377955E-01 6.377955E-01
1.717059E-02 2.533975E+04 6.353604E-01 6.353604E-01
1.730175E-02 2.533082E+04 6.329324E-01 6.329324E-01
1.743295E-02 2.532040E+04 6.305117E-01 6.305117E-01
1.756420E-02 2.530851E+04 6.280982E-01 6.280982E-01
1.769550E-02 2.529516E+04 6.256917E-01 6.256917E-01
1.782685E-02 2.528037E+04 6.232924E-01 6.232924E-01
1.795825E-02 2.526418E+04 6.209002E-01 6.209002E-01
1.808970E-02 2.524661E+04 6.185152E-01 6.185152E-01
1.822120E-02 2.522766E+04 6.161372E-01 6.161372E-01
1.835276E-02 2.520737E+04 6.137663E-01 6.137663E-01
1.848436E-02 2.518573E+04 6.114022E-01 6.114022E-01
1.861603E-02 2.516280E+04 6.090453E-01 6.090453E-01
1.874775E-02 2.513858E+04 6.066954E-01 6.066954E-01
1.887952E-02 2.511312E+04 6.043528E-01 6.043528E-01
1.901135E-02 2.508638E+04 6.020169E-01 6.020169E-01
1.914324E-02 2.505844E+04 5.996881E-01 5.996881E-01
1.927519E-02 2.502927E+04 5.973661E-01 5.973661E-01
1.940720E-02 2.499892E+04 5.950511E-01 5.950511E-01
1.953928E-02 2.496739E+04 5.927430E-01 5.927430E-01
1.967141E-02 2.493472E+04 5.904418E-01 5.904418E-01
1.980361E-02 2.490092E+04 5.881476E-01 5.881476E-01
1.993587E-02 2.486603E+04 5.858605E-01 5.858605E-01
2.006820E-02 2.483003E+04 5.835802E-01 5.835802E-01
2.020060E-02 2.479296E+04 5.813066E-01 5.813066E-01
2.033306E-02 2.475484E+04 5.790401E-01 5.790401E-01
2.046559E-02 2.471565E+04 5.767800E-01 5.767800E-01
2.059820E-02 2.467546E+04 5.745271E-01 5.745271E-01
2.073088E-02 2.463430E+04 5.722813E-01 5.722813E-01
2.086363E-02 2.459212E+04 5.700419E-01 5.700419E-01
2.099646E-02 2.454897E+04 5.678092E-01 5.678092E-01
2.112936E-02 2.450490E+04 5.655837E-01 5.655837E-01
2.126234E-02 2.445991E+04 5.633652E-01 5.633652E-01
2.139540E-02 2.441396E+04 5.611529E-01 5.611529E-01
2.152855E-02 2.436714E+04 5.589477E-01 5.589477E-01
2.166177E-02 2.431939E+04 5.567486E-01 5.567486E-01
2.179508E-02 2.427089E+04 5.545576E-01 5.545576E-01
2.192848E-02 2.422151E+04 5.523730E-01 5.523730E-01
2.206196E-02 2.417127E+04 5.501948E-01 5.501948E-01
2.219553E-02 2.412022E+04 5.480233E-01 5.480233E-01
2.232920E-02 2.406838E+04 5.458586E-01 5.458586E-01
2.246296E-02 2.401581E+04 5.437014E-01 5.437014E-01
2.259681E-02 2.396235E+04 5.415493E-01 5.415493E-01
2.273076E-02 2.390825E+04 5.394051E-01 5.394051E-01
2.286481E-02 2.385339E+04 5.372674E-01 5.372674E-01
2.299896E-02 2.379779E+04 5.351361E-01 5.351361E-01
2.313321E-02 2.374146E+04 5.330112E-01 5.330112E-01
2.326757E-02 2.368450E+04 5.308936E-01 5.308936E-01
2.340204E-02 2.362688E+04 5.287828E-01 5.287828E-01
2.353661E-02 2.356842E+04 5.266766E-01 5.266766E-01
2.367130E-02 2.350955E+04 5.245797E-01 5.245797E-01
2.380610E-02 2.344999E+04 5.224886E-01 5.224886E-01
2.394102E-02 2.338983E+04 5.204043E-01 5.204043E-01
2.407606E-02 2.332897E+04 5.183257E-01 5.183257E-01
2.421122E-02 2.326759E+04 5.162542E-01 5.162542E-01
2.434650E-02 2.320559E+04 5.141888E-01 5.141888E-01
2.448191E-02 2.314303E+04 5.121300E-01 5.121300E-01
2.461745E-02 2.307992E+04 5.100777E-01 5.100777E-01
2.475312E-02 2.301632E+04 5.080324E-01 5.080324E-01
2.488893E-02 2.295220E+04 5.059937E-01 5.059937E-01
2.502488E-02 2.288756E+04 5.039612E-01 5.039612E-01
2.516096E-02 2.282237E+04 5.019347E-01 5.019347E-01
2.529719E-02 2.275677E+04 4.999154E-01 4.999154E-01
2.543357E-02 2.269066E+04 4.979021E-01 4.979021E-01
2.557010E-02 2.262410E+04 4.958953E-01 4.958953E-01
2.570678E-02 2.255711E+04 4.938951E-01 4.938951E-01
2.584362E-02 2.248964E+04 4.919009E-01 4.919009E-01
2.598061E-02 2.242183E+04 4.899138E-01 4.899138E-01
2.611778E-02 2.235355E+04 4.879326E-01 4.879326E-01
2.625511E-02 2.228489E+04 4.859578E-01 4.859578E-01
2.639261E-02 2.221583E+04 4.839892E-01 4.839892E-01
2.653028E-02 2.214643E+04 4.820273E-01 4.820273E-01
2.666814E-02 2.207662E+04 4.800712E-01 4.800712E-01
2.680618E-02 2.200647E+04 4.781216E-01 4.781216E-01
2.694440E-02 2.193599E+04 4.761784E-01 4.761784E-01
2.708282E-02 2.186520E+04 4.742415E-01 4.742415E-01
2.722143E-02 2.179404E+04 4.723104E-01 4.723104E-01
2.736024E-02 2.172264E+04 4.703863E-01 4.703863E-01
2.749926E-02 2.165093E+04 4.684682E-01 4.684682E-01
2.763848E-02 2.157889E+04 4.665559E-01 4.665559E-01
2.777792E-02 2.150655E+04 4.646494E-01 4.646494E-01
2.791758E-02 2.143398E+04 4.627495E-01 4.627495E-01
2.805746E-02 2.136116E+04 4.608558E-01 4.608558E-01
2.819757E-02 2.128810E+04 4.589683E-01 4.589683E-01
2.833791E-02 2.121485E+04 4.570875E-01 4.570875E-01
2.847850E-02 2.114131E+04 4.552119E-01 4.552119E-01
2.861933E-02 2.106749E+04 4.533419E-01 4.533419E-01
2.876041E-02 2.099348E+04 4.514780E-01 4.514780E-01
2.890174E-02 2.091937E+04 4.496211E-01 4.496211E-01
2.904334E-02 2.084500E+04 4.477695E-01 4.477695E-01
2.918521E-02 2.077042E+04 4.459235E-01 4.459235E-01
2.932736E-02 2.069571E+04 4.440839E-01 4.440839E-01
2.946978E-02 2.062086E+04 4.422505E-01 4.422505E-01
2.961250E-02 2.054580E+04 4.404224E-01 4.404224E-01
2.975551E-02 2.047057E+04 4.385999E-01 4.385999E-01
2.989882E-02 2.039525E+04 4.367838E-01 4.367838E-01
3.004244E-02 2.031975E+04 4.349729E-01 4.349729E-01
3.018638E-02 2.024416E+04 4.331681E-01 4.331681E-01
3.033065E-02 2.016839E+04 4.313684E-01 4.313684E-01
3.047525E-02 2.009256E+04 4.295749E-01 4.295749E-01
3.062019E-02 2.001660E+04 4.277867E-01 4.277867E-01
3.076548E-02 1.994052E+04 4.260040E-01 4.260040E-01
3.091112E-02 1.986439E+04 4.242270E-01 4.242270E-01
3.105714E-02 1.978819E+04 4.224559E-01 4.224559E-01
3.120353E-02 1.971183E+04 4.206894E-01 4.206894E-01
3.135031E-02 1.963541E+04 4.189284E-01 4.189284E-01
3.149748E-02 1.955900E+04 4.171735E-01 4.171735E-01
3.164506E-02 1.948246E+04 4.154234E-01 4.154234E-01
3.179306E-02 1.940590E+04 4.136788E-01 4.136788E-01
3.194148E-02 1.932928E+04 4.119394E-01 4.119394E-01
3.209034E-02 1.925256E+04 4.102045E-01 4.102045E-01
3.223965E-02 1.917584E+04 4.084753E-01 4.084753E-01
3.238942E-02 1.909909E+04 4.067511E-01 4.067511E-01
3.253966E-02 1.902233E+04 4.050322E-01 4.050322E-01
3.269039E-02 1.894558E+04 4.033186E-01 4.033186E-01
3.284161E-02 1.886872E+04 4.016089E-01 4.016089E-01
3.299335E-02 1.879192E+04 3.999049E-01 3.999049E-01
3.314560E-02 1.871502E+04 3.982049E-01 3.982049E-01
3.329840E-02 1.863821E+04 3.965106E-01 3.965106E-01
3.345176E-02 1.856136E+04 3.948205E-01 3.948205E-01
3.360568E-02 1.848446E+04 3.931346E-01 3.931346E-01
3.376018E-02 1.840764E+04 3.914540E-01 3.914540E-01
3.391528E-02 1.833081E+04 3.897776E-01 3.897776E-01
3.407100E-02 1.825402E+04 3.881060E-01 3.881060E-01
3.422736E-02 1.817725E+04 3.864389E-01 3.864389E-01
3.438436E-02 1.810043E+04 3.847751E-01 3.847751E-01
3.454204E-02 1.802366E+04 3.831161E-01 3.831161E-01
3.470040E-02 1.794695E+04 3.814615E-01 3.814615E-01
3.485948E-02 1.787024E+04 3.798106E-01 3.798106E-01
3.501928E-02 1.779356E+04 3.781637E-01 3.781637E-01
3.517983E-02 1.771689E+04 3.765205E-01 3.765205E-01
3.534115E-02 1.764032E+04 3.748818E-01 3.748818E-01
3.550327E-02 1.756373E+04 3.732463E-01 3.732463E-01
3.566621E-02 1.748720E+04 3.716145E-01 3.716145E-01
3.582999E-02 1.741074E+04 3.699867E-01 3.699867E-01
3.599464E-02 1.733427E+04 3.683618E-01 3.683618E-01
3.616019E-02 1.725788E+04 3.667405E-01 3.667405E-01
3.632665E-02 1.718151E+04 3.651223E-01 3.651223E-01
3.649407E-02 1.710521E+04 3.635075E-01 3.635075E-01
3.666247E-02 1.702892E+04 3.618953E-01 3.618953E-01
3.683189E-02 1.695268E+04 3.602862E-01 3.602862E-01
3.700234E-02 1.687656E+04 3.586805E-01 3.586805E-01
3.717388E-02 1.680039E+04 3.570766E-01 3.570766E-01
3.734652E-02 1.672432E+04 3.554758E-01 3.554758E-01
3.752032E-02 1.664828E+04 3.538772E-01 3.538772E-01
3.769530E-02 1.657224E+04 3.522805E-01 3.522805E-01
3.787151E-02 1.649630E+04 3.506865E-01 3.506865E-01
3.804899E-02 1.642041E+04 3.490946E-01 3.490946E-01
3.822779E-02 1.634457E+04 3.475046E-01 3.475046E-01
3.840793E-02 1.626873E+04 3.459160E-01 3.459160E-01
3.858949E-02 1.619298E+04 3.443294E-01 3.443294E-01
3.877249E-02 1.611719E+04 3.427434E-01 3.427434E-01
3.895701E-02 1.604148E+04 3.411592E-01 3.411592E-01
3.914308E-02 1.596579E+04 3.395757E-01 3.395757E-01
3.933077E-02 1.589016E+04 3.379936E-01 3.379936E-01
3.952014E-02 1.581453E+04 3.364117E-01 3.364117E-01
3.971125E-02 1.573889E+04 3.348301E-01 3.348301E-01
3.990417E-02 1.566334E+04 3.332493E-01 3.332493E-01
4.009897E-02 1.558773E+04 3.316679E-01 3.316679E-01
4.029571E-02 1.551220E+04 3.300869E-01 3.300869E-01
4.049448E-02 1.543663E+04 3.285051E-01 3.285051E-01
4.069536E-02 1.536105E+04 3.269225E-01 3.269225E-01
4.089844E-02 1.528544E+04 3.253386E-01 3.253386E-01
4.110380E-02 1.520988E+04 3.237542E-01 3.237542E-01
4.131154E-02 1.513429E+04 3.221681E-01 3.221681E-01
4.152177E-02 1.505863E+04 3.205799E-01 3.205799E-01
4.173458E-02 1.498297E+04 3.189898E-01 3.189898E-01
4.195011E-02 1.490726E+04 3.173971E-01 3.173971E-01
4.216845E-02 1.483153E+04 3.158019E-01 3.158019E-01
4.238976E-02 1.475566E+04 3.142027E-01 3.142027E-01
4.261415E-02 1.467977E+04 3.126005E-01 3.126005E-01
4.284178E-02 1.460379E+04 3.109942E-01 3.109942E-01
4.307281E-02 1.452772E+04 3.093834E-01 3.093834E-01
4.330740E-02 1.445155E+04 3.077679E-01 3.077679E-01
4.354573E-02 1.437528E+04 3.061471E-01 3.061471E-01
4.378798E-02 1.429882E+04 3.045199E-01 3.045199E-01
4.403437E-02 1.422232E+04 3.028872E-01 3.028872E-01
4.428512E-02 1.414553E+04 3.012464E-01 3.012464E-01
4.454045E-02 1.406863E+04 2.995985E-01 2.995985E-01
4.480063E-02 1.399155E+04 2.979425E-01 2.979425E-01
4.506593E-02 1.391421E+04 2.962770E-01 2.962770E-01
4.533664E-02 1.383663E+04 2.946018E-01 2.946018E-01
4.561310E-02 1.375878E+04 2.929159E-01 2.929159E-01
4.589564E-02 1.368070E+04 2.912190E-01 2.912190E-01
4.618465E-02 1.360225E+04 2.895092E-01 2.895092E-01
4.648056E-02 1.352347E+04 2.877860E-01 2.877860E-01
4.678380E-02 1.344438E+04 2.860490E-01 2.860490E-01
4.709488E-02 1.336481E+04 2.842955E-01 2.842955E-01
4.741434E-02 1.328482E+04 2.825251E-01 2.825251E-01
4.774278E-02 1.320436E+04 2.807365E-01 2.807365E-01
4.808088E-02 1.312333E+04 2.789274E-01 2.789274E-01
4.842936E-02 1.304177E+04 2.770971E-01 2.770971E-01
4.878905E-02 1.295958E+04 2.752432E-01 2.752432E-01
4.916085E-02 1.287664E+04 2.733631E-01 2.733631E-01
4.954578E-02 1.279296E+04 2.714552E-01 2.714552E-01
4.994499E-02 1.270847E+04 2.695171E-01 2.695171E-01
5.035976E-02 1.262304E+04 2.675455E-01 2.675455E-01
5.079156E-02 1.253660E+04 2.655375E-01 2.655375E-01
5.124204E-02 1.244900E+04 2.634889E-01 2.634889E-01
5.171308E-02 1.236016E+04 2.613964E-01 2.613964E-01
5.220687E-02 1.226990E+04 2.592550E-01 2.592550E-01
5.272588E-02 1.217804E+04 2.570592E-01 2.570592E-01
5.327301E-02 1.208441E+04 2.548033E-01 2.548033E-01
5.385161E-02 1.198871E+04 2.524798E-01 2.524798E-01
5.446563E-02 1.189070E+04 2.500810E-01 2.500810E-01
5.511968E-02 1.178999E+04 2.475970E-01 2.475970E-01
5.581923E-02 1.168609E+04 2.450159E-01 2.450159E-01
5.657076E-02 1.157850E+04 2.423248E-01 2.423248E-01
5.738201E-02 1.146647E+04 2.395071E-01 2.395071E-01
5.826224E-02 1.134908E+04 2.365432E-01 2.365432E-01
5.922251E-02 1.122514E+04 2.334092E-01 2.334092E-01
6.027606E-02 1.109298E+04 2.300756E-01 2.300756E-01
6.143855E-02 1.095054E+04 2.265072E-01 2.265072E-01
6.272830E-02 1.079495E+04 2.226608E-01 2.226608E-01
6.416607E-02 1.062249E+04 2.184854E-01 2.184854E-01
6.577430E-02 1.042820E+04 2.139211E-01 2.139211E-01
6.757523E-02 1.020595E+04 2.089030E-01 2.089030E-01
6.958746E-02 9.948705E+03 2.033688E-01 2.033688E-01
7.182138E-02 9.649421E+03 1.972717E-01 1.972717E-01
7.427438E-02 9.302961E+03 1.906004E-01 1.906004E-01
7.692861E-02 8.908513E+03 1.833987E-01 1.833987E-01
7.975334E-02 8.471596E+03 1.757758E-01 1.757758E-01
8.271140E-02 8.004363E+03 1.678989E-01 1.678989E-01
8.576654E-02 7.523816E+03 1.599714E-01 1.599714E-01
8.888843E-02 7.048818E+03 1.522048E-01 1.522048E-01
9.205431E-02 6.596974E+03 1.447928E-01 1.447928E-01
9.524831E-02 6.182449E+03 1.378938E-01 1.378938E-01
9.845996E-02 5.814717E+03 1.316181E-01 1.316181E-01
1.016825E-01 5.498339E+03 1.260240E-01 1.260240E-01
1.049119E-01 5.233342E+03 1.211183E-01 1.211183E-01
1.081453E-01 5.015950E+03 1.168608E-01 1.168608E-01
1.113812E-01 4.839520E+03 1.131742E-01 1.131742E-01
1.146187E-01 4.695466E+03 1.099544E-01 1.099544E-01
1.178571E-01 4.574153E+03 1.070830E-01 1.070830E-01
1.210961E-01 4.465829E+03 1.044394E-01 1.044394E-01
1.243354E-01 4.361438E+03 1.019120E-01 1.019120E-01
1.275750E-01 4.253410E+03 9.940702E-02 9.940702E-02
1.308147E-01 4.136240E+03 9.685536E-02 9.685536E-02
1.340545E-01 4.006885E+03 9.421593E-02 9.421593E-02
1.372943E-01 3.864805E+03 9.147585E-02 9.147585E-02
1.405342E-01 3.711729E+03 8.864795E-02 8.864795E-02
1.437741E-01 3.551124E+03 8.576541E-02 8.576541E-02
1.470140E-01 3.387567E+03 8.287579E-02 8.287579E-02
1.502539E-01 3.226024E+03 8.003378E-02 8.003378E-02
1.534938E-01 3.071233E+03 7.729451E-02 7.729451E-02
1.567338E-01 2.927199E+03 7.470745E-02 7.470745E-02
1.599737E-01 2.796849E+03 7.231144E-02 7.231144E-02
1.632137E-01 2.681876E+03 7.013133E-02 7.013133E-02
1.664536E-01 2.582726E+03 6.817643E-02 6.817643E-02
1.696936E-01 2.498689E+03 6.644045E-02 6.644045E-02
1.729336E-01 2.428109E+03 6.490347E-02 6.490347E-02
1.761736E-01 2.368608E+03 6.353469E-02 6.353469E-02
1.794135E-01 2.317366E+03 6.229636E-02 6.229636E-02
1.826535E-01 2.271391E+03 6.114773E-02 6.114773E-02
1.858935E-01 2.228191E+03 6.005446E-02 6.005446E-02
1.891335E-01 2.185019E+03 5.897862E-02 5.897862E-02
1.923735E-01 2.139525E+03 5.788751E-02 5.788751E-02
1.956135E-01 2.090291E+03 5.676071E-02 5.676071E-02
1.988535E-01 2.036704E+03 5.558837E-02 5.558837E-02
2.020935E-01 1.978926E+03 5.437078E-02 5.437078E-02
2.053335E-01 1.917771E+03 5.311701E-02 5.311701E-02
2.085735E-01 1.854540E+03 5.184294E-02 5.184294E-02
2.118135E-01 1.790761E+03 5.056814E-02 5.056814E-02
2.150535E-01 1.728018E+03 4.931371E-02 4.931371E-02
2.182936E-01 1.667711E+03 4.809907E-02 4.809907E-02
2.215336E-01 1.610986E+03 4.694083E-02 4.694083E-02
2.247736E-01 1.558670E+03 4.585168E-02 4.585168E-02
2.280136E-01 1.511243E+03 4.483962E-02 4.483962E-02
2.312536E-01 1.468856E+03 4.390793E-02 4.390793E-02
2.344937E-01 1.431333E+03 4.305497E-02 4.305497E-02
2.377337E-01 1.398215E+03 4.227458E-02 4.227458E-02
2.409737E-01 1.368803E+03 4.155669E-02 4.155669E-02
2.442137E-01 1.342233E+03 4.088840E-02 4.088840E-02
2.474538E-01 1.317565E+03 4.025546E-02 4.025546E-02
2.506938E-01 1.293881E+03 3.964370E-02 3.964370E-02
2.539338E-01 1.270371E+03 3.904049E-02 3.904049E-02
2.571739E-01 1.246399E+03 3.843577E-02 3.843577E-02
2.604139E-01 1.221541E+03 3.782257E-02 3.782257E-02
2.636539E-01 1.195588E+03 3.719719E-02 3.719719E-02
2.668940E-01 1.168534E+03 3.655896E-02 3.655896E-02
2.701340E-01 1.140550E+03 3.590996E-02 3.590996E-02
2.733741E-01 1.111959E+03 3.525468E-02 3.525468E-02
2.766141E-01 1.083179E+03 3.459922E-02 3.459922E-02
2.798541E-01 1.054686E+03 3.395081E-02 3.395081E-02
2.830942E-01 1.026958E+03 3.331696E-02 3.331696E-02
2.863342E-01 1.000420E+03 3.270452E-02 3.270452E-02
2.895743E-01 9.754015E+02 3.211906E-02 3.211906E-02
2.928143E-01 9.521009E+02 3.156407E-02 3.156407E-02
2.960544E-01 9.305821E+02 3.104094E-02 3.104094E-02
2.992944E-01 9.107889E+02 3.054903E-02 3.054903E-02
3.025345E-01 8.925680E+02 3.008601E-02 3.008601E-02
3.057745E-01 8.756947E+02 2.964829E-02 2.964829E-02
3.090146E-01 8.599082E+02 2.923156E-02 2.923156E-02
3.122546E-01 8.449301E+02 2.883115E-02 2.883115E-02
3.154947E-01 8.304836E+02 2.844234E-02 2.844234E-02
3.187347E-01 8.163130E+02 2.806068E-02 2.806068E-02
3.219748E-01 8.022001E+02 2.768234E-02 2.768234E-02
3.252148E-01 7.879811E+02 2.730436E-02 2.730436E-02
3.284549E-01 7.735615E+02 2.692495E-02 2.692495E-02
3.316949E-01 7.589173E+02 2.654352E-02 2.654352E-02
3.349350E-01 7.440904E+02 2.616060E-02 2.616060E-02
3.381751E-01 7.291769E+02 2.577771E-02 2.577771E-02
3.414151E-01 7.143022E+02 2.539693E-02 2.539693E-02
3.446552E-01 6.996045E+02 2.502059E-02 2.502059E-02
3.478952E-01 6.852148E+02 2.465097E-02 2.465097E-02
3.511353E-01 6.712531E+02 2.429021E-02 2.429021E-02
3.543753E-01 6.578142E+02 2.394005E-02 2.394005E-02
3.576154E-01 6.449693E+02 2.360183E-02 2.360183E-02
3.608555E-01 6.327608E+02 2.327639E-02 2.327639E-02
3.640955E-01 6.211977E+02 2.296400E-02 2.296400E-02
3.673356E-01 6.102519E+02 2.266419E-02 2.266419E-02
3.705756E-01 5.998642E+02 2.237595E-02 2.237595E-02
3.738157E-01 5.899536E+02 2.209781E-02 2.209781E-02
3.770558E-01 5.804192E+02 2.182791E-02 2.182791E-02
3.802958E-01 5.711682E+02 2.156451E-02 2.156451E-02
3.835359E-01 5.621141E+02 2.130597E-02 2.130597E-02
3.867760E-01 5.531900E+02 2.105099E-02 2.105099E-02
3.900160E-01 5.443476E+02 2.079862E-02 2.079862E-02
3.932561E-01 5.355566E+02 2.054823E-02 2.054823E-02
3.964961E-01 5.268031E+02 2.029950E-02 2.029950E-02
3.997362E-01 5.180847E+02 2.005234E-02 2.005234E-02
4.029763E-01 5.094152E+02 1.980695E-02 1.980695E-02
4.062163E-01 5.008184E+02 1.956377E-02 1.956377E-02
4.094564E-01 4.923318E+02 1.932347E-02 1.932347E-02
4.126965E-01 4.839899E+02 1.908672E-02 1.908672E-02
4.159365E-01 4.758346E+02 1.885432E-02 1.885432E-02
4.191766E-01 4.678977E+02 1.862691E-02 1.862691E-02
4.224167E-01 4.601981E+02 1.840486E-02 1.840486E-02
4.256567E-01 4.527469E+02 1.818842E-02 1.818842E-02
4.288968E-01 4.455443E+02 1.797761E-02 1.797761E-02
4.321369E-01 4.385820E+02 1.777228E-02 1.777228E-02
4.353769E-01 4.318494E+02 1.757222E-02 1.757222E-02
4.386170E-01 4.253326E+02 1.737718E-02 1.737718E-02
4.418571E-01 4.190138E+02 1.718679E-02 1.718679E-02
4.450971E-01 4.128713E+02 1.700063E-02 1.700063E-02
4.483372E-01 4.068820E+02 1.681821E-02 1.681821E-02
4.515773E-01 4.010145E+02 1.663890E-02 1.663890E-02
4.548173E-01 3.952490E+02 1.646226E-02 1.646226E-02
4.580574E-01 3.895655E+02 1.628788E-02 1.628788E-02
4.612975E-01 3.839471E+02 1.611538E-02 1.611538E-02
4.645376E-01 3.783940E+02 1.594476E-02 1.594476E-02
4.677776E-01 3.729056E+02 1.577598E-02 1.577598E-02
4.710177E-01 3.674823E+02 1.560904E-02 1.560904E-02
4.742578E-01 3.621331E+02 1.544412E-02 1.544412E-02
4.774978E-01 3.568637E+02 1.528132E-02 1.528132E-02
4.807379E-01 3.516817E+02 1.512080E-02 1.512080E-02
4.839780E-01 3.465941E+02 1.496271E-02 1.496271E-02
4.872180E-01 3.416130E+02 1.480730E-02 1.480730E-02
4.904581E-01 3.367483E+02 1.465479E-02 1.465479E-02
4.936982E-01 3.320047E+02 1.450529E-02 1.450529E-02
4.969383E-01 3.273882E+02 1.435893E-02 1.435893E-02
5.001783E-01 3.228936E+02 1.421562E-02 1.421562E-02
5.034184E-01 3.185153E+02 1.407522E-02 1.407522E-02
5.066585E-01 3.142439E+02 1.393753E-02 1.393753E-02
5.098986E-01 3.100659E+02 1.380227E-02 1.380227E-02
5.131386E-01 3.059753E+02 1.366930E-02 1.366930E-02
5.163787E-01 3.019623E+02 1.353840E-02 1.353840E-02
5.196188E-01 2.980207E+02 1.340943E-02 1.340943E-02
5.228588E-01 2.941449E+02 1.328226E-02 1.328226E-02
5.260989E-01 2.903274E+02 1.315672E-02 1.315672E-02
5.488416E-01 2.650184E+02 1.231741E-02 1.231741E-02
5.738147E-01 2.406559E+02 1.148957E-02 1.148957E-02
6.016104E-01 2.172619E+02 1.067177E-02 1.067177E-02
6.330985E-01 1.942737E+02 9.847289E-03 9.847289E-03
6.696215E-01 1.717513E+02 9.012967E-03 9.012967E-03
7.133817E-01 1.492599E+02 8.150662E-03 8.150662E-03
7.682711E-01 1.264911E+02 7.241006E-03 7.241006E-03
8.417911E-01 1.029481E+02 6.252115E-03 6.252115E-03
9.495425E-01 7.823790E+01 5.144197E-03 5.144197E-03
1.122274E+00 5.317703E+01 3.914086E-03 3.914086E-03
1.391291E+00 3.209732E+01 2.742898E-03 2.742898E-03
1.750103E+00 1.854530E+01 1.867507E-03 1.867507E-03
2.203229E+00 1.059949E+01 1.264124E-03 1.264124E-03
2.773701E+00 6.009222E+00 8.522291E-04 8.522291E-04
3.491883E+00 3.382032E+00 5.724481E-04 5.724481E-04
4.396020E+00 1.890813E+00 3.832406E-04 3.832406E-04
5.534262E+00 1.050723E+00 2.557946E-04 2.557946E-04
6.967223E+00 5.806588E-01 1.702581E-04 1.702581E-04
8.771214E+00 3.192601E-01 1.130367E-04 1.130367E-04
1.104230E+01 1.747159E-01 7.487097E-05 7.487097E-05
1.390144E+01 9.520028E-02 4.948418E-05 4.948418E-05
