0.000000000000000000e+00 1.000000000000000000e+00
1.955000000000000140e-03 1.001954999999999929e+00
3.910000000000000281e-03 1.003910000000000080e+00
5.865000000000000421e-03 1.005865000000000009e+00
7.820000000000000562e-03 1.007819999999999938e+00
9.775000000000000702e-03 1.009775000000000089e+00
1.173000000000000084e-02 1.011730000000000018e+00
1.368499999999999925e-02 1.013684999999999947e+00
1.564000000000000112e-02 1.015640000000000098e+00
1.759499999999999953e-02 1.017595000000000027e+00
1.955000000000000140e-02 1.019549999999999956e+00
2.150499999999999981e-02 1.021504999999999885e+00
2.346000000000000169e-02 1.023460000000000036e+00
2.541500000000000009e-02 1.025414999999999965e+00
2.736999999999999850e-02 1.027369999999999894e+00
2.932600000000000137e-02 1.029325999999999963e+00
3.128100000000000325e-02 1.031280999999999892e+00
3.323600000000000165e-02 1.033236000000000043e+00
3.519100000000000006e-02 1.035190999999999972e+00
3.714599999999999846e-02 1.037145999999999901e+00
3.910099999999999687e-02 1.039101000000000052e+00
4.105600000000000221e-02 1.041055999999999981e+00
4.301100000000000062e-02 1.043010999999999910e+00
4.496599999999999903e-02 1.044966000000000061e+00
4.692099999999999743e-02 1.046920999999999990e+00
4.887600000000000278e-02 1.048875999999999920e+00
5.083100000000000118e-02 1.050831000000000071e+00
5.278599999999999959e-02 1.052786000000000000e+00
5.474099999999999799e-02 1.054740999999999929e+00
5.669600000000000334e-02 1.056696000000000080e+00
5.865100000000000174e-02 1.058651000000000009e+00
6.060600000000000015e-02 1.060605999999999938e+00
6.256100000000000549e-02 1.062560999999999867e+00
6.451600000000000390e-02 1.064516000000000018e+00
6.647100000000000231e-02 1.066470999999999947e+00
6.842600000000000071e-02 1.068425999999999876e+00
7.038099999999999912e-02 1.070381000000000027e+00
7.233599999999999752e-02 1.072335999999999956e+00
7.429099999999999593e-02 1.074290999999999885e+00
7.624599999999999433e-02 1.076246000000000036e+00
7.820100000000000662e-02 1.078200999999999965e+00
8.015600000000000502e-02 1.080155999999999894e+00
8.211100000000000343e-02 1.082111000000000045e+00
8.406600000000000183e-02 1.084065999999999974e+00
8.602200000000000124e-02 1.086022000000000043e+00
8.797699999999999965e-02 1.087976999999999972e+00
8.993199999999999805e-02 1.089931999999999901e+00
9.188699999999999646e-02 1.091886999999999830e+00
9.384199999999999486e-02 1.093841999999999981e+00
9.579699999999999327e-02 1.095796999999999910e+00
9.775200000000000555e-02 1.097751999999999839e+00
9.970700000000000396e-02 1.099706999999999990e+00
1.016620000000000024e-01 1.101661999999999919e+00
1.036170000000000008e-01 1.103616999999999848e+00
1.055719999999999992e-01 1.105571999999999999e+00
1.075269999999999976e-01 1.107526999999999928e+00
1.094819999999999960e-01 1.109481999999999857e+00
1.114369999999999944e-01 1.111437000000000008e+00
1.133920000000000067e-01 1.113391999999999937e+00
1.153470000000000051e-01 1.115346999999999866e+00
1.173020000000000035e-01 1.117302000000000017e+00
1.192570000000000019e-01 1.119256999999999946e+00
1.212120000000000003e-01 1.121211999999999875e+00
1.231669999999999987e-01 1.123167000000000026e+00
1.251220000000000110e-01 1.125121999999999955e+00
1.270769999999999955e-01 1.127076999999999884e+00
1.290320000000000078e-01 1.129032000000000036e+00
1.309869999999999923e-01 1.130986999999999965e+00
1.329420000000000046e-01 1.132941999999999894e+00
1.348969999999999891e-01 1.134896999999999823e+00
1.368520000000000014e-01 1.136851999999999974e+00
1.388070000000000137e-01 1.138806999999999903e+00
1.407619999999999982e-01 1.140761999999999832e+00
1.427170000000000105e-01 1.142716999999999983e+00
1.446729999999999960e-01 1.144672999999999830e+00
1.466280000000000083e-01 1.146627999999999981e+00
1.485829999999999929e-01 1.148582999999999910e+00
1.505380000000000051e-01 1.150537999999999839e+00
1.524929999999999897e-01 1.152492999999999990e+00
1.544480000000000020e-01 1.154447999999999919e+00
1.564029999999999865e-01 1.156402999999999848e+00
1.583579999999999988e-01 1.158357999999999999e+00
1.603130000000000110e-01 1.160312999999999928e+00
1.622679999999999956e-01 1.162267999999999857e+00
1.642230000000000079e-01 1.164223000000000008e+00
1.661779999999999924e-01 1.166177999999999937e+00
1.681330000000000047e-01 1.168132999999999866e+00
1.700879999999999892e-01 1.170088000000000017e+00
1.720430000000000015e-01 1.172042999999999946e+00
1.739980000000000138e-01 1.173997999999999875e+00
1.759529999999999983e-01 1.175953000000000026e+00
1.779080000000000106e-01 1.177907999999999955e+00
1.798629999999999951e-01 1.179862999999999884e+00
1.818180000000000074e-01 1.181818000000000035e+00
1.837729999999999919e-01 1.183772999999999964e+00
1.857280000000000042e-01 1.185727999999999893e+00
1.876829999999999887e-01 1.187683000000000044e+00
1.896380000000000010e-01 1.189637999999999973e+00
1.915930000000000133e-01 1.191592999999999902e+00
1.935479999999999978e-01 1.193548000000000053e+00
1.955030000000000101e-01 1.195502999999999982e+00
1.974579999999999946e-01 1.197457999999999911e+00
1.994130000000000069e-01 1.199413000000000062e+00
2.013689999999999924e-01 1.201368999999999909e+00
2.033240000000000047e-01 1.203324000000000060e+00
2.052789999999999893e-01 1.205278999999999989e+00
2.072340000000000015e-01 1.207233999999999918e+00
2.091890000000000138e-01 1.209189000000000069e+00
2.111439999999999984e-01 1.211143999999999998e+00
2.130990000000000106e-01 1.213098999999999927e+00
2.150539999999999952e-01 1.215053999999999856e+00
2.170090000000000074e-01 1.217009000000000007e+00
2.189639999999999920e-01 1.218963999999999936e+00
2.209190000000000043e-01 1.220918999999999865e+00
2.228739999999999888e-01 1.222874000000000017e+00
2.248290000000000011e-01 1.224828999999999946e+00
2.267840000000000134e-01 1.226783999999999875e+00
2.287389999999999979e-01 1.228739000000000026e+00
2.306940000000000102e-01 1.230693999999999955e+00
2.326489999999999947e-01 1.232648999999999884e+00
2.346040000000000070e-01 1.234604000000000035e+00
2.365589999999999915e-01 1.236558999999999964e+00
2.385140000000000038e-01 1.238513999999999893e+00
2.404689999999999883e-01 1.240469000000000044e+00
2.424240000000000006e-01 1.242423999999999973e+00
2.443790000000000129e-01 1.244378999999999902e+00
2.463339999999999974e-01 1.246334000000000053e+00
2.482890000000000097e-01 1.248288999999999982e+00
2.502440000000000220e-01 1.250243999999999911e+00
2.521990000000000065e-01 1.252199000000000062e+00
2.541539999999999910e-01 1.254153999999999991e+00
2.561089999999999756e-01 1.256108999999999920e+00
2.580649999999999888e-01 1.258064999999999989e+00
2.600199999999999734e-01 1.260019999999999918e+00
2.619750000000000134e-01 1.261975000000000069e+00
2.639299999999999979e-01 1.263929999999999998e+00
2.658849999999999825e-01 1.265884999999999927e+00
2.678400000000000225e-01 1.267840000000000078e+00
2.697950000000000070e-01 1.269795000000000007e+00
2.717499999999999916e-01 1.271749999999999936e+00
2.737049999999999761e-01 1.273704999999999865e+00
2.756600000000000161e-01 1.275660000000000016e+00
2.776150000000000007e-01 1.277614999999999945e+00
2.795699999999999852e-01 1.279569999999999874e+00
2.815250000000000252e-01 1.281525000000000025e+00
2.834800000000000098e-01 1.283479999999999954e+00
2.854349999999999943e-01 1.285434999999999883e+00
2.873899999999999788e-01 1.287390000000000034e+00
2.893450000000000188e-01 1.289344999999999963e+00
2.913000000000000034e-01 1.291299999999999892e+00
2.932549999999999879e-01 1.293255000000000043e+00
2.952099999999999724e-01 1.295209999999999972e+00
2.971650000000000125e-01 1.297164999999999901e+00
2.991199999999999970e-01 1.299120000000000053e+00
3.010749999999999815e-01 1.301074999999999982e+00
3.030300000000000216e-01 1.303029999999999911e+00
3.049850000000000061e-01 1.304985000000000062e+00
3.069399999999999906e-01 1.306939999999999991e+00
3.088949999999999751e-01 1.308894999999999920e+00
3.108500000000000152e-01 1.310850000000000071e+00
3.128049999999999997e-01 1.312805000000000000e+00
3.147610000000000130e-01 1.314761000000000069e+00
3.167159999999999975e-01 1.316715999999999998e+00
3.186709999999999821e-01 1.318670999999999927e+00
3.206260000000000221e-01 1.320626000000000078e+00
3.225810000000000066e-01 1.322581000000000007e+00
3.245359999999999912e-01 1.324535999999999936e+00
3.264909999999999757e-01 1.326490999999999865e+00
3.284460000000000157e-01 1.328446000000000016e+00
3.304010000000000002e-01 1.330400999999999945e+00
3.323559999999999848e-01 1.332355999999999874e+00
3.343110000000000248e-01 1.334311000000000025e+00
3.362660000000000093e-01 1.336265999999999954e+00
3.382209999999999939e-01 1.338220999999999883e+00
3.401759999999999784e-01 1.340175999999999812e+00
3.421310000000000184e-01 1.342130999999999963e+00
3.440860000000000030e-01 1.344085999999999892e+00
3.460409999999999875e-01 1.346040999999999821e+00
3.479960000000000275e-01 1.347995999999999972e+00
3.499510000000000121e-01 1.349950999999999901e+00
3.519059999999999966e-01 1.351905999999999830e+00
3.538609999999999811e-01 1.353860999999999981e+00
3.558160000000000212e-01 1.355815999999999910e+00
3.577710000000000057e-01 1.357770999999999839e+00
3.597259999999999902e-01 1.359725999999999990e+00
3.616809999999999747e-01 1.361680999999999919e+00
3.636360000000000148e-01 1.363635999999999848e+00
3.655909999999999993e-01 1.365590999999999999e+00
3.675459999999999838e-01 1.367545999999999928e+00
3.695010000000000239e-01 1.369500999999999857e+00
3.714569999999999816e-01 1.371456999999999926e+00
3.734120000000000217e-01 1.373411999999999855e+00
3.753670000000000062e-01 1.375367000000000006e+00
3.773219999999999907e-01 1.377321999999999935e+00
3.792769999999999753e-01 1.379276999999999864e+00
3.812320000000000153e-01 1.381232000000000015e+00
3.831869999999999998e-01 1.383186999999999944e+00
3.851419999999999844e-01 1.385141999999999873e+00
3.870970000000000244e-01 1.387096999999999802e+00
3.890520000000000089e-01 1.389051999999999953e+00
3.910069999999999935e-01 1.391006999999999882e+00
3.929619999999999780e-01 1.392961999999999811e+00
3.949170000000000180e-01 1.394916999999999963e+00
3.968720000000000026e-01 1.396871999999999892e+00
3.988269999999999871e-01 1.398826999999999821e+00
4.007820000000000271e-01 1.400781999999999972e+00
4.027370000000000116e-01 1.402736999999999901e+00
4.046919999999999962e-01 1.404691999999999830e+00
4.066469999999999807e-01 1.406646999999999981e+00
4.086020000000000207e-01 1.408601999999999910e+00
4.105570000000000053e-01 1.410556999999999839e+00
4.125119999999999898e-01 1.412511999999999990e+00
4.144669999999999743e-01 1.414466999999999919e+00
4.164220000000000144e-01 1.416421999999999848e+00
4.183769999999999989e-01 1.418376999999999999e+00
4.203319999999999834e-01 1.420331999999999928e+00
4.222870000000000235e-01 1.422286999999999857e+00
4.242420000000000080e-01 1.424242000000000008e+00
4.261969999999999925e-01 1.426196999999999937e+00
4.281519999999999770e-01 1.428151999999999866e+00
4.301079999999999903e-01 1.430107999999999935e+00
4.320629999999999749e-01 1.432062999999999864e+00
4.340180000000000149e-01 1.434018000000000015e+00
4.359729999999999994e-01 1.435972999999999944e+00
4.379279999999999839e-01 1.437927999999999873e+00
4.398830000000000240e-01 1.439883000000000024e+00
4.418380000000000085e-01 1.441837999999999953e+00
4.437929999999999930e-01 1.443792999999999882e+00
4.457479999999999776e-01 1.445748000000000033e+00
4.477030000000000176e-01 1.447702999999999962e+00
4.496580000000000021e-01 1.449657999999999891e+00
4.516129999999999867e-01 1.451613000000000042e+00
4.535680000000000267e-01 1.453567999999999971e+00
4.555230000000000112e-01 1.455522999999999900e+00
4.574779999999999958e-01 1.457478000000000051e+00
4.594329999999999803e-01 1.459432999999999980e+00
4.613880000000000203e-01 1.461387999999999909e+00
4.633430000000000049e-01 1.463343000000000060e+00
4.652979999999999894e-01 1.465297999999999989e+00
4.672529999999999739e-01 1.467252999999999918e+00
4.692080000000000140e-01 1.469208000000000069e+00
4.711629999999999985e-01 1.471162999999999998e+00
4.731179999999999830e-01 1.473117999999999927e+00
4.750730000000000230e-01 1.475073000000000079e+00
4.770280000000000076e-01 1.477028000000000008e+00
4.789829999999999921e-01 1.478982999999999937e+00
4.809379999999999766e-01 1.480938000000000088e+00
4.828930000000000167e-01 1.482893000000000017e+00
4.848480000000000012e-01 1.484847999999999946e+00
4.868040000000000145e-01 1.486804000000000014e+00
4.887589999999999990e-01 1.488758999999999943e+00
4.907139999999999835e-01 1.490714000000000095e+00
4.926690000000000236e-01 1.492669000000000024e+00
4.946240000000000081e-01 1.494623999999999953e+00
4.965789999999999926e-01 1.496579000000000104e+00
4.985339999999999772e-01 1.498534000000000033e+00
5.004889999999999617e-01 1.500488999999999962e+00
5.024440000000000017e-01 1.502444000000000113e+00
5.043990000000000418e-01 1.504399000000000042e+00
5.063539999999999708e-01 1.506353999999999971e+00
5.083090000000000108e-01 1.508309000000000122e+00
5.102640000000000509e-01 1.510264000000000051e+00
5.122189999999999799e-01 1.512218999999999980e+00
5.141740000000000199e-01 1.514174000000000131e+00
5.161289999999999489e-01 1.516129000000000060e+00
5.180839999999999890e-01 1.518083999999999989e+00
5.200390000000000290e-01 1.520039000000000140e+00
5.219939999999999580e-01 1.521994000000000069e+00
5.239489999999999981e-01 1.523948999999999998e+00
5.259040000000000381e-01 1.525904000000000149e+00
5.278589999999999671e-01 1.527859000000000078e+00
5.298140000000000072e-01 1.529814000000000007e+00
5.317690000000000472e-01 1.531769000000000158e+00
5.337239999999999762e-01 1.533724000000000087e+00
5.356790000000000163e-01 1.535679000000000016e+00
5.376339999999999453e-01 1.537633999999999945e+00
5.395889999999999853e-01 1.539589000000000096e+00
5.415440000000000254e-01 1.541544000000000025e+00
5.434999999999999831e-01 1.543500000000000094e+00
5.454550000000000232e-01 1.545455000000000023e+00
5.474099999999999522e-01 1.547409999999999952e+00
5.493649999999999922e-01 1.549365000000000103e+00
5.513200000000000323e-01 1.551320000000000032e+00
5.532749999999999613e-01 1.553274999999999961e+00
5.552300000000000013e-01 1.555230000000000112e+00
5.571850000000000414e-01 1.557185000000000041e+00
5.591399999999999704e-01 1.559139999999999970e+00
5.610950000000000104e-01 1.561095000000000121e+00
5.630500000000000504e-01 1.563050000000000050e+00
5.650049999999999795e-01 1.565004999999999979e+00
5.669600000000000195e-01 1.566960000000000131e+00
5.689149999999999485e-01 1.568915000000000060e+00
5.708699999999999886e-01 1.570869999999999989e+00
5.728250000000000286e-01 1.572825000000000140e+00
5.747799999999999576e-01 1.574780000000000069e+00
5.767349999999999977e-01 1.576734999999999998e+00
5.786900000000000377e-01 1.578690000000000149e+00
5.806449999999999667e-01 1.580645000000000078e+00
5.826000000000000068e-01 1.582600000000000007e+00
5.845550000000000468e-01 1.584555000000000158e+00
5.865099999999999758e-01 1.586510000000000087e+00
5.884650000000000158e-01 1.588465000000000016e+00
5.904199999999999449e-01 1.590419999999999945e+00
5.923749999999999849e-01 1.592375000000000096e+00
5.943300000000000249e-01 1.594330000000000025e+00
5.962849999999999540e-01 1.596284999999999954e+00
5.982399999999999940e-01 1.598240000000000105e+00
6.001959999999999518e-01 1.600195999999999952e+00
6.021509999999999918e-01 1.602151000000000103e+00
6.041060000000000318e-01 1.604106000000000032e+00
6.060609999999999609e-01 1.606060999999999961e+00
6.080160000000000009e-01 1.608015999999999890e+00
6.099710000000000409e-01 1.609971000000000041e+00
6.119259999999999700e-01 1.611925999999999970e+00
6.138810000000000100e-01 1.613880999999999899e+00
6.158360000000000500e-01 1.615836000000000050e+00
6.177909999999999791e-01 1.617790999999999979e+00
6.197460000000000191e-01 1.619745999999999908e+00
6.217009999999999481e-01 1.621700999999999837e+00
6.236559999999999881e-01 1.623655999999999988e+00
6.256110000000000282e-01 1.625610999999999917e+00
6.275659999999999572e-01 1.627565999999999846e+00
6.295209999999999972e-01 1.629520999999999997e+00
6.314760000000000373e-01 1.631475999999999926e+00
6.334309999999999663e-01 1.633430999999999855e+00
6.353860000000000063e-01 1.635386000000000006e+00
6.373410000000000464e-01 1.637340999999999935e+00
6.392959999999999754e-01 1.639295999999999864e+00
6.412510000000000154e-01 1.641251000000000015e+00
6.432060000000000555e-01 1.643205999999999944e+00
6.451609999999999845e-01 1.645160999999999873e+00
6.471160000000000245e-01 1.647116000000000025e+00
6.490709999999999535e-01 1.649070999999999954e+00
6.510259999999999936e-01 1.651025999999999883e+00
6.529810000000000336e-01 1.652981000000000034e+00
6.549359999999999626e-01 1.654935999999999963e+00
6.568910000000000027e-01 1.656890999999999892e+00
6.588469999999999605e-01 1.658846999999999738e+00
6.608020000000000005e-01 1.660801999999999889e+00
6.627570000000000405e-01 1.662757000000000041e+00
6.647119999999999695e-01 1.664711999999999748e+00
6.666670000000000096e-01 1.666666999999999899e+00
6.686220000000000496e-01 1.668622000000000050e+00
6.705769999999999786e-01 1.670576999999999979e+00
6.725320000000000187e-01 1.672531999999999908e+00
6.744869999999999477e-01 1.674486999999999837e+00
6.764419999999999877e-01 1.676441999999999988e+00
6.783970000000000278e-01 1.678396999999999917e+00
6.803519999999999568e-01 1.680351999999999846e+00
6.823069999999999968e-01 1.682306999999999997e+00
6.842620000000000369e-01 1.684261999999999926e+00
6.862169999999999659e-01 1.686216999999999855e+00
6.881720000000000059e-01 1.688172000000000006e+00
6.901270000000000460e-01 1.690126999999999935e+00
6.920819999999999750e-01 1.692081999999999864e+00
6.940370000000000150e-01 1.694037000000000015e+00
6.959920000000000551e-01 1.695991999999999944e+00
6.979469999999999841e-01 1.697946999999999873e+00
6.999020000000000241e-01 1.699902000000000024e+00
7.018569999999999531e-01 1.701856999999999953e+00
7.038119999999999932e-01 1.703811999999999882e+00
7.057670000000000332e-01 1.705767000000000033e+00
7.077219999999999622e-01 1.707721999999999962e+00
7.096770000000000023e-01 1.709676999999999891e+00
7.116320000000000423e-01 1.711632000000000042e+00
7.135869999999999713e-01 1.713586999999999971e+00
7.155430000000000401e-01 1.715543000000000040e+00
7.174979999999999691e-01 1.717497999999999969e+00
7.194530000000000092e-01 1.719452999999999898e+00
7.214080000000000492e-01 1.721408000000000049e+00
7.233629999999999782e-01 1.723362999999999978e+00
7.253180000000000183e-01 1.725317999999999907e+00
7.272729999999999473e-01 1.727272999999999836e+00
7.292279999999999873e-01 1.729227999999999987e+00
7.311830000000000274e-01 1.731182999999999916e+00
7.331379999999999564e-01 1.733137999999999845e+00
7.350929999999999964e-01 1.735092999999999996e+00
7.370480000000000365e-01 1.737047999999999925e+00
7.390029999999999655e-01 1.739002999999999854e+00
7.409580000000000055e-01 1.740958000000000006e+00
7.429130000000000456e-01 1.742912999999999935e+00
7.448679999999999746e-01 1.744867999999999864e+00
7.468230000000000146e-01 1.746823000000000015e+00
7.487780000000000546e-01 1.748777999999999944e+00
7.507329999999999837e-01 1.750732999999999873e+00
7.526880000000000237e-01 1.752688000000000024e+00
7.546429999999999527e-01 1.754642999999999953e+00
7.565979999999999928e-01 1.756597999999999882e+00
7.585530000000000328e-01 1.758553000000000033e+00
7.605079999999999618e-01 1.760507999999999962e+00
7.624630000000000019e-01 1.762462999999999891e+00
7.644180000000000419e-01 1.764418000000000042e+00
7.663729999999999709e-01 1.766372999999999971e+00
7.683280000000000109e-01 1.768327999999999900e+00
7.702830000000000510e-01 1.770283000000000051e+00
7.722390000000000088e-01 1.772238999999999898e+00
7.741940000000000488e-01 1.774194000000000049e+00
7.761489999999999778e-01 1.776148999999999978e+00
7.781040000000000179e-01 1.778103999999999907e+00
7.800589999999999469e-01 1.780058999999999836e+00
7.820139999999999869e-01 1.782013999999999987e+00
7.839690000000000270e-01 1.783968999999999916e+00
7.859239999999999560e-01 1.785924000000000067e+00
7.878789999999999960e-01 1.787878999999999996e+00
7.898340000000000360e-01 1.789833999999999925e+00
7.917889999999999651e-01 1.791789000000000076e+00
7.937440000000000051e-01 1.793744000000000005e+00
7.956990000000000451e-01 1.795698999999999934e+00
7.976539999999999742e-01 1.797654000000000085e+00
7.996090000000000142e-01 1.799609000000000014e+00
8.015640000000000542e-01 1.801563999999999943e+00
8.035189999999999833e-01 1.803519000000000094e+00
8.054740000000000233e-01 1.805474000000000023e+00
8.074289999999999523e-01 1.807428999999999952e+00
8.093839999999999923e-01 1.809384000000000103e+00
8.113390000000000324e-01 1.811339000000000032e+00
8.132939999999999614e-01 1.813293999999999961e+00
8.152490000000000014e-01 1.815249000000000112e+00
8.172040000000000415e-01 1.817204000000000041e+00
8.191589999999999705e-01 1.819158999999999970e+00
8.211140000000000105e-01 1.821114000000000122e+00
8.230690000000000506e-01 1.823069000000000051e+00
8.250239999999999796e-01 1.825023999999999980e+00
8.269790000000000196e-01 1.826979000000000131e+00
8.289349999999999774e-01 1.828934999999999977e+00
8.308900000000000174e-01 1.830890000000000128e+00
8.328449999999999465e-01 1.832844999999999835e+00
8.347999999999999865e-01 1.834799999999999986e+00
8.367550000000000265e-01 1.836755000000000138e+00
8.387099999999999556e-01 1.838709999999999845e+00
8.406649999999999956e-01 1.840664999999999996e+00
8.426200000000000356e-01 1.842620000000000147e+00
8.445749999999999647e-01 1.844574999999999854e+00
8.465300000000000047e-01 1.846530000000000005e+00
8.484850000000000447e-01 1.848485000000000156e+00
8.504399999999999737e-01 1.850439999999999863e+00
8.523950000000000138e-01 1.852395000000000014e+00
8.543500000000000538e-01 1.854350000000000165e+00
8.563049999999999828e-01 1.856304999999999872e+00
8.582600000000000229e-01 1.858260000000000023e+00
8.602149999999999519e-01 1.860214999999999952e+00
8.621699999999999919e-01 1.862169999999999881e+00
8.641250000000000320e-01 1.864125000000000032e+00
8.660799999999999610e-01 1.866079999999999961e+00
8.680350000000000010e-01 1.868034999999999890e+00
8.699900000000000411e-01 1.869990000000000041e+00
8.719449999999999701e-01 1.871944999999999970e+00
8.739000000000000101e-01 1.873899999999999899e+00
8.758550000000000502e-01 1.875855000000000050e+00
8.778099999999999792e-01 1.877809999999999979e+00
8.797650000000000192e-01 1.879764999999999908e+00
8.817199999999999482e-01 1.881720000000000059e+00
8.836749999999999883e-01 1.883674999999999988e+00
8.856300000000000283e-01 1.885629999999999917e+00
8.875859999999999861e-01 1.887585999999999986e+00
8.895410000000000261e-01 1.889540999999999915e+00
8.914959999999999551e-01 1.891496000000000066e+00
8.934509999999999952e-01 1.893450999999999995e+00
8.954060000000000352e-01 1.895405999999999924e+00
8.973609999999999642e-01 1.897361000000000075e+00
8.993160000000000043e-01 1.899316000000000004e+00
9.012710000000000443e-01 1.901270999999999933e+00
9.032259999999999733e-01 1.903226000000000084e+00
9.051810000000000134e-01 1.905181000000000013e+00
9.071360000000000534e-01 1.907135999999999942e+00
9.090909999999999824e-01 1.909091000000000093e+00
9.110460000000000225e-01 1.911046000000000022e+00
9.130009999999999515e-01 1.913000999999999951e+00
9.149559999999999915e-01 1.914956000000000103e+00
9.169110000000000316e-01 1.916911000000000032e+00
9.188659999999999606e-01 1.918865999999999961e+00
9.208210000000000006e-01 1.920821000000000112e+00
9.227760000000000407e-01 1.922776000000000041e+00
9.247309999999999697e-01 1.924730999999999970e+00
9.266860000000000097e-01 1.926686000000000121e+00
9.286410000000000498e-01 1.928641000000000050e+00
9.305959999999999788e-01 1.930595999999999979e+00
9.325510000000000188e-01 1.932551000000000130e+00
9.345059999999999478e-01 1.934505999999999837e+00
9.364609999999999879e-01 1.936460999999999988e+00
9.384160000000000279e-01 1.938415999999999917e+00
9.403709999999999569e-01 1.940370999999999846e+00
9.423259999999999970e-01 1.942325999999999997e+00
9.442819999999999547e-01 1.944281999999999844e+00
9.462369999999999948e-01 1.946236999999999995e+00
9.481920000000000348e-01 1.948191999999999924e+00
9.501469999999999638e-01 1.950146999999999853e+00
9.521020000000000039e-01 1.952102000000000004e+00
9.540570000000000439e-01 1.954056999999999933e+00
9.560119999999999729e-01 1.956011999999999862e+00
9.579670000000000130e-01 1.957967000000000013e+00
9.599220000000000530e-01 1.959921999999999942e+00
9.618769999999999820e-01 1.961876999999999871e+00
9.638320000000000221e-01 1.963832000000000022e+00
9.657869999999999511e-01 1.965786999999999951e+00
9.677419999999999911e-01 1.967741999999999880e+00
9.696970000000000312e-01 1.969697000000000031e+00
9.716519999999999602e-01 1.971651999999999960e+00
9.736070000000000002e-01 1.973606999999999889e+00
9.755620000000000402e-01 1.975562000000000040e+00
9.775169999999999693e-01 1.977516999999999969e+00
9.794720000000000093e-01 1.979471999999999898e+00
9.814270000000000493e-01 1.981427000000000049e+00
9.833819999999999784e-01 1.983381999999999978e+00
9.853370000000000184e-01 1.985336999999999907e+00
9.872919999999999474e-01 1.987291999999999836e+00
9.892469999999999875e-01 1.989246999999999987e+00
9.912020000000000275e-01 1.991201999999999916e+00
9.931569999999999565e-01 1.993156999999999845e+00
9.951119999999999965e-01 1.995111999999999997e+00
9.970670000000000366e-01 1.997066999999999926e+00
9.990219999999999656e-01 1.999021999999999855e+00
1.000977999999999923e+00 2.000977999999999923e+00
1.002933000000000074e+00 2.002933000000000074e+00
1.004888000000000003e+00 2.004887999999999781e+00
1.006842999999999932e+00 2.006842999999999932e+00
1.008798000000000084e+00 2.008798000000000084e+00
1.010753000000000013e+00 2.010752999999999791e+00
1.012707999999999942e+00 2.012707999999999942e+00
1.014663000000000093e+00 2.014663000000000093e+00
1.016618000000000022e+00 2.016617999999999800e+00
1.018572999999999951e+00 2.018572999999999951e+00
1.020528000000000102e+00 2.020528000000000102e+00
1.022483000000000031e+00 2.022482999999999809e+00
1.024437999999999960e+00 2.024437999999999960e+00
1.026393000000000111e+00 2.026393000000000111e+00
1.028348000000000040e+00 2.028347999999999818e+00
1.030302999999999969e+00 2.030302999999999969e+00
1.032257999999999898e+00 2.032257999999999676e+00
1.034213000000000049e+00 2.034212999999999827e+00
1.036167999999999978e+00 2.036167999999999978e+00
1.038122999999999907e+00 2.038122999999999685e+00
1.040078000000000058e+00 2.040077999999999836e+00
1.042032999999999987e+00 2.042032999999999987e+00
1.043987999999999916e+00 2.043987999999999694e+00
1.045943000000000067e+00 2.045942999999999845e+00
1.047897999999999996e+00 2.047897999999999996e+00
1.049852999999999925e+00 2.049852999999999703e+00
1.051808000000000076e+00 2.051807999999999854e+00
1.053763000000000005e+00 2.053763000000000005e+00
1.055717999999999934e+00 2.055717999999999712e+00
1.057674000000000003e+00 2.057674000000000003e+00
1.059628999999999932e+00 2.059628999999999710e+00
1.061584000000000083e+00 2.061583999999999861e+00
1.063539000000000012e+00 2.063538999999999568e+00
1.065493999999999941e+00 2.065493999999999719e+00
1.067449000000000092e+00 2.067448999999999870e+00
1.069404000000000021e+00 2.069404000000000021e+00
1.071358999999999950e+00 2.071358999999999728e+00
1.073314000000000101e+00 2.073313999999999879e+00
1.075269000000000030e+00 2.075269000000000030e+00
1.077223999999999959e+00 2.077223999999999737e+00
1.079179000000000110e+00 2.079178999999999888e+00
1.081134000000000039e+00 2.081134000000000039e+00
1.083088999999999968e+00 2.083088999999999746e+00
1.085043999999999897e+00 2.085043999999999897e+00
1.086999000000000049e+00 2.086999000000000049e+00
1.088953999999999978e+00 2.088953999999999755e+00
1.090908999999999907e+00 2.090908999999999907e+00
1.092864000000000058e+00 2.092864000000000058e+00
1.094818999999999987e+00 2.094818999999999765e+00
1.096773999999999916e+00 2.096773999999999916e+00
1.098729000000000067e+00 2.098729000000000067e+00
1.100683999999999996e+00 2.100683999999999774e+00
1.102638999999999925e+00 2.102638999999999925e+00
1.104594000000000076e+00 2.104594000000000076e+00
1.106549000000000005e+00 2.106548999999999783e+00
1.108503999999999934e+00 2.108503999999999934e+00
1.110459000000000085e+00 2.110459000000000085e+00
1.112414000000000014e+00 2.112413999999999792e+00
1.114370000000000083e+00 2.114370000000000083e+00
1.116325000000000012e+00 2.116324999999999790e+00
1.118279999999999941e+00 2.118279999999999941e+00
1.120235000000000092e+00 2.120235000000000092e+00
1.122190000000000021e+00 2.122189999999999799e+00
1.124144999999999950e+00 2.124144999999999950e+00
1.126100000000000101e+00 2.126100000000000101e+00
1.128055000000000030e+00 2.128054999999999808e+00
1.130009999999999959e+00 2.130009999999999959e+00
1.131965000000000110e+00 2.131965000000000110e+00
1.133920000000000039e+00 2.133919999999999817e+00
1.135874999999999968e+00 2.135874999999999968e+00
1.137829999999999897e+00 2.137830000000000119e+00
1.139785000000000048e+00 2.139785000000000270e+00
1.141739999999999977e+00 2.141739999999999977e+00
1.143694999999999906e+00 2.143695000000000128e+00
1.145650000000000057e+00 2.145650000000000279e+00
1.147604999999999986e+00 2.147604999999999986e+00
1.149559999999999915e+00 2.149560000000000137e+00
1.151515000000000066e+00 2.151515000000000288e+00
1.153469999999999995e+00 2.153469999999999995e+00
1.155424999999999924e+00 2.155425000000000146e+00
1.157380000000000075e+00 2.157380000000000297e+00
1.159335000000000004e+00 2.159335000000000004e+00
1.161289999999999933e+00 2.161290000000000155e+00
1.163245000000000084e+00 2.163245000000000307e+00
1.165200000000000014e+00 2.165200000000000014e+00
1.167154999999999943e+00 2.167155000000000165e+00
1.169110000000000094e+00 2.169110000000000316e+00
1.171065000000000023e+00 2.171065000000000023e+00
1.173021000000000091e+00 2.173021000000000313e+00
1.174976000000000020e+00 2.174976000000000020e+00
1.176930999999999949e+00 2.176931000000000171e+00
1.178886000000000100e+00 2.178886000000000323e+00
1.180841000000000030e+00 2.180841000000000030e+00
1.182795999999999959e+00 2.182796000000000181e+00
1.184751000000000110e+00 2.184751000000000332e+00
1.186706000000000039e+00 2.186706000000000039e+00
1.188660999999999968e+00 2.188661000000000190e+00
1.190615999999999897e+00 2.190615999999999897e+00
1.192571000000000048e+00 2.192571000000000048e+00
1.194525999999999977e+00 2.194526000000000199e+00
1.196480999999999906e+00 2.196481000000000350e+00
1.198436000000000057e+00 2.198436000000000057e+00
1.200390999999999986e+00 2.200391000000000208e+00
1.202345999999999915e+00 2.202345999999999915e+00
1.204301000000000066e+00 2.204301000000000066e+00
1.206255999999999995e+00 2.206256000000000217e+00
1.208210999999999924e+00 2.208210999999999924e+00
1.210166000000000075e+00 2.210166000000000075e+00
1.212121000000000004e+00 2.212121000000000226e+00
1.214075999999999933e+00 2.214075999999999933e+00
1.216031000000000084e+00 2.216031000000000084e+00
1.217986000000000013e+00 2.217986000000000235e+00
1.219940999999999942e+00 2.219940999999999942e+00
1.221896000000000093e+00 2.221896000000000093e+00
1.223851000000000022e+00 2.223851000000000244e+00
1.225805999999999951e+00 2.225805999999999951e+00
1.227761000000000102e+00 2.227761000000000102e+00
1.229716999999999949e+00 2.229716999999999949e+00
1.231672000000000100e+00 2.231672000000000100e+00
1.233627000000000029e+00 2.233627000000000251e+00
1.235581999999999958e+00 2.235581999999999958e+00
1.237537000000000109e+00 2.237537000000000109e+00
1.239492000000000038e+00 2.239492000000000260e+00
1.241446999999999967e+00 2.241446999999999967e+00
1.243401999999999896e+00 2.243402000000000118e+00
1.245357000000000047e+00 2.245357000000000269e+00
1.247311999999999976e+00 2.247311999999999976e+00
1.249266999999999905e+00 2.249267000000000127e+00
1.251222000000000056e+00 2.251222000000000278e+00
1.253176999999999985e+00 2.253176999999999985e+00
1.255131999999999914e+00 2.255132000000000136e+00
1.257087000000000065e+00 2.257087000000000288e+00
1.259041999999999994e+00 2.259041999999999994e+00
1.260996999999999924e+00 2.260997000000000146e+00
1.262952000000000075e+00 2.262952000000000297e+00
1.264907000000000004e+00 2.264907000000000004e+00
1.266861999999999933e+00 2.266862000000000155e+00
1.268817000000000084e+00 2.268817000000000306e+00
1.270772000000000013e+00 2.270772000000000013e+00
1.272726999999999942e+00 2.272727000000000164e+00
1.274682000000000093e+00 2.274682000000000315e+00
1.276637000000000022e+00 2.276637000000000022e+00
1.278591999999999951e+00 2.278592000000000173e+00
1.280547000000000102e+00 2.280547000000000324e+00
1.282502000000000031e+00 2.282502000000000031e+00
1.284456999999999960e+00 2.284457000000000182e+00
1.286413000000000029e+00 2.286413000000000029e+00
1.288367999999999958e+00 2.288368000000000180e+00
1.290323000000000109e+00 2.290323000000000331e+00
1.292278000000000038e+00 2.292278000000000038e+00
1.294232999999999967e+00 2.294233000000000189e+00
1.296187999999999896e+00 2.296187999999999896e+00
1.298143000000000047e+00 2.298143000000000047e+00
1.300097999999999976e+00 2.300098000000000198e+00
1.302052999999999905e+00 2.302052999999999905e+00
1.304008000000000056e+00 2.304008000000000056e+00
1.305962999999999985e+00 2.305963000000000207e+00
1.307917999999999914e+00 2.307917999999999914e+00
1.309873000000000065e+00 2.309873000000000065e+00
1.311827999999999994e+00 2.311828000000000216e+00
1.313782999999999923e+00 2.313782999999999923e+00
1.315738000000000074e+00 2.315738000000000074e+00
1.317693000000000003e+00 2.317693000000000225e+00
1.319647999999999932e+00 2.319647999999999932e+00
1.321603000000000083e+00 2.321603000000000083e+00
1.323558000000000012e+00 2.323558000000000234e+00
1.325512999999999941e+00 2.325512999999999941e+00
1.327468000000000092e+00 2.327468000000000092e+00
1.329423000000000021e+00 2.329423000000000243e+00
1.331377999999999950e+00 2.331377999999999950e+00
1.333333000000000101e+00 2.333333000000000101e+00
1.335288000000000030e+00 2.335288000000000252e+00
1.337242999999999959e+00 2.337242999999999959e+00
1.339198000000000111e+00 2.339198000000000111e+00
1.341153000000000040e+00 2.341153000000000262e+00
1.343109000000000108e+00 2.343109000000000108e+00
1.345064000000000037e+00 2.345064000000000259e+00
1.347018999999999966e+00 2.347018999999999966e+00
1.348973999999999895e+00 2.348974000000000117e+00
1.350929000000000046e+00 2.350929000000000268e+00
1.352883999999999975e+00 2.352883999999999975e+00
1.354838999999999904e+00 2.354839000000000127e+00
1.356794000000000056e+00 2.356794000000000278e+00
1.358748999999999985e+00 2.358748999999999985e+00
1.360703999999999914e+00 2.360704000000000136e+00
1.362659000000000065e+00 2.362659000000000287e+00
1.364613999999999994e+00 2.364613999999999994e+00
1.366568999999999923e+00 2.366569000000000145e+00
1.368524000000000074e+00 2.368524000000000296e+00
1.370479000000000003e+00 2.370479000000000003e+00
1.372433999999999932e+00 2.372434000000000154e+00
1.374389000000000083e+00 2.374389000000000305e+00
1.376344000000000012e+00 2.376344000000000012e+00
1.378298999999999941e+00 2.378299000000000163e+00
1.380254000000000092e+00 2.380254000000000314e+00
1.382209000000000021e+00 2.382209000000000021e+00
1.384163999999999950e+00 2.384164000000000172e+00
1.386119000000000101e+00 2.386119000000000323e+00
1.388074000000000030e+00 2.388074000000000030e+00
1.390028999999999959e+00 2.390029000000000181e+00
1.391984000000000110e+00 2.391984000000000332e+00
1.393939000000000039e+00 2.393939000000000039e+00
1.395893999999999968e+00 2.395894000000000190e+00
1.397848999999999897e+00 2.397848999999999897e+00
1.399804000000000048e+00 2.399804000000000048e+00
1.401759999999999895e+00 2.401759999999999895e+00
1.403715000000000046e+00 2.403715000000000046e+00
1.405669999999999975e+00 2.405670000000000197e+00
1.407624999999999904e+00 2.407624999999999904e+00
1.409580000000000055e+00 2.409580000000000055e+00
1.411534999999999984e+00 2.411535000000000206e+00
1.413489999999999913e+00 2.413489999999999913e+00
1.415445000000000064e+00 2.415445000000000064e+00
1.417399999999999993e+00 2.417400000000000215e+00
1.419354999999999922e+00 2.419354999999999922e+00
1.421310000000000073e+00 2.421310000000000073e+00
1.423265000000000002e+00 2.423265000000000224e+00
1.425219999999999931e+00 2.425219999999999931e+00
1.427175000000000082e+00 2.427175000000000082e+00
1.429130000000000011e+00 2.429130000000000233e+00
1.431084999999999940e+00 2.431084999999999940e+00
1.433040000000000092e+00 2.433040000000000092e+00
1.434995000000000021e+00 2.434995000000000243e+00
1.436949999999999950e+00 2.436949999999999950e+00
1.438905000000000101e+00 2.438905000000000101e+00
1.440860000000000030e+00 2.440860000000000252e+00
1.442814999999999959e+00 2.442814999999999959e+00
1.444770000000000110e+00 2.444770000000000110e+00
1.446725000000000039e+00 2.446725000000000261e+00
1.448679999999999968e+00 2.448679999999999968e+00
1.450634999999999897e+00 2.450635000000000119e+00
1.452590000000000048e+00 2.452590000000000270e+00
1.454544999999999977e+00 2.454544999999999977e+00
1.456499999999999906e+00 2.456500000000000128e+00
1.458455999999999975e+00 2.458455999999999975e+00
1.460410999999999904e+00 2.460411000000000126e+00
1.462366000000000055e+00 2.462366000000000277e+00
1.464320999999999984e+00 2.464320999999999984e+00
1.466275999999999913e+00 2.466276000000000135e+00
1.468231000000000064e+00 2.468231000000000286e+00
1.470185999999999993e+00 2.470185999999999993e+00
1.472140999999999922e+00 2.472141000000000144e+00
1.474096000000000073e+00 2.474096000000000295e+00
1.476051000000000002e+00 2.476051000000000002e+00
1.478005999999999931e+00 2.478006000000000153e+00
1.479961000000000082e+00 2.479961000000000304e+00
1.481916000000000011e+00 2.481916000000000011e+00
1.483870999999999940e+00 2.483871000000000162e+00
1.485826000000000091e+00 2.485826000000000313e+00
1.487781000000000020e+00 2.487781000000000020e+00
1.489735999999999949e+00 2.489736000000000171e+00
1.491691000000000100e+00 2.491691000000000322e+00
1.493646000000000029e+00 2.493646000000000029e+00
1.495600999999999958e+00 2.495601000000000180e+00
1.497556000000000109e+00 2.497556000000000331e+00
1.499511000000000038e+00 2.499511000000000038e+00
1.501465999999999967e+00 2.501466000000000189e+00
1.503420999999999896e+00 2.503420999999999896e+00
1.505376000000000047e+00 2.505376000000000047e+00
1.507330999999999976e+00 2.507331000000000198e+00
1.509285999999999905e+00 2.509285999999999905e+00
1.511241000000000057e+00 2.511241000000000057e+00
1.513195999999999986e+00 2.513196000000000208e+00
1.515152000000000054e+00 2.515152000000000054e+00
1.517106999999999983e+00 2.517107000000000205e+00
1.519061999999999912e+00 2.519061999999999912e+00
1.521017000000000063e+00 2.521017000000000063e+00
1.522971999999999992e+00 2.522972000000000214e+00
1.524926999999999921e+00 2.524926999999999921e+00
1.526882000000000073e+00 2.526882000000000073e+00
1.528837000000000002e+00 2.528837000000000224e+00
1.530791999999999931e+00 2.530791999999999931e+00
1.532747000000000082e+00 2.532747000000000082e+00
1.534702000000000011e+00 2.534702000000000233e+00
1.536656999999999940e+00 2.536656999999999940e+00
1.538612000000000091e+00 2.538612000000000091e+00
1.540567000000000020e+00 2.540567000000000242e+00
1.542521999999999949e+00 2.542521999999999949e+00
1.544477000000000100e+00 2.544477000000000100e+00
1.546432000000000029e+00 2.546432000000000251e+00
1.548386999999999958e+00 2.548386999999999958e+00
1.550342000000000109e+00 2.550342000000000109e+00
1.552297000000000038e+00 2.552297000000000260e+00
1.554251999999999967e+00 2.554251999999999967e+00
1.556206999999999896e+00 2.556207000000000118e+00
1.558162000000000047e+00 2.558162000000000269e+00
1.560116999999999976e+00 2.560116999999999976e+00
1.562071999999999905e+00 2.562072000000000127e+00
1.564027000000000056e+00 2.564027000000000278e+00
1.565981999999999985e+00 2.565981999999999985e+00
1.567936999999999914e+00 2.567937000000000136e+00
1.569892000000000065e+00 2.569892000000000287e+00
1.571847999999999912e+00 2.571848000000000134e+00
1.573803000000000063e+00 2.573803000000000285e+00
1.575757999999999992e+00 2.575757999999999992e+00
1.577712999999999921e+00 2.577713000000000143e+00
1.579668000000000072e+00 2.579668000000000294e+00
1.581623000000000001e+00 2.581623000000000001e+00
1.583577999999999930e+00 2.583578000000000152e+00
1.585533000000000081e+00 2.585533000000000303e+00
1.587488000000000010e+00 2.587488000000000010e+00
1.589442999999999939e+00 2.589443000000000161e+00
1.591398000000000090e+00 2.591398000000000312e+00
1.593353000000000019e+00 2.593353000000000019e+00
1.595307999999999948e+00 2.595308000000000170e+00
1.597263000000000099e+00 2.597262999999999877e+00
1.599218000000000028e+00 2.599218000000000028e+00
1.601172999999999957e+00 2.601173000000000179e+00
1.603128000000000108e+00 2.603127999999999886e+00
1.605083000000000037e+00 2.605083000000000037e+00
1.607037999999999967e+00 2.607038000000000189e+00
1.608992999999999896e+00 2.608992999999999896e+00
1.610948000000000047e+00 2.610948000000000047e+00
1.612902999999999976e+00 2.612903000000000198e+00
1.614857999999999905e+00 2.614857999999999905e+00
1.616813000000000056e+00 2.616813000000000056e+00
1.618767999999999985e+00 2.618768000000000207e+00
1.620722999999999914e+00 2.620722999999999914e+00
1.622678000000000065e+00 2.622678000000000065e+00
1.624632999999999994e+00 2.624633000000000216e+00
1.626587999999999923e+00 2.626587999999999923e+00
1.628543000000000074e+00 2.628543000000000074e+00
1.630498999999999921e+00 2.630498999999999921e+00
1.632454000000000072e+00 2.632454000000000072e+00
1.634409000000000001e+00 2.634408999999999779e+00
1.636363999999999930e+00 2.636363999999999930e+00
1.638319000000000081e+00 2.638319000000000081e+00
1.640274000000000010e+00 2.640273999999999788e+00
1.642228999999999939e+00 2.642228999999999939e+00
1.644184000000000090e+00 2.644184000000000090e+00
1.646139000000000019e+00 2.646138999999999797e+00
1.648093999999999948e+00 2.648093999999999948e+00
1.650049000000000099e+00 2.650049000000000099e+00
1.652004000000000028e+00 2.652003999999999806e+00
1.653958999999999957e+00 2.653958999999999957e+00
1.655914000000000108e+00 2.655914000000000108e+00
1.657869000000000037e+00 2.657868999999999815e+00
1.659823999999999966e+00 2.659823999999999966e+00
1.661778999999999895e+00 2.661779000000000117e+00
1.663734000000000046e+00 2.663733999999999824e+00
1.665688999999999975e+00 2.665688999999999975e+00
1.667643999999999904e+00 2.667644000000000126e+00
1.669599000000000055e+00 2.669598999999999833e+00
1.671553999999999984e+00 2.671553999999999984e+00
1.673508999999999913e+00 2.673509000000000135e+00
1.675464000000000064e+00 2.675463999999999842e+00
1.677418999999999993e+00 2.677418999999999993e+00
1.679373999999999922e+00 2.679374000000000144e+00
1.681329000000000073e+00 2.681328999999999851e+00
1.683284000000000002e+00 2.683284000000000002e+00
1.685238999999999931e+00 2.685239000000000154e+00
1.687195000000000000e+00 2.687195000000000000e+00
1.689149999999999929e+00 2.689149999999999707e+00
1.691105000000000080e+00 2.691105000000000302e+00
1.693060000000000009e+00 2.693060000000000009e+00
1.695014999999999938e+00 2.695014999999999716e+00
1.696970000000000089e+00 2.696970000000000312e+00
1.698925000000000018e+00 2.698925000000000018e+00
1.700879999999999947e+00 2.700879999999999725e+00
1.702835000000000099e+00 2.702835000000000321e+00
1.704790000000000028e+00 2.704790000000000028e+00
1.706744999999999957e+00 2.706744999999999735e+00
1.708700000000000108e+00 2.708700000000000330e+00
1.710655000000000037e+00 2.710655000000000037e+00
1.712609999999999966e+00 2.712609999999999744e+00
1.714564999999999895e+00 2.714564999999999895e+00
1.716520000000000046e+00 2.716520000000000046e+00
1.718474999999999975e+00 2.718474999999999753e+00
1.720429999999999904e+00 2.720429999999999904e+00
1.722385000000000055e+00 2.722385000000000055e+00
1.724339999999999984e+00 2.724339999999999762e+00
1.726294999999999913e+00 2.726294999999999913e+00
1.728250000000000064e+00 2.728250000000000064e+00
1.730204999999999993e+00 2.730204999999999771e+00
1.732159999999999922e+00 2.732159999999999922e+00
1.734115000000000073e+00 2.734115000000000073e+00
1.736070000000000002e+00 2.736069999999999780e+00
1.738024999999999931e+00 2.738024999999999931e+00
1.739980000000000082e+00 2.739980000000000082e+00
1.741935000000000011e+00 2.741934999999999789e+00
1.743891000000000080e+00 2.743891000000000080e+00
1.745846000000000009e+00 2.745846000000000231e+00
1.747800999999999938e+00 2.747800999999999938e+00
1.749756000000000089e+00 2.749756000000000089e+00
1.751711000000000018e+00 2.751711000000000240e+00
1.753665999999999947e+00 2.753665999999999947e+00
1.755621000000000098e+00 2.755621000000000098e+00
1.757576000000000027e+00 2.757576000000000249e+00
1.759530999999999956e+00 2.759530999999999956e+00
1.761486000000000107e+00 2.761486000000000107e+00
1.763441000000000036e+00 2.763441000000000258e+00
1.765395999999999965e+00 2.765395999999999965e+00
1.767350999999999894e+00 2.767350999999999672e+00
1.769306000000000045e+00 2.769306000000000267e+00
1.771260999999999974e+00 2.771260999999999974e+00
1.773215999999999903e+00 2.773215999999999681e+00
1.775171000000000054e+00 2.775171000000000276e+00
1.777125999999999983e+00 2.777125999999999983e+00
1.779080999999999912e+00 2.779080999999999690e+00
1.781036000000000064e+00 2.781036000000000286e+00
1.782990999999999993e+00 2.782990999999999993e+00
1.784945999999999922e+00 2.784945999999999700e+00
1.786901000000000073e+00 2.786901000000000295e+00
1.788856000000000002e+00 2.788856000000000002e+00
1.790810999999999931e+00 2.790810999999999709e+00
1.792766000000000082e+00 2.792766000000000304e+00
1.794721000000000011e+00 2.794721000000000011e+00
1.796675999999999940e+00 2.796675999999999718e+00
1.798631000000000091e+00 2.798631000000000313e+00
1.800586999999999938e+00 2.800587000000000160e+00
1.802542000000000089e+00 2.802541999999999867e+00
1.804497000000000018e+00 2.804497000000000018e+00
1.806451999999999947e+00 2.806452000000000169e+00
1.808407000000000098e+00 2.808406999999999876e+00
1.810362000000000027e+00 2.810362000000000027e+00
1.812316999999999956e+00 2.812317000000000178e+00
1.814272000000000107e+00 2.814271999999999885e+00
1.816227000000000036e+00 2.816227000000000036e+00
1.818181999999999965e+00 2.818182000000000187e+00
1.820136999999999894e+00 2.820136999999999894e+00
1.822092000000000045e+00 2.822092000000000045e+00
1.824046999999999974e+00 2.824047000000000196e+00
1.826001999999999903e+00 2.826001999999999903e+00
1.827957000000000054e+00 2.827957000000000054e+00
1.829911999999999983e+00 2.829912000000000205e+00
1.831866999999999912e+00 2.831866999999999912e+00
1.833822000000000063e+00 2.833822000000000063e+00
1.835776999999999992e+00 2.835777000000000214e+00
1.837731999999999921e+00 2.837731999999999921e+00
1.839687000000000072e+00 2.839687000000000072e+00
1.841642000000000001e+00 2.841642000000000223e+00
1.843596999999999930e+00 2.843596999999999930e+00
1.845552000000000081e+00 2.845552000000000081e+00
1.847507000000000010e+00 2.847507000000000232e+00
1.849461999999999939e+00 2.849461999999999939e+00
1.851417000000000090e+00 2.851417000000000090e+00
1.853372000000000019e+00 2.853372000000000241e+00
1.855326999999999948e+00 2.855326999999999948e+00
1.857283000000000017e+00 2.857282999999999795e+00
1.859237999999999946e+00 2.859237999999999946e+00
1.861193000000000097e+00 2.861193000000000097e+00
1.863148000000000026e+00 2.863147999999999804e+00
1.865102999999999955e+00 2.865102999999999955e+00
1.867058000000000106e+00 2.867058000000000106e+00
1.869013000000000035e+00 2.869012999999999813e+00
1.870967999999999964e+00 2.870967999999999964e+00
1.872922999999999893e+00 2.872923000000000116e+00
1.874878000000000045e+00 2.874877999999999822e+00
1.876832999999999974e+00 2.876832999999999974e+00
1.878787999999999903e+00 2.878788000000000125e+00
1.880743000000000054e+00 2.880742999999999832e+00
1.882697999999999983e+00 2.882697999999999983e+00
1.884652999999999912e+00 2.884653000000000134e+00
1.886608000000000063e+00 2.886607999999999841e+00
1.888562999999999992e+00 2.888562999999999992e+00
1.890517999999999921e+00 2.890518000000000143e+00
1.892473000000000072e+00 2.892472999999999850e+00
1.894428000000000001e+00 2.894428000000000001e+00
1.896382999999999930e+00 2.896383000000000152e+00
1.898338000000000081e+00 2.898337999999999859e+00
1.900293000000000010e+00 2.900293000000000010e+00
1.902247999999999939e+00 2.902248000000000161e+00
1.904203000000000090e+00 2.904202999999999868e+00
1.906158000000000019e+00 2.906158000000000019e+00
1.908112999999999948e+00 2.908113000000000170e+00
1.910068000000000099e+00 2.910067999999999877e+00
1.912023000000000028e+00 2.912023000000000028e+00
1.913977999999999957e+00 2.913978000000000179e+00
1.915934000000000026e+00 2.915934000000000026e+00
1.917888999999999955e+00 2.917888999999999733e+00
1.919844000000000106e+00 2.919844000000000328e+00
1.921799000000000035e+00 2.921799000000000035e+00
1.923753999999999964e+00 2.923753999999999742e+00
1.925708999999999893e+00 2.925708999999999893e+00
1.927664000000000044e+00 2.927664000000000044e+00
1.929618999999999973e+00 2.929618999999999751e+00
1.931573999999999902e+00 2.931573999999999902e+00
1.933529000000000053e+00 2.933529000000000053e+00
1.935483999999999982e+00 2.935483999999999760e+00
1.937438999999999911e+00 2.937438999999999911e+00
1.939394000000000062e+00 2.939394000000000062e+00
1.941348999999999991e+00 2.941348999999999769e+00
1.943303999999999920e+00 2.943303999999999920e+00
1.945259000000000071e+00 2.945259000000000071e+00
1.947214000000000000e+00 2.947213999999999778e+00
1.949168999999999929e+00 2.949168999999999929e+00
1.951124000000000080e+00 2.951124000000000080e+00
1.953079000000000010e+00 2.953078999999999787e+00
1.955033999999999939e+00 2.955033999999999939e+00
1.956989000000000090e+00 2.956989000000000090e+00
1.958944000000000019e+00 2.958943999999999797e+00
1.960898999999999948e+00 2.960898999999999948e+00
1.962854000000000099e+00 2.962854000000000099e+00
1.964809000000000028e+00 2.964808999999999806e+00
1.966763999999999957e+00 2.966763999999999957e+00
1.968719000000000108e+00 2.968719000000000108e+00
1.970674000000000037e+00 2.970673999999999815e+00
1.972630000000000106e+00 2.972630000000000106e+00
1.974585000000000035e+00 2.974585000000000257e+00
1.976539999999999964e+00 2.976539999999999964e+00
1.978494999999999893e+00 2.978494999999999671e+00
1.980450000000000044e+00 2.980450000000000266e+00
1.982404999999999973e+00 2.982404999999999973e+00
1.984359999999999902e+00 2.984359999999999680e+00
1.986315000000000053e+00 2.986315000000000275e+00
1.988269999999999982e+00 2.988269999999999982e+00
1.990224999999999911e+00 2.990224999999999689e+00
1.992180000000000062e+00 2.992180000000000284e+00
1.994134999999999991e+00 2.994134999999999991e+00
1.996089999999999920e+00 2.996089999999999698e+00
1.998045000000000071e+00 2.998045000000000293e+00
2.000000000000000000e+00 3.000000000000000000e+00
