5.151514999999999844e-01 1.515149999999998442e-02 3.030300000000000007e-02
5.457604999999999817e-01 1.545750000000001290e-02 3.091500000000000151e-02
5.769880000000000564e-01 1.577000000000000624e-02 3.153999999999999859e-02
6.088465000000000682e-01 1.608850000000000557e-02 3.217699999999999727e-02
6.413484999999999880e-01 1.641349999999996978e-02 3.282700000000000201e-02
6.745069999999999677e-01 1.674500000000000988e-02 3.348999999999999894e-02
7.083355000000000068e-01 1.708350000000002922e-02 3.416700000000000292e-02
7.428474999999999939e-01 1.742849999999995791e-02 3.485699999999999910e-02
7.780564999999999287e-01 1.778050000000003239e-02 3.556100000000000233e-02
8.139764999999999917e-01 1.813949999999997509e-02 3.627999999999999975e-02
8.506225000000000591e-01 1.850650000000003681e-02 3.701200000000000323e-02
8.880090000000000483e-01 1.887999999999995238e-02 3.776000000000000190e-02
9.261504999999999876e-01 1.926150000000004248e-02 3.852300000000000169e-02
9.650624999999999343e-01 1.965049999999995967e-02 3.930100000000000260e-02
1.004760499999999945e+00 2.004749999999999588e-02 4.009499999999999870e-02
1.045260999999999996e+00 2.045300000000005447e-02 4.090499999999999692e-02
1.086579500000000031e+00 2.086549999999998128e-02 4.173199999999999826e-02
1.128732499999999916e+00 2.128750000000001474e-02 4.257500000000000173e-02
1.171737499999999876e+00 2.171749999999994518e-02 4.343500000000000139e-02
1.215610999999999997e+00 2.215600000000006453e-02 4.431199999999999722e-02
1.260370500000000060e+00 2.260349999999999859e-02 4.520699999999999719e-02
1.306034499999999987e+00 2.306049999999992828e-02 4.612100000000000227e-02
1.352621000000000073e+00 2.352600000000004687e-02 4.705199999999999660e-02
