0.000000000000000000e+00 2.439072336509942943e-02
3.910068426197458452e-03 2.208251846953928343e-01
7.820136852394916904e-03 4.172596460256862705e-01
1.173020527859237536e-02 6.488553149673976783e-01
1.564027370478983381e-02 9.499556966293543070e-01
1.955034213098729226e-02 1.251056078291310714e+00
2.346041055718475071e-02 1.580896838437803265e+00
2.737047898338220916e-02 1.924773597379068946e+00
3.128054740957966762e-02 2.268852227036906921e+00
3.519061583577712260e-02 2.638568437699381874e+00
3.910068426197458452e-02 3.008284648361857716e+00
4.301075268817204644e-02 3.383642841207167518e+00
4.692082111436950143e-02 3.769772090946978071e+00
5.083088954056695641e-02 4.155901340686788181e+00
5.474095796676441833e-02 4.548985933962563344e+00
5.865102639296188025e-02 4.945348332812757874e+00
6.256109481915933523e-02 5.341801651992969191e+00
6.647116324535679022e-02 5.743982951964303751e+00
7.038123167155424520e-02 6.146164251935638312e+00
7.429130009775171406e-02 6.549223125677065660e+00
7.820136852394916904e-02 6.953900635483324599e+00
8.211143695014662403e-02 7.358578145289584427e+00
8.602150537634409289e-02 7.763191705656870667e+00
8.993157380254154787e-02 8.167776198097350004e+00
9.384164222873900285e-02 8.572310076349443975e+00
9.775171065493645783e-02 8.974735030085531307e+00
1.016617790811339128e-01 9.377159983821618638e+00
1.055718475073313817e-01 9.778206054763739274e+00
1.094819159335288367e-01 1.017679411724704508e+01
1.133919843597262916e-01 1.057538217973035266e+01
1.173020527859237605e-01 1.097034449907388698e+01
1.212121212121212155e-01 1.136371800962583478e+01
1.251221896383186705e-01 1.175689292098014427e+01
1.290322580645161255e-01 1.214391125720774767e+01
1.329423264907135804e-01 1.253092959343535107e+01
1.368523949169110354e-01 1.291526591047458972e+01
1.407624633431084904e-01 1.329498002423175507e+01
1.446725317693059731e-01 1.367469413798892219e+01
1.485826001955034281e-01 1.404871598011325950e+01
1.524926686217008831e-01 1.442033441865929255e+01
1.564027370478983381e-01 1.479161084287591521e+01
1.603128054740957931e-01 1.515447371458902914e+01
1.642228739002932481e-01 1.551733658630214308e+01
1.681329423264907030e-01 1.587671035573603895e+01
1.720430107526881858e-01 1.623026895470457731e+01
1.759530791788856408e-01 1.658382755367311034e+01
1.798631476050830957e-01 1.693044879972802264e+01
1.837732160312805507e-01 1.727424936382904619e+01
1.876832844574780057e-01 1.761757508374967784e+01
1.915933528836754607e-01 1.795124563866898271e+01
1.955034213098729157e-01 1.828491619358828757e+01
1.994134897360703707e-01 1.861459363012497548e+01
2.033235581622678256e-01 1.893783318192234333e+01
2.072336265884653084e-01 1.926107273371971473e+01
2.111436950146627634e-01 1.957664321862394985e+01
2.150537634408602183e-01 1.988921276430913565e+01
2.189638318670576733e-01 2.020118870022348290e+01
2.228739002932551283e-01 2.050290366724195934e+01
2.267839687194525833e-01 2.080461863426043223e+01
2.306940371456500383e-01 2.110204018615776178e+01
2.346041055718475210e-01 2.139276401046610943e+01
2.385141739980449760e-01 2.168348783477445352e+01
2.424242424242424310e-01 2.196615756731901925e+01
2.463343108504398860e-01 2.224579619006000897e+01
2.502443792766373409e-01 2.252473846848914363e+01
2.541544477028347959e-01 2.279323558224041335e+01
2.580645161290322509e-01 2.306173269599168663e+01
2.619745845552297059e-01 2.332578157353015413e+01
2.658846529814271609e-01 2.358311448659046761e+01
2.697947214076246158e-01 2.384044739965078108e+01
2.737047898338220708e-01 2.408958696581539627e+01
2.776148582600195258e-01 2.433576298097518276e+01
2.815249266862169808e-01 2.458115692498001081e+01
2.854349951124144913e-01 2.481621015038036404e+01
2.893450635386119463e-01 2.505126337578071372e+01
2.932551319648094013e-01 2.528182156699528349e+01
2.971652003910068562e-01 2.550581009286139533e+01
3.010752688172043112e-01 2.572979861872750718e+01
3.049853372434017662e-01 2.594563411224843108e+01
3.088954056695992212e-01 2.615863749979681430e+01
3.128054740957966762e-01 2.637079039133335456e+01
3.167155425219941312e-01 2.657290742993013666e+01
3.206256109481915861e-01 2.677502446852692231e+01
3.245356793743890411e-01 2.697268191228720369e+01
3.284457478005864961e-01 2.716402860863733792e+01
3.323558162267839511e-01 2.735537530498747572e+01
3.362658846529814061e-01 2.753874280603267977e+01
3.401759530791788610e-01 2.771945057530957257e+01
3.440860215053763715e-01 2.789925653918798787e+01
3.479960899315738265e-01 2.806947057291896286e+01
3.519061583577712815e-01 2.823968460664993430e+01
3.558162267839687365e-01 2.840553803734867344e+01
3.597262952101661915e-01 2.856541582685508374e+01
3.636363636363636465e-01 2.872529361636149758e+01
3.675464320625611014e-01 2.887746612590174422e+01
3.714565004887585564e-01 2.902717612328785890e+01
3.753665689149560114e-01 2.917594959604580396e+01
3.792766373411534664e-01 2.931566999739813895e+01
3.831867057673509214e-01 2.945539039875047038e+01
3.870967741935483764e-01 2.959089867506229155e+01
3.910068426197458313e-01 2.972081631268397217e+01
3.949169110459432863e-01 2.985073395030564924e+01
3.988269794721407413e-01 2.997329522917062761e+01
4.027370478983381963e-01 3.009360456147742724e+01
4.066471163245356513e-01 3.021295848081330959e+01
4.105571847507331618e-01 3.032386067002184049e+01
4.144672531769306167e-01 3.043476285923036784e+01
4.183773216031280717e-01 3.054163999584444511e+01
4.222873900293255267e-01 3.064334206483708201e+01
4.261974584555229817e-01 3.074504413382971890e+01
4.301075268817204367e-01 3.083979454024628808e+01
4.340175953079178917e-01 3.093250860105976585e+01
4.379276637341153466e-01 3.102426327757987323e+01
4.418377321603128016e-01 3.110820582485396102e+01
4.457478005865102566e-01 3.119214837212804881e+01
4.496578690127077116e-01 3.127228292584070601e+01
4.535679374389051666e-01 3.134767418932771577e+01
4.574780058651026216e-01 3.142306545281472552e+01
4.613880742913000765e-01 3.149195053457771465e+01
4.652981427174975315e-01 3.155901388545797914e+01
4.692082111436950420e-01 3.162512778970835825e+01
4.731182795698924970e-01 3.168408919601359486e+01
4.770283479960899520e-01 3.174305060231883147e+01
4.809384164222874070e-01 3.179844415702797633e+01
4.848484848484848619e-01 3.184953168394873302e+01
4.887585532746823169e-01 3.190061921086948971e+01
4.926686217008797719e-01 3.194567500543574923e+01
4.965786901270772269e-01 3.198911835669932202e+01
5.004887585532746819e-01 3.203163505116235399e+01
5.043988269794721369e-01 3.206766514802160373e+01
5.083088954056695918e-01 3.210369524488084636e+01
5.122189638318670468e-01 3.213641511807875872e+01
5.161290322580645018e-01 3.216526371275747920e+01
5.200391006842619568e-01 3.219411230743619257e+01
5.239491691104594118e-01 3.221742319941767363e+01
5.278592375366568668e-01 3.223932252012338040e+01
5.317693059628543217e-01 3.226032975309720285e+01
5.356793743890517767e-01 3.227551217793931215e+01
5.395894428152492317e-01 3.229069460278141435e+01
5.434995112414466867e-01 3.230283733973732296e+01
5.474095796676441417e-01 3.231153509708887128e+01
5.513196480938415966e-01 3.232023285444041960e+01
5.552297165200390516e-01 3.232389901001709376e+01
5.591397849462365066e-01 3.232634390302704475e+01
5.630498533724339616e-01 3.232794198886362125e+01
5.669599217986315276e-01 3.232436514197397059e+01
5.708699902248289826e-01 3.232078829508431284e+01
5.747800586510264376e-01 3.231445142329221198e+01
5.786901270772238925e-01 3.230508304873839620e+01
5.826001955034213475e-01 3.229571467418458752e+01
5.865102639296188025e-01 3.228182681463898973e+01
5.904203323558162575e-01 3.226689599701837352e+01
5.943304007820137125e-01 3.225117331204869942e+01
5.982404692082111675e-01 3.223090780912917097e+01
6.021505376344086224e-01 3.221064230620964253e+01
6.060606060606060774e-01 3.218790240311613360e+01
6.099706744868035324e-01 3.216252846112774932e+01
6.138807429130009874e-01 3.213715451913936505e+01
6.177908113391984424e-01 3.210777427237562875e+01
6.217008797653958974e-01 3.207751645408967534e+01
6.256109481915933523e-01 3.204653032990074024e+01
6.295210166177908073e-01 3.201161135383573964e+01
6.334310850439882623e-01 3.197669237777074613e+01
6.373411534701857173e-01 3.193958787520135800e+01
6.412512218963831723e-01 3.190022846433378945e+01
6.451612903225806273e-01 3.186086905346622089e+01
6.490713587487780822e-01 3.181801342243725728e+01
6.529814271749755372e-01 3.177443216080876098e+01
6.568914956011729922e-01 3.173019373982300451e+01
6.608015640273704472e-01 3.168260693544549866e+01
6.647116324535679022e-01 3.163502013106799282e+01
6.686217008797653572e-01 3.158553750510690605e+01
6.725317693059628121e-01 3.153415905756224191e+01
6.764418377321602671e-01 3.148278061001757777e+01
6.803519061583577221e-01 3.142840927104480642e+01
6.842619745845551771e-01 3.137345054216558538e+01
6.881720430107527431e-01 3.131791232209319986e+01
6.920821114369501981e-01 3.125958200809012055e+01
6.959921798631476531e-01 3.120125169408704124e+01
6.999022482893451080e-01 3.114131380687683759e+01
7.038123167155425630e-01 3.107981781025049983e+01
7.077223851417400180e-01 3.101832181362415852e+01
7.116324535679374730e-01 3.095432603564103147e+01
7.155425219941349280e-01 3.088986733518442662e+01
7.194525904203323829e-01 3.082491219726827580e+01
7.233626588465298379e-01 3.075769071442811509e+01
7.272727272727272929e-01 3.069046923158795082e+01
7.311827956989247479e-01 3.062192462543605842e+01
7.350928641251222029e-01 3.055213708526405014e+01
7.390029325513196579e-01 3.048234954509204186e+01
7.429130009775171128e-01 3.041054152391532739e+01
7.468230694037145678e-01 3.033838130880201334e+01
7.507331378299120228e-01 3.026581182046327712e+01
7.546432062561094778e-01 3.019146881481439237e+01
7.585532746823069328e-01 3.011712580916550408e+01
7.624633431085043878e-01 3.004173772371720830e+01
7.663734115347018427e-01 2.996539814770526888e+01
7.702834799608992977e-01 2.988905857169333302e+01
7.741935483870967527e-01 2.981115992316284746e+01
7.781036168132942077e-01 2.973300615367478272e+01
7.820136852394916627e-01 2.965453288152871281e+01
7.859237536656891177e-01 2.957474325843164920e+01
7.898338220918865726e-01 2.949495363533458558e+01
7.937438905180840276e-01 2.941438745169137192e+01
7.976539589442814826e-01 2.933313606756625447e+01
8.015640273704789376e-01 2.925188468344114057e+01
8.054740957966763926e-01 2.916951276790886638e+01
8.093841642228738475e-01 2.908696923945838009e+01
8.132942326490713025e-01 2.900419673792200470e+01
8.172043010752688685e-01 2.892052595735637155e+01
8.211143695014663235e-01 2.883685517679073840e+01
8.250244379276637785e-01 2.875266293163871367e+01
8.289345063538612335e-01 2.866802479647803281e+01
8.328445747800586885e-01 2.858338666131734840e+01
8.367546432062561435e-01 2.849803737437296647e+01
8.406647116324535984e-01 2.841258649431662420e+01
8.445747800586510534e-01 2.832699560656696036e+01
8.484848484848485084e-01 2.824088098633486510e+01
8.523949169110459634e-01 2.815476636610276628e+01
8.563049853372434184e-01 2.806836699770348176e+01
8.602150537634408733e-01 2.798173169510852887e+01
8.641251221896383283e-01 2.789509639251357598e+01
8.680351906158357833e-01 2.780812214424742024e+01
8.719452590420332383e-01 2.772110290319305648e+01
8.758553274682306933e-01 2.763402812144609300e+01
8.797653958944281483e-01 2.754675498008269940e+01
8.836754643206256032e-01 2.745948183871930937e+01
8.875855327468230582e-01 2.737213604233048869e+01
8.914956011730205132e-01 2.728473191725927904e+01
8.954056695992179682e-01 2.719732779218806940e+01
8.993157380254154232e-01 2.710990974955308985e+01
9.032258064516128782e-01 2.702248999774360882e+01
9.071358748778103331e-01 2.693509102461643323e+01
9.110459433040077881e-01 2.684776298561160246e+01
9.149560117302052431e-01 2.676043494660676814e+01
9.188660801564026981e-01 2.667321409818397626e+01
9.227761485826001531e-01 2.658607662021388052e+01
9.266862170087976081e-01 2.649893914224378833e+01
9.305962854349950630e-01 2.641205361559286757e+01
9.345063538611925180e-01 2.632519657039541627e+01
9.384164222873900840e-01 2.623842409652365859e+01
9.423264907135875390e-01 2.615192788898249532e+01
9.462365591397849940e-01 2.606543168144133205e+01
9.501466275659824490e-01 2.597918144264889051e+01
9.540566959921799040e-01 2.589311652277671172e+01
9.579667644183773589e-01 2.580705160290453648e+01
9.618768328445748139e-01 2.572143192926563771e+01
9.657869012707722689e-01 2.563585831558190975e+01
9.696969696969697239e-01 2.555041558937114132e+01
9.736070381231671789e-01 2.546538241428545035e+01
9.775171065493646338e-01 2.538034923919975583e+01
9.814271749755620888e-01 2.529565037326637267e+01
9.853372434017595438e-01 2.521119546266034561e+01
9.892473118279569988e-01 2.512674055205432211e+01
9.931573802541544538e-01 2.504283811117819170e+01
9.970674486803519088e-01 2.495898761190059645e+01
1.000977517106549364e+00 2.487529175503898315e+01
1.004887585532746819e+00 2.479205982542530151e+01
1.008797653958944274e+00 2.470882789581161987e+01
1.012707722385141729e+00 2.462595954587638403e+01
1.016617790811339184e+00 2.454334812558058587e+01
1.020527859237536639e+00 2.446073670528478772e+01
1.024437927663734094e+00 2.437868771777386101e+01
1.028347996089931549e+00 2.429668639405826625e+01
1.032258064516129004e+00 2.421483648665939725e+01
1.036168132942326459e+00 2.413342247471778279e+01
1.040078201368523914e+00 2.405200846277616833e+01
1.043988269794721369e+00 2.397092235919486569e+01
1.047898338220918824e+00 2.389006061396535685e+01
1.051808406647116279e+00 2.380919886873584801e+01
1.055718475073313734e+00 2.372880682150792353e+01
1.059628543499511188e+00 2.364845029765826823e+01
1.063538611925708643e+00 2.356821240168890697e+01
1.067448680351906098e+00 2.348830247691800821e+01
1.071358748778103553e+00 2.340839255214710590e+01
1.075268817204301008e+00 2.332870941594942948e+01
1.079178885630498463e+00 2.324917649036517986e+01
1.083088954056695918e+00 2.316964356478093379e+01
1.086999022482893373e+00 2.309038927041585509e+01
1.090909090909090828e+00 2.301115355146539088e+01
1.094819159335288283e+00 2.293197476143190627e+01
1.098729227761485738e+00 2.285294723966354269e+01
1.102639296187683193e+00 2.277391971789518266e+01
1.106549364613880648e+00 2.269495992062330458e+01
1.110459433040078103e+00 2.261604353649019927e+01
1.114369501466275558e+00 2.253712715235709751e+01
1.118279569892473013e+00 2.245821774482457300e+01
1.122189638318670468e+00 2.237930874089704147e+01
1.126099706744867923e+00 2.230037117615330899e+01
1.130009775171065600e+00 2.222136062265705903e+01
1.133919843597263055e+00 2.214235006916081616e+01
1.137829912023460510e+00 2.206320745498635105e+01
1.141739980449657965e+00 2.198398292975830159e+01
1.145650048875855420e+00 2.190475840453025214e+01
1.149560117302052875e+00 2.182522118022293611e+01
1.153470185728250330e+00 2.174566857727237590e+01
1.157380254154447785e+00 2.166598821944148057e+01
1.161290322580645240e+00 2.158599365366165657e+01
1.165200391006842695e+00 2.150599908788182901e+01
1.169110459433040150e+00 2.142565848170117704e+01
1.173020527859237605e+00 2.134511025128002970e+01
1.176930596285435060e+00 2.126456202085888592e+01
1.180840664711632515e+00 2.118337841234502861e+01
1.184750733137829970e+00 2.110216897545342363e+01
1.188660801564027425e+00 2.102073312852166254e+01
1.192570869990224880e+00 2.093876104728427023e+01
1.196480938416422335e+00 2.085678896604687793e+01
1.200391006842619790e+00 2.077427512398729803e+01
1.204301075268817245e+00 2.069144692688274034e+01
1.208211143695014700e+00 2.060861872977818621e+01
1.212121212121212155e+00 2.052488001523254013e+01
1.216031280547409610e+00 2.044111192915653774e+01
1.219941348973607065e+00 2.035703537485749237e+01
1.223851417399804520e+00 2.027225488025457167e+01
1.227761485826001975e+00 2.018747438565165098e+01
1.231671554252199430e+00 2.010200692408556122e+01
1.235581622678396885e+00 2.001615409080842056e+01
1.239491691104594340e+00 1.993030125753128345e+01
1.243401759530791795e+00 1.984335604246211915e+01
1.247311827956989250e+00 1.975638461022994719e+01
1.251221896383186705e+00 1.966905368033131651e+01
1.255131964809384160e+00 1.958093185556647242e+01
1.259042033235581615e+00 1.949281003080162478e+01
1.262952101661779070e+00 1.940393133345568444e+01
1.266862170087976525e+00 1.931464228350553469e+01
1.270772238514173980e+00 1.922535323355538495e+01
1.274682306940371435e+00 1.913491353367026448e+01
1.278592375366568890e+00 1.904445556950046026e+01
1.282502443792766345e+00 1.895362745637599389e+01
1.286412512218963800e+00 1.886201390522577270e+01
1.290322580645161255e+00 1.877040035407554797e+01
1.294232649071358709e+00 1.867804677003301350e+01
1.298142717497556164e+00 1.858530554971354931e+01
1.302052785923753619e+00 1.849256432939408512e+01
1.305962854349951074e+00 1.839874572867594438e+01
1.309872922776148529e+00 1.830491864464757867e+01
1.313782991202345984e+00 1.821075322392816531e+01
1.317693059628543439e+00 1.811589501855564777e+01
1.321603128054740894e+00 1.802103681318313022e+01
1.325513196480938349e+00 1.792553805011162282e+01
1.329423264907135804e+00 1.782971524020415899e+01
1.333333333333333259e+00 1.773389243029669515e+01
1.337243401759530714e+00 1.763718197393708920e+01
1.341153470185728169e+00 1.754047151757748324e+01
1.345063538611925624e+00 1.744349173777007422e+01
1.348973607038123079e+00 1.734597957440305294e+01
1.352883675464320534e+00 1.724846741103603165e+01
1.356793743890517989e+00 1.715047933988755702e+01
1.360703812316715444e+00 1.705225884865976838e+01
1.364613880742912899e+00 1.695403359893016670e+01
1.368523949169110354e+00 1.685520401947007940e+01
1.372434017595307809e+00 1.675637444000999210e+01
1.376344086021505486e+00 1.665737107321762878e+01
1.380254154447702941e+00 1.655803593060911538e+01
1.384164222873900396e+00 1.645870078800060554e+01
1.388074291300097851e+00 1.635909425604430822e+01
1.391984359726295306e+00 1.625935982795859402e+01
1.395894428152492761e+00 1.615962084186049097e+01
1.399804496578690216e+00 1.605959470098189357e+01
1.403714565004887671e+00 1.595956856010329439e+01
1.407624633431085126e+00 1.585947766149062055e+01
1.411534701857282581e+00 1.575926732083509485e+01
1.415444770283480036e+00 1.565905698017957093e+01
1.419354838709677491e+00 1.555879303065568209e+01
1.423264907135874946e+00 1.545850471346435384e+01
1.427174975562072401e+00 1.535821700253284661e+01
1.431085043988269856e+00 1.525795455242717580e+01
1.434995112414467311e+00 1.515769210232150321e+01
1.438905180840664766e+00 1.505747507411723696e+01
1.442815249266862221e+00 1.495733901538939037e+01
1.446725317693059676e+00 1.485720295666154200e+01
1.450635386119257131e+00 1.475722182136211558e+01
1.454545454545454586e+00 1.465730857385716668e+01
1.458455522971652041e+00 1.455740515434257354e+01
1.462365591397849496e+00 1.445780640252905513e+01
1.466275659824046951e+00 1.435820765071553673e+01
1.470185728250244406e+00 1.425875612766717992e+01
1.474095796676441861e+00 1.415955833929920971e+01
1.478005865102639316e+00 1.406036055093123771e+01
1.481915933528836771e+00 1.396150158069400149e+01
1.485826001955034226e+00 1.386278566700085513e+01
1.489736070381231681e+00 1.376409151191362135e+01
1.493646138807429136e+00 1.366593261853188324e+01
1.497556207233626591e+00 1.356777372515014513e+01
1.501466275659824046e+00 1.346984969773825647e+01
1.505376344086021501e+00 1.337231711360944786e+01
1.509286412512218956e+00 1.327478452948064103e+01
1.513196480938416411e+00 1.317774231753475256e+01
1.517106549364613866e+00 1.308089948768521715e+01
1.521016617790811321e+00 1.298409169489587534e+01
1.524926686217008776e+00 1.288799632233046388e+01
1.528836754643206230e+00 1.279190094976505243e+01
1.532746823069403685e+00 1.269611167191892420e+01
1.536656891495601140e+00 1.260081589372224720e+01
1.540566959921798595e+00 1.250552011552557019e+01
1.544477028347996050e+00 1.241083268823296137e+01
1.548387096774193505e+00 1.231638331129411768e+01
1.552297165200390960e+00 1.222198250557331356e+01
1.556207233626588415e+00 1.212842128805006858e+01
1.560117302052785870e+00 1.203486007052682183e+01
1.564027370478983325e+00 1.194166025267323583e+01
1.567937438905180780e+00 1.184902421830431862e+01
1.571847507331378235e+00 1.175638818393540319e+01
1.575757575757575690e+00 1.166444805690362685e+01
1.579667644183773145e+00 1.157276983048260099e+01
1.583577712609970600e+00 1.148115325281728261e+01
1.587487781036168055e+00 1.139046140648759398e+01
1.591397849462365510e+00 1.129976956015790535e+01
1.595307917888562965e+00 1.120948063286612673e+01
1.599217986314760420e+00 1.111980003431785846e+01
1.603128054740957875e+00 1.103011943576959020e+01
1.607038123167155330e+00 1.094119726567332407e+01
1.610948191593352785e+00 1.085254942076182516e+01
1.614858260019550240e+00 1.076397549036327028e+01
1.618768328445747695e+00 1.067637887408030117e+01
1.622678396871945150e+00 1.058878225779733206e+01
1.626588465298142605e+00 1.050161910512734487e+01
1.630498533724340282e+00 1.041508947619940173e+01
1.634408602150537737e+00 1.032855984727146215e+01
1.638318670576735192e+00 1.024283202172872365e+01
1.642228739002932647e+00 1.015738271736189802e+01
1.646138807429130102e+00 1.007201868743128692e+01
1.650048875855327557e+00 9.987660895848021525e+00
1.653958944281525012e+00 9.903303104264754353e+00
1.657869012707722467e+00 9.819401113091021926e+00
1.661779081133919922e+00 9.736144122496815712e+00
1.665689149560117377e+00 9.652887131902611273e+00
1.669599217986314832e+00 9.570461451854072266e+00
1.673509286412512287e+00 9.488312875320755069e+00
1.677419354838709742e+00 9.406260080685338920e+00
1.681329423264907197e+00 9.325226057145775016e+00
1.685239491691104652e+00 9.244192033606209336e+00
1.689149560117302107e+00 9.163630255108531131e+00
1.693059628543499562e+00 9.083715627223808653e+00
1.696969696969697017e+00 9.003800999339084399e+00
1.700879765395894472e+00 8.924737469141961199e+00
1.704789833822091927e+00 8.845945939236749211e+00
1.708699902248289382e+00 8.767259952657870059e+00
1.712609970674486837e+00 8.689594218233541056e+00
1.716520039100684292e+00 8.611928483809212054e+00
1.720430107526881747e+00 8.534747267142751781e+00
1.724340175953079202e+00 8.458209137682192846e+00
1.728250244379276657e+00 8.381671008221632135e+00
1.732160312805474112e+00 8.305996983310388160e+00
1.736070381231671567e+00 8.230587480199956119e+00
1.739980449657869022e+00 8.155292635519170830e+00
1.743890518084066477e+00 8.081012076946791467e+00
1.747800586510263932e+00 8.006731518374413881e+00
1.751710654936461387e+00 7.932944735964728267e+00
1.755620723362658842e+00 7.859792808621363314e+00
1.759530791788856297e+00 7.786640881277997472e+00
1.763440860215053752e+00 7.714361195505041735e+00
1.767350928641251206e+00 7.642337014838568976e+00
1.771260997067448661e+00 7.570436027754112729e+00
1.775171065493646116e+00 7.499538188408927830e+00
1.779081133919843571e+00 7.428640349063743820e+00
1.782991202346041026e+00 7.358243245432877444e+00
1.786901270772238481e+00 7.288469865235633449e+00
1.790811339198435936e+00 7.218696485038389454e+00
1.794721407624633391e+00 7.149799765760792347e+00
1.798631476050830846e+00 7.081148511540695800e+00
1.802541544477028301e+00 7.012628435814316497e+00
1.806451612903225756e+00 6.945096571407274766e+00
1.810361681329423211e+00 6.877564707000232147e+00
1.814271749755620666e+00 6.810538646367282567e+00
1.818181818181818121e+00 6.744123038565135175e+00
1.822091886608015576e+00 6.677707430762986895e+00
1.826001955034213031e+00 6.612169857308273890e+00
1.829912023460410486e+00 6.546867005906834791e+00
1.833822091886607941e+00 6.481702767621922767e+00
1.837732160312805396e+00 6.417508821152699383e+00
1.841642228739002851e+00 6.353314874683476887e+00
1.845552297165200306e+00 6.289630133840615756e+00
1.849462365591397761e+00 6.226540904662484444e+00
1.853372434017595216e+00 6.163451675484352243e+00
1.857282502443792671e+00 6.101239173421619810e+00
1.861192570869990126e+00 6.039250150819675866e+00
1.865102639296187581e+00 5.977406608946405520e+00
1.869012707722385036e+00 5.916512970654479453e+00
1.872922776148582491e+00 5.855619332362553386e+00
1.876832844574780168e+00 5.795236753808094221e+00
1.880742913000977623e+00 5.735433376289437390e+00
1.884652981427175078e+00 5.675629998770781448e+00
1.888563049853372533e+00 5.616699582680749536e+00
1.892473118279569988e+00 5.557981050432617032e+00
1.896383186705767443e+00 5.499414273138499176e+00
1.900293255131964898e+00 5.441774887230031332e+00
1.904203323558162353e+00 5.384135501321563488e+00
1.908113391984359808e+00 5.327007548903526235e+00
1.912023460410557263e+00 5.270441334909405029e+00
1.915933528836754718e+00 5.213875120915283823e+00
1.919843597262952173e+00 5.158175787099750664e+00
1.923753665689149628e+00 5.102676502556199978e+00
1.927663734115347083e+00 5.047334625000356567e+00
1.931573802541544538e+00 4.992895766479259478e+00
1.935483870967741993e+00 4.938456907958161501e+00
1.939393939393939448e+00 4.884528420066918564e+00
1.943304007820136903e+00 4.831143229942940209e+00
1.947214076246334358e+00 4.777758039818960967e+00
1.951124144672531813e+00 4.725231440511186598e+00
1.955034213098729268e+00 4.672892913477438626e+00
1.958944281524926723e+00 4.620716795257665765e+00
1.962854349951124178e+00 4.569417684633364729e+00
1.966764418377321633e+00 4.518118574009062804e+00
1.970674486803519088e+00 4.467327368640387597e+00
1.974584555229716543e+00 4.417060192503707405e+00
1.978494623655913998e+00 4.366793016367027214e+00
1.982404692082111453e+00 4.317374025157308282e+00
1.986314760508308908e+00 4.268131072328657183e+00
1.990224828934506363e+00 4.219054854369193031e+00
1.994134897360703818e+00 4.170828190267019231e+00
1.998044965786901273e+00 4.122601526164844543e+00
2.001955034213098727e+00 4.074878930304677738e+00
2.005865102639296182e+00 4.027660402686518815e+00
2.009775171065493637e+00 3.980441875068359447e+00
2.013685239491691092e+00 3.934059094545025115e+00
2.017595307917888547e+00 3.887840339152450309e+00
2.021505376344086002e+00 3.841791946519065970e+00
2.025415444770283457e+00 3.796564392634510288e+00
2.029325513196480912e+00 3.751336838749954605e+00
2.033235581622678367e+00 3.706608175004226347e+00
2.037145650048875822e+00 3.662363050931515485e+00
2.041055718475073277e+00 3.618117926858804623e+00
2.044965786901270732e+00 3.574694161813003479e+00
2.048875855327468187e+00 3.531422500290704036e+00
2.052785923753665642e+00 3.488324112337186200e+00
2.056695992179863097e+00 3.446016755893324124e+00
2.060606060606060552e+00 3.403709399449462047e+00
2.064516129032258007e+00 3.361894445647857665e+00
2.068426197458455462e+00 3.320542051904131764e+00
2.072336265884652917e+00 3.279189658160406307e+00
2.076246334310850372e+00 3.238642366243065673e+00
2.080156402737047827e+00 3.198235413176195863e+00
2.084066471163245282e+00 3.158003912153292347e+00
2.087976539589442737e+00 3.118532703320907817e+00
2.091886608015640192e+00 3.079061494488523287e+00
2.095796676441837647e+00 3.040074925529182792e+00
2.099706744868035102e+00 3.001529595857239663e+00
2.103616813294232557e+00 2.962984266185296978e+00
2.107526881720430012e+00 2.925225993115086798e+00
2.111436950146627467e+00 2.887596511125160248e+00
2.115347018572824922e+00 2.850143916021605328e+00
2.119257086999022377e+00 2.813420094889902856e+00
2.123167155425219832e+00 2.776696273758199940e+00
2.127077223851417287e+00 2.740448090284604898e+00
2.130987292277614742e+00 2.704619587097575106e+00
2.134897360703812197e+00 2.668791083910545314e+00
2.138807429130009652e+00 2.633729891673325607e+00
2.142717497556207107e+00 2.598786215527518539e+00
2.146627565982404562e+00 2.564020109776627532e+00
2.150537634408602017e+00 2.529950626344255493e+00
2.154447702834799472e+00 2.495881142911883455e+00
2.158357771260996927e+00 2.462277096891420491e+00
2.162267839687194382e+00 2.429071033585488593e+00
2.166177908113391837e+00 2.395864970279556694e+00
2.170087976539589292e+00 2.363404857127004544e+00
2.173998044965786747e+00 2.331051308282078072e+00
2.177908113391984202e+00 2.298875259318459818e+00
2.181818181818181657e+00 2.267363191392326893e+00
2.185728250244379112e+00 2.235851123466194412e+00
2.189638318670576567e+00 2.204793139375466282e+00
2.193548387096774022e+00 2.174111396176930722e+00
2.197458455522971477e+00 2.143429652978395605e+00
2.201368523949168932e+00 2.113470978369885955e+00
2.205278592375366387e+00 2.083608286317574443e+00
2.209188660801563842e+00 2.053922271086605633e+00
2.213098729227761297e+00 2.024867244503290920e+00
2.217008797653958752e+00 1.995812217919976650e+00
2.220918866080156207e+00 1.967198818564406038e+00
2.224828934506353662e+00 1.938939965011390765e+00
2.228739002932551116e+00 1.910681111458375492e+00
2.232649071358748571e+00 1.883121023762831969e+00
2.236559139784946026e+00 1.855646749418206065e+00
2.240469208211143481e+00 1.828347582834903395e+00
2.244379276637340936e+00 1.801646197919567483e+00
2.248289345063538391e+00 1.774944813004231348e+00
2.252199413489735846e+00 1.748671551997056817e+00
2.256109481915933745e+00 1.722731276251783017e+00
2.260019550342131200e+00 1.696791000506512104e+00
2.263929618768328655e+00 1.671523873633361745e+00
2.267839687194526110e+00 1.646332841850103312e+00
2.271749755620723565e+00 1.621314614612144211e+00
2.275659824046921020e+00 1.596860882222163713e+00
2.279569892473118475e+00 1.572407149832183215e+00
2.283479960899315930e+00 1.548367054325958447e+00
2.287390029325513385e+00 1.524638603047220986e+00
2.291300097751710840e+00 1.500910151768483747e+00
2.295210166177908295e+00 1.477828033299457999e+00
2.299120234604105750e+00 1.454812776845230138e+00
2.303030303030303205e+00 1.431967305042860072e+00
2.306940371456500660e+00 1.409653094893077219e+00
2.310850439882698115e+00 1.387338884743294587e+00
2.314760508308895570e+00 1.365422911020011121e+00
2.318670576735093025e+00 1.343797542256605082e+00
2.322580645161290480e+00 1.322172173493199043e+00
2.326490713587487935e+00 1.301165246593311453e+00
2.330400782013685390e+00 1.280216463800250448e+00
2.334310850439882845e+00 1.259433752512547855e+00
2.338220918866080300e+00 1.239149255740920497e+00
2.342130987292277755e+00 1.218864758969293138e+00
2.346041055718475210e+00 1.198962262726765315e+00
2.349951124144672665e+00 1.179329713524800871e+00
2.353861192570870120e+00 1.159697164322836649e+00
2.357771260997067575e+00 1.140654224899811497e+00
2.361681329423265030e+00 1.121661252407204934e+00
2.365591397849462485e+00 1.102829974654759182e+00
2.369501466275659940e+00 1.084464181760352641e+00
2.373411534701857395e+00 1.066098388865946101e+00
2.377321603128054850e+00 1.048097611179606758e+00
2.381231671554252305e+00 1.030346580740892692e+00
2.385141739980449760e+00 1.012595550302178626e+00
2.389051808406647215e+00 9.954045000005479205e-01
2.392961876832844670e+00 9.782558011378561513e-01
2.396871945259042125e+00 9.612637926727111148e-01
2.400782013685239580e+00 9.447049870713717379e-01
2.404692082111437035e+00 9.281461814700323609e-01
2.408602150537634490e+00 9.119347504508614755e-01
2.412512218963831945e+00 8.959533987003994726e-01
2.416422287390029400e+00 8.799720469499374698e-01
2.420332355816226855e+00 8.645204014864413811e-01
2.424242424242424310e+00 8.491040697754096422e-01
2.428152492668621765e+00 8.338388390767100811e-01
2.432062561094819220e+00 8.189751053536359349e-01
2.435972629521016675e+00 8.041113716305618997e-01
2.439882697947214130e+00 7.895768188784169084e-01
2.443792766373411585e+00 7.752532795691752243e-01
2.447702834799609040e+00 7.609297402599335403e-01
2.451612903225806495e+00 7.471051518668458957e-01
2.455522971652003950e+00 7.333094284027918963e-01
2.459433040078201405e+00 7.196586805618766514e-01
2.463343108504398860e+00 7.063784259800937049e-01
2.467253176930596315e+00 6.930981713983106474e-01
2.471163245356793770e+00 6.801284609722958452e-01
2.475073313782991224e+00 6.673513665416309637e-01
2.478983382209188679e+00 6.545742721109659712e-01
2.482893450635386134e+00 6.422650632133807269e-01
2.486803519061583589e+00 6.299788650797175649e-01
2.490713587487781044e+00 6.178310365332658760e-01
2.494623655913978499e+00 6.060235223769835367e-01
2.498533724340175954e+00 5.942160082207010863e-01
2.502443792766373409e+00 5.827000752234651193e-01
2.506353861192570864e+00 5.713590909216569314e-01
2.510263929618768319e+00 5.600181066198488544e-01
2.514173998044965774e+00 5.491138113197490123e-01
2.518084066471163229e+00 5.382272676050845472e-01
2.521994134897360684e+00 5.274720681658402466e-01
2.525904203323558139e+00 5.170279472736439841e-01
2.529814271749755594e+00 5.065838263814478326e-01
2.533724340175953049e+00 4.964121206309486389e-01
2.537634408602150504e+00 4.863984829256318143e-01
2.541544477028347959e+00 4.763848452203149342e-01
2.545454545454545414e+00 4.667767536580635923e-01
2.549364613880742869e+00 4.571817442294595635e-01
2.553274682306940324e+00 4.477107013734653584e-01
2.557184750733137779e+00 4.385225565934272596e-01
2.561094819159335234e+00 4.293344118133891052e-01
2.565004887585532689e+00 4.203994412704059047e-01
2.568914956011730144e+00 4.116064952994291648e-01
2.572825024437927599e+00 4.028135493284524249e-01
2.576735092864125054e+00 3.943952490649138554e-01
2.580645161290322509e+00 3.859859402983537580e-01
2.584555229716519964e+00 3.776929397222815177e-01
2.588465298142717419e+00 3.696558171652825076e-01
2.592375366568914874e+00 3.616186946082835529e-01
2.596285434995112329e+00 3.538155620959272385e-01
2.600195503421309784e+00 3.461392916559676292e-01
2.604105571847507239e+00 3.384630212160079643e-01
2.608015640273704694e+00 3.311309287590546990e-01
2.611925708699902149e+00 3.238042994446888589e-01
2.615835777126099604e+00 3.165861149152478515e-01
2.619745845552297059e+00 3.095980449294279402e-01
2.623655913978494514e+00 3.026099749436080288e-01
2.627565982404691969e+00 2.958369007934696371e-01
2.631476050830889424e+00 2.891764435096407238e-01
2.635386119257086879e+00 2.825159862258117549e-01
2.639296187683284334e+00 2.761698609793827308e-01
2.643206256109481789e+00 2.698262107883662719e-01
2.647116324535679244e+00 2.635830154776622192e-01
2.651026392961876699e+00 2.575455134933122836e-01
2.654936461388074154e+00 2.515080115089622925e-01
2.658846529814271609e+00 2.456668340150895968e-01
2.662756598240469064e+00 2.399249736163995284e-01
2.666666666666666519e+00 2.341831132177094321e-01
2.670576735092863974e+00 2.287265454798871889e-01
2.674486803519061429e+00 2.232699777420649734e-01
2.678396871945258884e+00 2.179058286173388703e-01
2.682306940371456339e+00 2.127243674487331038e-01
2.686217008797653794e+00 2.075429062801273095e-01
2.690127077223851249e+00 2.025395513684963011e-01
2.694037145650048704e+00 1.976231785823646114e-01
2.697947214076246158e+00 1.927087998814282777e-01
2.701857282502443613e+00 1.880476700003013701e-01
2.705767350928641068e+00 1.833865401191744626e-01
2.709677419354838523e+00 1.788098265541794296e-01
2.713587487781035978e+00 1.743942714108907832e-01
2.717497556207233433e+00 1.699787162676021091e-01
2.721407624633430888e+00 1.657236273756372558e-01
2.725317693059628343e+00 1.615441605101582967e-01
2.729227761485825798e+00 1.573682372016989572e-01
2.733137829912023253e+00 1.534155579854752371e-01
2.737047898338220708e+00 1.494628787692514893e-01
2.740957966764418163e+00 1.455867265403577027e-01
2.744868035190615618e+00 1.418517240880948493e-01
2.748778103616813073e+00 1.381167216358319960e-01
2.752688172043010972e+00 1.345252411769146395e-01
2.756598240469208427e+00 1.309989979877003718e-01
2.760508308895405882e+00 1.274774432013969228e-01
2.764418377321603337e+00 1.241512385363775506e-01
2.768328445747800792e+00 1.208250338713581645e-01
2.772238514173998247e+00 1.175676558618602985e-01
2.776148582600195702e+00 1.144329688469877260e-01
2.780058651026393157e+00 1.112982818321151396e-01
2.783968719452590612e+00 1.082909756919052391e-01
2.787878787878788067e+00 1.053394881372216735e-01
2.791788856304985522e+00 1.023934720351115796e-01
2.795698924731182977e+00 9.961707096277880313e-02
2.799608993157380432e+00 9.684066989044604057e-02
2.803519061583577887e+00 9.412565557183952270e-02
2.807429130009775342e+00 9.151643544582502288e-02
2.811339198435972797e+00 8.890721531981052306e-02
2.815249266862170252e+00 8.641013292771475285e-02
2.819159335288367707e+00 8.396039757882910182e-02
2.823069403714565162e+00 8.151659971391748971e-02
2.826979472140762617e+00 7.921886395476664122e-02
2.830889540566960072e+00 7.692112819561580661e-02
2.834799608993157527e+00 7.467766494311903203e-02
2.838709677419354982e+00 7.252465586837902878e-02
2.842619745845552437e+00 7.037164679363903941e-02
2.846529814271749892e+00 6.831651038237053497e-02
2.850439882697947347e+00 6.630116835075526571e-02
2.854349951124144802e+00 6.429195856883652971e-02
2.858260019550342257e+00 6.240743786408047000e-02
2.862170087976539712e+00 6.052291715932441030e-02
2.866080156402737167e+00 5.868593789069052186e-02
2.869990224828934622e+00 5.692560705988625874e-02
2.873900293255132077e+00 5.516527622908198869e-02
2.877810361681329532e+00 5.348959452601602382e-02
2.881720430107526987e+00 5.184703639467373032e-02
2.885630498533724442e+00 5.021057972012248766e-02
2.889540566959921897e+00 4.867959108438775495e-02
2.893450635386119352e+00 4.714860244865302225e-02
2.897360703812316807e+00 4.565885585655028722e-02
2.901270772238514262e+00 4.423344685251347219e-02
2.905180840664711717e+00 4.280803784847665716e-02
2.909090909090909172e+00 4.145514135620827212e-02
2.913000977517106627e+00 4.012953451890649559e-02
2.916911045943304082e+00 3.880981742080282654e-02
2.920821114369501537e+00 3.757844641067065866e-02
2.924731182795698992e+00 3.634707540053849079e-02
2.928641251221896447e+00 3.515111713595794191e-02
2.932551319648093902e+00 3.400862517348476194e-02
2.936461388074291357e+00 3.286613321101157503e-02
2.940371456500488812e+00 3.178513042998881016e-02
2.944281524926686266e+00 3.072636841672470726e-02
2.948191593352883721e+00 2.967314606923293629e-02
2.952101661779081176e+00 2.869317041361967718e-02
2.956011730205278631e+00 2.771319475800642154e-02
2.959921798631476086e+00 2.676330021263139888e-02
2.963831867057673541e+00 2.585737036683533399e-02
2.967741935483870996e+00 2.495144052103927257e-02
2.971652003910068451e+00 2.409709683508419117e-02
2.975562072336265906e+00 2.326067255202123735e-02
2.979472140762463361e+00 2.242933909738104720e-02
2.983382209188660816e+00 2.165807741812942125e-02
2.987292277614858271e+00 2.088681573887779530e-02
2.991202346041055726e+00 2.014081752906621281e-02
2.995112414467253181e+00 1.943056951185847397e-02
2.999022482893450636e+00 1.872032149465073514e-02
3.002932551319648091e+00 1.805286489253937754e-02
3.006842619745845546e+00 1.739967209546014471e-02
3.010752688172043001e+00 1.675105848397806865e-02
3.014662756598240456e+00 1.615115075566566499e-02
3.018572825024437911e+00 1.555124302735325960e-02
3.022482893450635366e+00 1.497229891387226973e-02
3.026392961876832821e+00 1.442208271701211041e-02
3.030303030303030276e+00 1.387186652015195282e-02
3.034213098729227731e+00 1.335672631612070879e-02
3.038123167155425186e+00 1.285279596546777710e-02
3.042033235581622641e+00 1.235290138690461198e-02
3.045943304007820096e+00 1.189201927187581720e-02
3.049853372434017551e+00 1.143113715684702415e-02
3.053763440860215006e+00 1.098743475072313201e-02
3.057673509286412461e+00 1.056653450369120228e-02
3.061583577712609916e+00 1.014563425665927256e-02
3.065493646138807371e+00 9.753123772493436233e-03
3.069403714565004826e+00 9.369304032062120494e-03
3.073313782991202281e+00 8.988971878371157173e-03
3.077223851417399736e+00 8.639491453537137544e-03
3.081133919843597191e+00 8.290011028703117915e-03
3.085043988269794646e+00 7.954422688354457691e-03
3.088954056695992101e+00 7.636695599486979791e-03
3.092864125122189556e+00 7.318968510619501024e-03
3.096774193548387011e+00 7.023916677958865970e-03
3.100684261974584466e+00 6.735507092065892189e-03
3.104594330400781921e+00 6.450053547527993293e-03
3.108504398826979376e+00 6.188670625452836506e-03
3.112414467253176831e+00 5.927287703377680586e-03
3.116324535679374286e+00 5.676982194845992327e-03
3.120234604105571741e+00 5.440474868096523316e-03
3.124144672531769196e+00 5.203967541347054304e-03
3.128054740957966651e+00 4.985318825252177226e-03
3.131964809384164106e+00 4.771670520140585542e-03
3.135874877810361561e+00 4.560479828124485747e-03
3.139784946236559016e+00 4.367803154761084987e-03
3.143695014662756471e+00 4.175126481397684226e-03
3.147605083088953926e+00 3.991153476908554203e-03
3.151515151515151381e+00 3.817684900371133127e-03
3.155425219941348836e+00 3.644216323833712051e-03
3.159335288367546291e+00 3.484606120800411676e-03
3.163245356793743746e+00 3.328700631476135246e-03
3.167155425219941201e+00 3.174799053278093159e-03
3.171065493646138655e+00 3.034924852963693208e-03
3.174975562072336110e+00 2.895050652649293257e-03
3.178885630498533565e+00 2.761909560063069598e-03
3.182795698924731020e+00 2.636642779904715701e-03
3.186705767350928475e+00 2.511375999746361803e-03
3.190615835777125930e+00 2.396696696808164797e-03
3.194525904203323385e+00 2.284716162573145921e-03
3.198435972629520840e+00 2.174337691569441181e-03
3.202346041055718295e+00 2.074419751076081193e-03
3.206256109481915750e+00 1.974501810582721638e-03
3.210166177908113205e+00 1.879707948501576969e-03
3.214076246334310660e+00 1.790721375287611643e-03
3.217986314760508115e+00 1.701734802073646318e-03
3.221896383186705570e+00 1.620704624569036835e-03
3.225806451612903025e+00 1.541605611071553096e-03
3.229716520039100480e+00 1.463761853750434553e-03
3.233626588465297935e+00 1.393589106395993343e-03
3.237536656891495390e+00 1.323416359041552134e-03
3.241446725317692845e+00 1.257076458539367050e-03
3.245356793743890300e+00 1.194946406219169529e-03
3.249266862170087755e+00 1.132816353898972008e-03
3.253176930596285210e+00 1.076562446816752526e-03
3.257086999022483109e+00 1.021664573250983393e-03
3.260997067448680564e+00 9.677300862322922278e-04
3.264907135874878019e+00 9.193223957204807754e-04
3.268817204301075474e+00 8.709147052086693231e-04
3.272727272727272929e+00 8.253223550312795186e-04
3.276637341153470384e+00 7.827269800485962868e-04
3.280547409579667839e+00 7.401316050659131635e-04
3.284457478005865294e+00 7.017972063949265297e-04
3.288367546432062749e+00 6.643961644398350529e-04
3.292277614858260204e+00 6.277188956077134081e-04
3.296187683284457659e+00 5.949500016396267084e-04
3.300097751710655114e+00 5.621811076715400087e-04
3.304007820136852569e+00 5.314409287303956423e-04
3.307917888563050024e+00 5.027938684678424225e-04
3.311827956989247479e+00 4.741468082052893111e-04
3.315738025415444934e+00 4.485303778368082716e-04
3.319648093841642389e+00 4.235429461255873313e-04
3.323558162267839844e+00 3.990873950522771420e-04
3.327468230694037299e+00 3.773419024673677134e-04
3.331378299120234754e+00 3.555964098824582848e-04
3.335288367546432209e+00 3.352835885013464722e-04
3.339198435972629664e+00 3.164034383240323296e-04
3.343108504398827119e+00 2.975232881467181870e-04
3.347018572825024574e+00 2.807552067046140826e-04
3.350928641251222029e+00 2.644016434254950585e-04
3.354838709677419484e+00 2.484300882882446129e-04
3.358748778103616939e+00 2.342991178345420243e-04
3.362658846529814394e+00 2.201681473808394629e-04
3.366568914956011849e+00 2.070276405450647791e-04
3.370478983382209304e+00 1.948471215235894497e-04
3.374389051808406759e+00 1.826666025021141202e-04
3.378299120234604214e+00 1.719267238538508896e-04
3.382209188660801669e+00 1.614536304598861616e-04
3.386119257086999124e+00 1.512484374997464587e-04
3.390029325513196579e+00 1.422662682592423170e-04
3.393939393939394034e+00 1.332840990187381482e-04
3.397849462365591489e+00 1.249715207875447688e-04
3.401759530791788944e+00 1.172879522923706144e-04
3.405669599217986399e+00 1.096043837971964600e-04
3.409579667644183854e+00 1.028814677145986790e-04
3.413489736070381309e+00 9.632600480483528025e-05
3.417399804496578763e+00 8.995381136763940010e-05
3.421309872922776218e+00 8.437578564490238347e-05
3.425219941348973673e+00 7.879775992216535329e-05
3.429130009775171128e+00 7.366183590609695696e-05
3.433040078201368583e+00 6.892842239908509824e-05
3.436950146627566038e+00 6.419500889207323951e-05
3.440860215053763493e+00 6.008708533715666878e-05
3.444770283479960948e+00 5.608151468349202703e-05
3.448680351906158403e+00 5.219810673509437261e-05
3.452590420332355858e+00 4.881800913239653220e-05
3.456500488758553313e+00 4.543791152969869180e-05
3.460410557184750768e+00 4.234255350614855076e-05
3.464320625610948223e+00 3.949843628772876377e-05
3.468230694037145678e+00 3.665431906930897678e-05
3.472140762463343133e+00 3.420734743991213345e-05
3.476050830889540588e+00 3.182119990973501870e-05
3.479960899315738043e+00 2.951430495035312212e-05
3.483870967741935498e+00 2.751832392255239231e-05
3.487781036168132953e+00 2.552234289475166588e-05
3.491691104594330408e+00 2.370501278080619604e-05
3.495601173020527863e+00 2.204044214392538689e-05
3.499511241446725318e+00 2.037587150704457775e-05
3.503421309872922773e+00 1.895686804451837850e-05
3.507331378299120228e+00 1.757294560689997968e-05
3.511241446725317683e+00 1.623900002245697274e-05
3.515151515151515138e+00 1.509200488878111900e-05
3.519061583577712593e+00 1.394500975510526525e-05
3.522971652003910048e+00 1.290705543133316374e-05
3.526881720430107503e+00 1.195944920719561770e-05
3.530791788856304958e+00 1.101184298305807166e-05
3.534701857282502413e+00 1.021189724994253261e-05
3.538611925708699868e+00 9.431552466962658647e-06
3.542521994134897323e+00 8.681800763192105326e-06
3.546432062561094778e+00 8.041310056597677079e-06
3.550342130987292233e+00 7.400819350003250526e-06
3.554252199413489688e+00 6.824977724246877879e-06
3.558162267839687143e+00 6.301037473247826792e-06
3.562072336265884598e+00 5.777097222248775704e-06
3.565982404692082053e+00 5.339371790775395580e-06
3.569892473118279508e+00 4.912234144156045848e-06
3.573802541544476963e+00 4.503249839769473938e-06
3.577712609970674418e+00 4.156237289901685384e-06
3.581622678396871873e+00 3.809224740033897678e-06
3.585532746823069328e+00 3.499387524167008178e-06
3.589442815249266783e+00 3.218464456967490773e-06
3.593352883675464238e+00 2.937541389767972945e-06
3.597262952101661693e+00 2.705420547778738865e-06
3.601173020527859148e+00 2.478816479074147196e-06
3.605083088954056603e+00 2.262638248086845852e-06
3.608993157380254058e+00 2.080517753642691066e-06
3.612903225806451513e+00 1.898397259198536068e-06
3.616813294232648968e+00 1.736976340796137694e-06
3.620723362658846423e+00 1.591150993384107531e-06
3.624633431085043878e+00 1.445325645972077580e-06
3.628543499511241333e+00 1.326237651078136247e-06
3.632453567937438788e+00 1.209915589203308829e-06
3.636363636363636243e+00 1.099379659710046566e-06
3.640273704789833698e+00 1.006948725088133653e-06
3.644183773216031152e+00 9.145177904662207410e-07
3.648093841642228607e+00 8.332282644427010881e-07
3.652003910068426062e+00 7.600689555044975586e-07
3.655913978494623517e+00 6.869096465662940290e-07
3.659824046920820972e+00 6.279037749836308633e-07
3.663734115347018427e+00 5.702285684514891394e-07
3.667644183773215882e+00 5.156511358511218693e-07
3.671554252199413337e+00 4.703670250460780668e-07
3.675464320625610792e+00 4.250829142410342642e-07
3.679374389051808247e+00 3.855852265708868068e-07
3.683284457478005702e+00 3.501766112494007165e-07
3.687194525904203157e+00 3.147679959279145733e-07
3.691104594330400612e+00 2.865849922130694627e-07
3.695014662756598067e+00 2.590143284648891803e-07
3.698924731182795522e+00 2.330406951487535249e-07
3.702834799608992977e+00 2.116645736824434302e-07
3.706744868035190432e+00 1.902884522161333355e-07
3.710654936461387887e+00 1.718066763344339793e-07
3.714565004887585342e+00 1.553052421685215503e-07
3.718475073313782797e+00 1.388038080026091477e-07
3.722385141739980252e+00 1.258531195648513228e-07
3.726295210166177707e+00 1.131709749216600039e-07
3.730205278592375162e+00 1.012801508527997122e-07
3.734115347018572617e+00 9.157709543061949396e-08
3.738025415444770072e+00 8.187404000843927576e-08
3.741935483870967527e+00 7.356252738838650984e-08
3.745845552297164982e+00 6.617268597493800786e-08
3.749755620723362437e+00 5.878284456148951912e-08
3.753665689149560336e+00 5.306916696163676004e-08
3.757575757575757791e+00 4.746723361602450595e-08
3.761485826001955246e+00 4.224139288418393151e-08
3.765395894428152701e+00 3.801488395465050718e-08
3.769305962854350156e+00 3.378837502511708946e-08
3.773216031280547611e+00 3.020357726327092716e-08
3.777126099706745066e+00 2.703013281404478944e-08
3.781036168132942521e+00 2.385668836481864841e-08
3.784946236559139976e+00 2.144171529861929123e-08
3.788856304985337431e+00 1.907062074218176997e-08
3.792766373411534886e+00 1.687061399305762403e-08
3.796676441837732341e+00 1.510783164040081264e-08
3.800586510263929796e+00 1.334504928774399794e-08
3.804496578690127251e+00 1.186548630212563269e-08
3.808406647116324706e+00 1.056159102517667879e-08
3.812316715542522161e+00 9.257695748227723229e-09
3.816226783968719616e+00 8.282057161277241314e-09
3.820136852394917071e+00 7.322562345966013775e-09
3.824046920821114526e+00 6.437395688268281415e-09
3.827956989247311981e+00 5.735036120917186303e-09
3.831867057673509436e+00 5.032676553566090363e-09
3.835777126099706891e+00 4.449671882494311955e-09
3.839687194525904346e+00 3.938280149190124231e-09
3.843597262952101801e+00 3.426888415885935679e-09
3.847507331378299256e+00 3.051051436757381202e-09
3.851417399804496711e+00 2.680724813489619350e-09
3.855327468230694166e+00 2.341164314420515829e-09
3.859237536656891621e+00 2.074470951611368167e-09
3.863147605083089076e+00 1.807777588802220505e-09
3.867057673509286531e+00 1.588994936128959955e-09
3.870967741935483986e+00 1.398012325139486568e-09
3.874877810361681441e+00 1.207029714150012974e-09
3.878787878787878896e+00 1.069327137936364021e-09
3.882697947214076351e+00 9.333432725219335767e-10
3.886608015640273806e+00 8.094625103865826819e-10
3.890518084066471260e+00 7.132016506060459596e-10
3.894428152492668715e+00 6.169407908255092374e-10
3.898338220918866170e+00 5.389519244132671208e-10
3.902248289345063625e+00 4.712132006222640443e-10
3.906158357771261080e+00 4.034744768312608644e-10
3.910068426197458535e+00 3.556163056341400142e-10
3.913978494623655990e+00 3.082352676992719181e-10
3.917888563049853445e+00 2.653674470782580747e-10
3.921798631476050900e+00 2.324287045477210746e-10
3.925708699902248355e+00 1.994899620171840486e-10
3.929618768328445810e+00 1.731540155178940742e-10
3.933528836754643265e+00 1.503978981921720802e-10
3.937438905180840720e+00 1.276417808664500862e-10
3.941348973607038175e+00 1.119085083623159353e-10
3.945259042033235630e+00 9.628670958550846609e-11
3.949169110459433085e+00 8.225580395729265531e-11
3.953079178885630540e+00 7.160069598584373899e-11
3.956989247311827995e+00 6.094558801439482267e-11
3.960899315738025450e+00 5.254484816196263670e-11
3.964809384164222905e+00 4.532496780044412816e-11
3.968719452590420360e+00 3.810508743892561962e-11
3.972629521016617815e+00 3.322707543379769792e-11
3.976539589442815270e+00 2.836750333698778613e-11
3.980449657869012725e+00 2.403649366232055996e-11
3.984359726295210180e+00 2.078777847108813811e-11
3.988269794721407635e+00 1.753906327985571303e-11
3.992179863147605090e+00 0.000000000000000000e+00
3.996089931573802545e+00 0.000000000000000000e+00
4.000000000000000000e+00 0.000000000000000000e+00
