0.000000000000000000e+00 5.999999999999999778e-01
3.910068426197458452e-03 5.999999999999999778e-01
7.820136852394916904e-03 5.999999999999999778e-01
1.173020527859237536e-02 5.999999999999999778e-01
1.564027370478983381e-02 5.999999999999999778e-01
1.955034213098729226e-02 5.999999999999999778e-01
2.346041055718475071e-02 5.999999999999999778e-01
2.737047898338220916e-02 5.999999999999999778e-01
3.128054740957966762e-02 5.999999999999999778e-01
3.519061583577712260e-02 5.999999999999999778e-01
3.910068426197458452e-02 5.999999999999999778e-01
4.301075268817204644e-02 5.999999999999999778e-01
4.692082111436950143e-02 5.999999999999999778e-01
5.083088954056695641e-02 5.999999999999999778e-01
5.474095796676441833e-02 5.999999999999999778e-01
5.865102639296188025e-02 5.999999999999999778e-01
6.256109481915933523e-02 5.999999999999999778e-01
6.647116324535679022e-02 5.999999999999999778e-01
7.038123167155424520e-02 5.999999999999999778e-01
7.429130009775171406e-02 5.999999999999999778e-01
7.820136852394916904e-02 5.999999999999999778e-01
8.211143695014662403e-02 5.999999999999999778e-01
8.602150537634409289e-02 5.999999999999999778e-01
8.993157380254154787e-02 5.999999999999999778e-01
9.384164222873900285e-02 5.999999999999999778e-01
9.775171065493645783e-02 5.999999999999999778e-01
1.016617790811339128e-01 5.999999999999999778e-01
1.055718475073313817e-01 5.999999999999999778e-01
1.094819159335288367e-01 5.999999999999999778e-01
1.133919843597262916e-01 5.999999999999999778e-01
1.173020527859237605e-01 5.999999999999999778e-01
1.212121212121212155e-01 5.999999999999999778e-01
1.251221896383186705e-01 5.999999999999999778e-01
1.290322580645161255e-01 5.999999999999999778e-01
1.329423264907135804e-01 5.999999999999999778e-01
1.368523949169110354e-01 5.999999999999999778e-01
1.407624633431084904e-01 5.999999999999999778e-01
1.446725317693059731e-01 5.999999999999999778e-01
1.485826001955034281e-01 5.999999999999999778e-01
1.524926686217008831e-01 5.999999999999999778e-01
1.564027370478983381e-01 5.999999999999999778e-01
1.603128054740957931e-01 5.999999999999999778e-01
1.642228739002932481e-01 5.999999999999999778e-01
1.681329423264907030e-01 5.999999999999999778e-01
1.720430107526881858e-01 5.999999999999999778e-01
1.759530791788856408e-01 5.999999999999999778e-01
1.798631476050830957e-01 5.999999999999999778e-01
1.837732160312805507e-01 5.999999999999999778e-01
1.876832844574780057e-01 5.999999999999999778e-01
1.915933528836754607e-01 5.999999999999999778e-01
1.955034213098729157e-01 5.999999999999999778e-01
1.994134897360703707e-01 5.999999999999999778e-01
2.033235581622678256e-01 5.999999999999999778e-01
2.072336265884653084e-01 5.999999999999999778e-01
2.111436950146627634e-01 5.999999999999999778e-01
2.150537634408602183e-01 5.999999999999999778e-01
2.189638318670576733e-01 5.999999999999999778e-01
2.228739002932551283e-01 5.999999999999999778e-01
2.267839687194525833e-01 5.999999999999999778e-01
2.306940371456500383e-01 5.999999999999999778e-01
2.346041055718475210e-01 5.999999999999999778e-01
2.385141739980449760e-01 5.999999999999999778e-01
2.424242424242424310e-01 5.999999999999999778e-01
2.463343108504398860e-01 5.999999999999999778e-01
2.502443792766373409e-01 5.999999999999999778e-01
2.541544477028347959e-01 5.999999999999999778e-01
2.580645161290322509e-01 5.999999999999999778e-01
2.619745845552297059e-01 5.999999999999999778e-01
2.658846529814271609e-01 5.999999999999999778e-01
2.697947214076246158e-01 5.999999999999999778e-01
2.737047898338220708e-01 5.999999999999999778e-01
2.776148582600195258e-01 5.999999999999999778e-01
2.815249266862169808e-01 5.999999999999999778e-01
2.854349951124144913e-01 5.999999999999999778e-01
2.893450635386119463e-01 5.999999999999999778e-01
2.932551319648094013e-01 5.999999999999999778e-01
2.971652003910068562e-01 5.999999999999999778e-01
3.010752688172043112e-01 5.999999999999999778e-01
3.049853372434017662e-01 5.999999999999999778e-01
3.088954056695992212e-01 5.999999999999999778e-01
3.128054740957966762e-01 5.999999999999999778e-01
3.167155425219941312e-01 5.999999999999999778e-01
3.206256109481915861e-01 5.999999999999999778e-01
3.245356793743890411e-01 5.999999999999999778e-01
3.284457478005864961e-01 5.999999999999999778e-01
3.323558162267839511e-01 5.999999999999999778e-01
3.362658846529814061e-01 5.999999999999999778e-01
3.401759530791788610e-01 5.999999999999999778e-01
3.440860215053763715e-01 5.999999999999999778e-01
3.479960899315738265e-01 5.999999999999999778e-01
3.519061583577712815e-01 5.999999999999999778e-01
3.558162267839687365e-01 5.999999999999999778e-01
3.597262952101661915e-01 5.999999999999999778e-01
3.636363636363636465e-01 5.999999999999999778e-01
3.675464320625611014e-01 5.999999999999999778e-01
3.714565004887585564e-01 5.999999999999999778e-01
3.753665689149560114e-01 5.999999999999999778e-01
3.792766373411534664e-01 5.999999999999999778e-01
3.831867057673509214e-01 5.999999999999999778e-01
3.870967741935483764e-01 5.999999999999999778e-01
3.910068426197458313e-01 5.999999999999999778e-01
3.949169110459432863e-01 5.999999999999999778e-01
3.988269794721407413e-01 5.999999999999999778e-01
4.027370478983381963e-01 5.999999999999999778e-01
4.066471163245356513e-01 5.999999999999999778e-01
4.105571847507331618e-01 5.999999999999999778e-01
4.144672531769306167e-01 5.999999999999999778e-01
4.183773216031280717e-01 5.999999999999999778e-01
4.222873900293255267e-01 5.999999999999999778e-01
4.261974584555229817e-01 5.999999999999999778e-01
4.301075268817204367e-01 5.999999999999999778e-01
4.340175953079178917e-01 5.999999999999999778e-01
4.379276637341153466e-01 5.999999999999999778e-01
4.418377321603128016e-01 5.999999999999999778e-01
4.457478005865102566e-01 5.999999999999999778e-01
4.496578690127077116e-01 5.999999999999999778e-01
4.535679374389051666e-01 5.999999999999999778e-01
4.574780058651026216e-01 5.999999999999999778e-01
4.613880742913000765e-01 5.999999999999999778e-01
4.652981427174975315e-01 5.999999999999999778e-01
4.692082111436950420e-01 5.999999999999999778e-01
4.731182795698924970e-01 5.999999999999999778e-01
4.770283479960899520e-01 5.999999999999999778e-01
4.809384164222874070e-01 5.999999999999999778e-01
4.848484848484848619e-01 5.999999999999999778e-01
4.887585532746823169e-01 5.999999999999999778e-01
4.926686217008797719e-01 5.999999999999999778e-01
4.965786901270772269e-01 5.999999999999999778e-01
5.004887585532746819e-01 5.999999999999999778e-01
5.043988269794721369e-01 5.999999999999999778e-01
5.083088954056695918e-01 5.999999999999999778e-01
5.122189638318670468e-01 5.999999999999999778e-01
5.161290322580645018e-01 5.999999999999999778e-01
5.200391006842619568e-01 5.999999999999999778e-01
5.239491691104594118e-01 5.999999999999999778e-01
5.278592375366568668e-01 5.999999999999999778e-01
5.317693059628543217e-01 5.999999999999999778e-01
5.356793743890517767e-01 5.999999999999999778e-01
5.395894428152492317e-01 5.999999999999999778e-01
5.434995112414466867e-01 5.999999999999999778e-01
5.474095796676441417e-01 5.999999999999999778e-01
5.513196480938415966e-01 5.999999999999999778e-01
5.552297165200390516e-01 5.999999999999999778e-01
5.591397849462365066e-01 5.999999999999999778e-01
5.630498533724339616e-01 5.999999999999999778e-01
5.669599217986315276e-01 5.999999999999999778e-01
5.708699902248289826e-01 5.999999999999999778e-01
5.747800586510264376e-01 5.999999999999999778e-01
5.786901270772238925e-01 5.999999999999999778e-01
5.826001955034213475e-01 5.999999999999999778e-01
5.865102639296188025e-01 5.999999999999999778e-01
5.904203323558162575e-01 5.999999999999999778e-01
5.943304007820137125e-01 5.999999999999999778e-01
5.982404692082111675e-01 5.999999999999999778e-01
6.021505376344086224e-01 5.999999999999999778e-01
6.060606060606060774e-01 5.999999999999999778e-01
6.099706744868035324e-01 5.999999999999999778e-01
6.138807429130009874e-01 5.999999999999999778e-01
6.177908113391984424e-01 5.999999999999999778e-01
6.217008797653958974e-01 5.999999999999999778e-01
6.256109481915933523e-01 5.999999999999999778e-01
6.295210166177908073e-01 5.999999999999999778e-01
6.334310850439882623e-01 5.999999999999999778e-01
6.373411534701857173e-01 5.999999999999999778e-01
6.412512218963831723e-01 5.999999999999999778e-01
6.451612903225806273e-01 5.999999999999999778e-01
6.490713587487780822e-01 5.999999999999999778e-01
6.529814271749755372e-01 5.999999999999999778e-01
6.568914956011729922e-01 5.999999999999999778e-01
6.608015640273704472e-01 5.999999999999999778e-01
6.647116324535679022e-01 5.999999999999999778e-01
6.686217008797653572e-01 5.999999999999999778e-01
6.725317693059628121e-01 5.999999999999999778e-01
6.764418377321602671e-01 5.999999999999999778e-01
6.803519061583577221e-01 5.999999999999999778e-01
6.842619745845551771e-01 5.999999999999999778e-01
6.881720430107527431e-01 5.999999999999999778e-01
6.920821114369501981e-01 5.999999999999999778e-01
6.959921798631476531e-01 5.999999999999999778e-01
6.999022482893451080e-01 5.999999999999999778e-01
7.038123167155425630e-01 5.999999999999999778e-01
7.077223851417400180e-01 5.999999999999999778e-01
7.116324535679374730e-01 5.999999999999999778e-01
7.155425219941349280e-01 5.999999999999999778e-01
7.194525904203323829e-01 5.999999999999999778e-01
7.233626588465298379e-01 5.999999999999999778e-01
7.272727272727272929e-01 5.999999999999999778e-01
7.311827956989247479e-01 5.999999999999999778e-01
7.350928641251222029e-01 5.999999999999999778e-01
7.390029325513196579e-01 5.999999999999999778e-01
7.429130009775171128e-01 5.999999999999999778e-01
7.468230694037145678e-01 5.999999999999999778e-01
7.507331378299120228e-01 5.999999999999999778e-01
7.546432062561094778e-01 5.999999999999999778e-01
7.585532746823069328e-01 5.999999999999999778e-01
7.624633431085043878e-01 5.999999999999999778e-01
7.663734115347018427e-01 5.999999999999999778e-01
7.702834799608992977e-01 5.999999999999999778e-01
7.741935483870967527e-01 5.999999999999999778e-01
7.781036168132942077e-01 5.999999999999999778e-01
7.820136852394916627e-01 5.999999999999999778e-01
7.859237536656891177e-01 5.999999999999999778e-01
7.898338220918865726e-01 5.999999999999999778e-01
7.937438905180840276e-01 5.999999999999999778e-01
7.976539589442814826e-01 5.999999999999999778e-01
8.015640273704789376e-01 5.999999999999999778e-01
8.054740957966763926e-01 5.999999999999999778e-01
8.093841642228738475e-01 5.999999999999999778e-01
8.132942326490713025e-01 5.999999999999999778e-01
8.172043010752688685e-01 5.999999999999999778e-01
8.211143695014663235e-01 5.999999999999999778e-01
8.250244379276637785e-01 5.999999999999999778e-01
8.289345063538612335e-01 5.999999999999999778e-01
8.328445747800586885e-01 5.999999999999999778e-01
8.367546432062561435e-01 5.999999999999999778e-01
8.406647116324535984e-01 5.999999999999999778e-01
8.445747800586510534e-01 5.999999999999999778e-01
8.484848484848485084e-01 5.999999999999999778e-01
8.523949169110459634e-01 5.999999999999999778e-01
8.563049853372434184e-01 5.999999999999999778e-01
8.602150537634408733e-01 5.999999999999999778e-01
8.641251221896383283e-01 5.999999999999999778e-01
8.680351906158357833e-01 5.999999999999999778e-01
8.719452590420332383e-01 5.999999999999999778e-01
8.758553274682306933e-01 5.999999999999999778e-01
8.797653958944281483e-01 5.999999999999999778e-01
8.836754643206256032e-01 5.999999999999999778e-01
8.875855327468230582e-01 5.999999999999999778e-01
8.914956011730205132e-01 5.999999999999999778e-01
8.954056695992179682e-01 5.999999999999999778e-01
8.993157380254154232e-01 5.999999999999999778e-01
9.032258064516128782e-01 5.999999999999999778e-01
9.071358748778103331e-01 5.999999999999999778e-01
9.110459433040077881e-01 5.999999999999999778e-01
9.149560117302052431e-01 5.999999999999999778e-01
9.188660801564026981e-01 5.999999999999999778e-01
9.227761485826001531e-01 5.999999999999999778e-01
9.266862170087976081e-01 5.999999999999999778e-01
9.305962854349950630e-01 5.999999999999999778e-01
9.345063538611925180e-01 5.999999999999999778e-01
9.384164222873900840e-01 5.999999999999999778e-01
9.423264907135875390e-01 5.999999999999999778e-01
9.462365591397849940e-01 5.999999999999999778e-01
9.501466275659824490e-01 5.999999999999999778e-01
9.540566959921799040e-01 5.999999999999999778e-01
9.579667644183773589e-01 5.999999999999999778e-01
9.618768328445748139e-01 5.999999999999999778e-01
9.657869012707722689e-01 5.999999999999999778e-01
9.696969696969697239e-01 5.999999999999999778e-01
9.736070381231671789e-01 5.999999999999999778e-01
9.775171065493646338e-01 5.999999999999999778e-01
9.814271749755620888e-01 5.999999999999999778e-01
9.853372434017595438e-01 5.999999999999999778e-01
9.892473118279569988e-01 5.999999999999999778e-01
9.931573802541544538e-01 5.999999999999999778e-01
9.970674486803519088e-01 5.999999999999999778e-01
1.000977517106549364e+00 5.999999999999999778e-01
1.004887585532746819e+00 5.999999999999999778e-01
1.008797653958944274e+00 5.999999999999999778e-01
1.012707722385141729e+00 5.999999999999999778e-01
1.016617790811339184e+00 5.999999999999999778e-01
1.020527859237536639e+00 5.999999999999999778e-01
1.024437927663734094e+00 5.999999999999999778e-01
1.028347996089931549e+00 5.999999999999999778e-01
1.032258064516129004e+00 5.999999999999999778e-01
1.036168132942326459e+00 5.999999999999999778e-01
1.040078201368523914e+00 5.999999999999999778e-01
1.043988269794721369e+00 5.999999999999999778e-01
1.047898338220918824e+00 5.999999999999999778e-01
1.051808406647116279e+00 5.999999999999999778e-01
1.055718475073313734e+00 5.999999999999999778e-01
1.059628543499511188e+00 5.999999999999999778e-01
1.063538611925708643e+00 5.999999999999999778e-01
1.067448680351906098e+00 5.999999999999999778e-01
1.071358748778103553e+00 5.999999999999999778e-01
1.075268817204301008e+00 5.999999999999999778e-01
1.079178885630498463e+00 5.999999999999999778e-01
1.083088954056695918e+00 5.999999999999999778e-01
1.086999022482893373e+00 5.999999999999999778e-01
1.090909090909090828e+00 5.999999999999999778e-01
1.094819159335288283e+00 5.999999999999999778e-01
1.098729227761485738e+00 5.999999999999999778e-01
1.102639296187683193e+00 5.999999999999999778e-01
1.106549364613880648e+00 5.999999999999999778e-01
1.110459433040078103e+00 5.999999999999999778e-01
1.114369501466275558e+00 5.999999999999999778e-01
1.118279569892473013e+00 5.999999999999999778e-01
1.122189638318670468e+00 5.999999999999999778e-01
1.126099706744867923e+00 5.999999999999999778e-01
1.130009775171065600e+00 5.999999999999999778e-01
1.133919843597263055e+00 5.999999999999999778e-01
1.137829912023460510e+00 5.999999999999999778e-01
1.141739980449657965e+00 5.999999999999999778e-01
1.145650048875855420e+00 5.999999999999999778e-01
1.149560117302052875e+00 5.999999999999999778e-01
1.153470185728250330e+00 5.999999999999999778e-01
1.157380254154447785e+00 5.999999999999999778e-01
1.161290322580645240e+00 5.999999999999999778e-01
1.165200391006842695e+00 5.999999999999999778e-01
1.169110459433040150e+00 5.999999999999999778e-01
1.173020527859237605e+00 5.999999999999999778e-01
1.176930596285435060e+00 5.999999999999999778e-01
1.180840664711632515e+00 5.999999999999999778e-01
1.184750733137829970e+00 5.999999999999999778e-01
1.188660801564027425e+00 5.999999999999999778e-01
1.192570869990224880e+00 5.999999999999999778e-01
1.196480938416422335e+00 5.999999999999999778e-01
1.200391006842619790e+00 5.999999999999999778e-01
1.204301075268817245e+00 5.999999999999999778e-01
1.208211143695014700e+00 5.999999999999999778e-01
1.212121212121212155e+00 5.999999999999999778e-01
1.216031280547409610e+00 5.999999999999999778e-01
1.219941348973607065e+00 5.999999999999999778e-01
1.223851417399804520e+00 5.999999999999999778e-01
1.227761485826001975e+00 5.999999999999999778e-01
1.231671554252199430e+00 5.999999999999999778e-01
1.235581622678396885e+00 5.999999999999999778e-01
1.239491691104594340e+00 5.999999999999999778e-01
1.243401759530791795e+00 5.999999999999999778e-01
1.247311827956989250e+00 5.999999999999999778e-01
1.251221896383186705e+00 5.999999999999999778e-01
1.255131964809384160e+00 5.999999999999999778e-01
1.259042033235581615e+00 5.999999999999999778e-01
1.262952101661779070e+00 5.999999999999999778e-01
1.266862170087976525e+00 5.999999999999999778e-01
1.270772238514173980e+00 5.999999999999999778e-01
1.274682306940371435e+00 5.999999999999999778e-01
1.278592375366568890e+00 5.999999999999999778e-01
1.282502443792766345e+00 5.999999999999999778e-01
1.286412512218963800e+00 5.999999999999999778e-01
1.290322580645161255e+00 5.999999999999999778e-01
1.294232649071358709e+00 5.999999999999999778e-01
1.298142717497556164e+00 5.999999999999999778e-01
1.302052785923753619e+00 5.999999999999999778e-01
1.305962854349951074e+00 5.999999999999999778e-01
1.309872922776148529e+00 5.999999999999999778e-01
1.313782991202345984e+00 5.999999999999999778e-01
1.317693059628543439e+00 5.999999999999999778e-01
1.321603128054740894e+00 5.999999999999999778e-01
1.325513196480938349e+00 5.999999999999999778e-01
1.329423264907135804e+00 5.999999999999999778e-01
1.333333333333333259e+00 5.999999999999999778e-01
1.337243401759530714e+00 5.999999999999999778e-01
1.341153470185728169e+00 5.999999999999999778e-01
1.345063538611925624e+00 5.999999999999999778e-01
1.348973607038123079e+00 5.999999999999999778e-01
1.352883675464320534e+00 5.999999999999999778e-01
1.356793743890517989e+00 5.999999999999999778e-01
1.360703812316715444e+00 5.999999999999999778e-01
1.364613880742912899e+00 5.999999999999999778e-01
1.368523949169110354e+00 5.999999999999999778e-01
1.372434017595307809e+00 5.999999999999999778e-01
1.376344086021505486e+00 5.999999999999999778e-01
1.380254154447702941e+00 5.999999999999999778e-01
1.384164222873900396e+00 5.999999999999999778e-01
1.388074291300097851e+00 5.999999999999999778e-01
1.391984359726295306e+00 5.999999999999999778e-01
1.395894428152492761e+00 5.999999999999999778e-01
1.399804496578690216e+00 5.999999999999999778e-01
1.403714565004887671e+00 5.999999999999999778e-01
1.407624633431085126e+00 5.999999999999999778e-01
1.411534701857282581e+00 5.999999999999999778e-01
1.415444770283480036e+00 5.999999999999999778e-01
1.419354838709677491e+00 5.999999999999999778e-01
1.423264907135874946e+00 5.999999999999999778e-01
1.427174975562072401e+00 5.999999999999999778e-01
1.431085043988269856e+00 5.999999999999999778e-01
1.434995112414467311e+00 5.999999999999999778e-01
1.438905180840664766e+00 5.999999999999999778e-01
1.442815249266862221e+00 5.999999999999999778e-01
1.446725317693059676e+00 5.999999999999999778e-01
1.450635386119257131e+00 5.999999999999999778e-01
1.454545454545454586e+00 5.999999999999999778e-01
1.458455522971652041e+00 5.999999999999999778e-01
1.462365591397849496e+00 5.999999999999999778e-01
1.466275659824046951e+00 5.999999999999999778e-01
1.470185728250244406e+00 5.999999999999999778e-01
1.474095796676441861e+00 5.999999999999999778e-01
1.478005865102639316e+00 5.999999999999999778e-01
1.481915933528836771e+00 5.999999999999999778e-01
1.485826001955034226e+00 5.999999999999999778e-01
1.489736070381231681e+00 5.999999999999999778e-01
1.493646138807429136e+00 5.999999999999999778e-01
1.497556207233626591e+00 5.999999999999999778e-01
1.501466275659824046e+00 5.999999999999999778e-01
1.505376344086021501e+00 5.999999999999999778e-01
1.509286412512218956e+00 5.999999999999999778e-01
1.513196480938416411e+00 5.999999999999999778e-01
1.517106549364613866e+00 5.999999999999999778e-01
1.521016617790811321e+00 5.999999999999999778e-01
1.524926686217008776e+00 5.999999999999999778e-01
1.528836754643206230e+00 5.999999999999999778e-01
1.532746823069403685e+00 5.999999999999999778e-01
1.536656891495601140e+00 5.999999999999999778e-01
1.540566959921798595e+00 5.999999999999999778e-01
1.544477028347996050e+00 5.999999999999999778e-01
1.548387096774193505e+00 5.999999999999999778e-01
1.552297165200390960e+00 5.999999999999999778e-01
1.556207233626588415e+00 5.999999999999999778e-01
1.560117302052785870e+00 5.999999999999999778e-01
1.564027370478983325e+00 5.999999999999999778e-01
1.567937438905180780e+00 5.999999999999999778e-01
1.571847507331378235e+00 5.999999999999999778e-01
1.575757575757575690e+00 5.999999999999999778e-01
1.579667644183773145e+00 5.999999999999999778e-01
1.583577712609970600e+00 5.999999999999999778e-01
1.587487781036168055e+00 5.999999999999999778e-01
1.591397849462365510e+00 5.999999999999999778e-01
1.595307917888562965e+00 5.999999999999999778e-01
1.599217986314760420e+00 5.999999999999999778e-01
1.603128054740957875e+00 5.999999999999999778e-01
1.607038123167155330e+00 5.999999999999999778e-01
1.610948191593352785e+00 5.999999999999999778e-01
1.614858260019550240e+00 5.999999999999999778e-01
1.618768328445747695e+00 5.999999999999999778e-01
1.622678396871945150e+00 5.999999999999999778e-01
1.626588465298142605e+00 5.999999999999999778e-01
1.630498533724340282e+00 5.999999999999999778e-01
1.634408602150537737e+00 5.999999999999999778e-01
1.638318670576735192e+00 5.999999999999999778e-01
1.642228739002932647e+00 5.999999999999999778e-01
1.646138807429130102e+00 5.999999999999999778e-01
1.650048875855327557e+00 5.999999999999999778e-01
1.653958944281525012e+00 5.999999999999999778e-01
1.657869012707722467e+00 5.999999999999999778e-01
1.661779081133919922e+00 5.999999999999999778e-01
1.665689149560117377e+00 5.999999999999999778e-01
1.669599217986314832e+00 5.999999999999999778e-01
1.673509286412512287e+00 5.999999999999999778e-01
1.677419354838709742e+00 5.999999999999999778e-01
1.681329423264907197e+00 5.999999999999999778e-01
1.685239491691104652e+00 5.999999999999999778e-01
1.689149560117302107e+00 5.999999999999999778e-01
1.693059628543499562e+00 5.999999999999999778e-01
1.696969696969697017e+00 5.999999999999999778e-01
1.700879765395894472e+00 5.999999999999999778e-01
1.704789833822091927e+00 5.999999999999999778e-01
1.708699902248289382e+00 5.999999999999999778e-01
1.712609970674486837e+00 5.999999999999999778e-01
1.716520039100684292e+00 5.999999999999999778e-01
1.720430107526881747e+00 5.999999999999999778e-01
1.724340175953079202e+00 5.999999999999999778e-01
1.728250244379276657e+00 5.999999999999999778e-01
1.732160312805474112e+00 5.999999999999999778e-01
1.736070381231671567e+00 5.999999999999999778e-01
1.739980449657869022e+00 5.999999999999999778e-01
1.743890518084066477e+00 5.999999999999999778e-01
1.747800586510263932e+00 5.999999999999999778e-01
1.751710654936461387e+00 5.999999999999999778e-01
1.755620723362658842e+00 5.999999999999999778e-01
1.759530791788856297e+00 5.999999999999999778e-01
1.763440860215053752e+00 5.999999999999999778e-01
1.767350928641251206e+00 5.999999999999999778e-01
1.771260997067448661e+00 5.999999999999999778e-01
1.775171065493646116e+00 5.999999999999999778e-01
1.779081133919843571e+00 5.999999999999999778e-01
1.782991202346041026e+00 5.999999999999999778e-01
1.786901270772238481e+00 5.999999999999999778e-01
1.790811339198435936e+00 5.999999999999999778e-01
1.794721407624633391e+00 5.999999999999999778e-01
1.798631476050830846e+00 5.999999999999999778e-01
1.802541544477028301e+00 5.999999999999999778e-01
1.806451612903225756e+00 5.999999999999999778e-01
1.810361681329423211e+00 5.999999999999999778e-01
1.814271749755620666e+00 5.999999999999999778e-01
1.818181818181818121e+00 5.999999999999999778e-01
1.822091886608015576e+00 5.999999999999999778e-01
1.826001955034213031e+00 5.999999999999999778e-01
1.829912023460410486e+00 5.999999999999999778e-01
1.833822091886607941e+00 5.999999999999999778e-01
1.837732160312805396e+00 5.999999999999999778e-01
1.841642228739002851e+00 5.999999999999999778e-01
1.845552297165200306e+00 5.999999999999999778e-01
1.849462365591397761e+00 5.999999999999999778e-01
1.853372434017595216e+00 5.999999999999999778e-01
1.857282502443792671e+00 5.999999999999999778e-01
1.861192570869990126e+00 5.999999999999999778e-01
1.865102639296187581e+00 5.999999999999999778e-01
1.869012707722385036e+00 5.999999999999999778e-01
1.872922776148582491e+00 5.999999999999999778e-01
1.876832844574780168e+00 5.999999999999999778e-01
1.880742913000977623e+00 5.999999999999999778e-01
1.884652981427175078e+00 5.999999999999999778e-01
1.888563049853372533e+00 5.999999999999999778e-01
1.892473118279569988e+00 5.999999999999999778e-01
1.896383186705767443e+00 5.999999999999999778e-01
1.900293255131964898e+00 5.999999999999999778e-01
1.904203323558162353e+00 5.999999999999999778e-01
1.908113391984359808e+00 5.999999999999999778e-01
1.912023460410557263e+00 5.999999999999999778e-01
1.915933528836754718e+00 5.999999999999999778e-01
1.919843597262952173e+00 5.999999999999999778e-01
1.923753665689149628e+00 5.999999999999999778e-01
1.927663734115347083e+00 5.999999999999999778e-01
1.931573802541544538e+00 5.999999999999999778e-01
1.935483870967741993e+00 5.999999999999999778e-01
1.939393939393939448e+00 5.999999999999999778e-01
1.943304007820136903e+00 5.999999999999999778e-01
1.947214076246334358e+00 5.999999999999999778e-01
1.951124144672531813e+00 5.999999999999999778e-01
1.955034213098729268e+00 5.999999999999999778e-01
1.958944281524926723e+00 5.999999999999999778e-01
1.962854349951124178e+00 5.999999999999999778e-01
1.966764418377321633e+00 5.999999999999999778e-01
1.970674486803519088e+00 5.999999999999999778e-01
1.974584555229716543e+00 5.999999999999999778e-01
1.978494623655913998e+00 5.999999999999999778e-01
1.982404692082111453e+00 5.999999999999999778e-01
1.986314760508308908e+00 5.999999999999999778e-01
1.990224828934506363e+00 5.999999999999999778e-01
1.994134897360703818e+00 5.999999999999999778e-01
1.998044965786901273e+00 5.999999999999999778e-01
2.001955034213098727e+00 5.999999999999999778e-01
2.005865102639296182e+00 5.999999999999999778e-01
2.009775171065493637e+00 5.999999999999999778e-01
2.013685239491691092e+00 5.999999999999999778e-01
2.017595307917888547e+00 5.999999999999999778e-01
2.021505376344086002e+00 5.999999999999999778e-01
2.025415444770283457e+00 5.999999999999999778e-01
2.029325513196480912e+00 5.999999999999999778e-01
2.033235581622678367e+00 5.999999999999999778e-01
2.037145650048875822e+00 5.999999999999999778e-01
2.041055718475073277e+00 5.999999999999999778e-01
2.044965786901270732e+00 5.999999999999999778e-01
2.048875855327468187e+00 5.999999999999999778e-01
2.052785923753665642e+00 5.999999999999999778e-01
2.056695992179863097e+00 5.999999999999999778e-01
2.060606060606060552e+00 5.999999999999999778e-01
2.064516129032258007e+00 5.999999999999999778e-01
2.068426197458455462e+00 5.999999999999999778e-01
2.072336265884652917e+00 5.999999999999999778e-01
2.076246334310850372e+00 5.999999999999999778e-01
2.080156402737047827e+00 5.999999999999999778e-01
2.084066471163245282e+00 5.999999999999999778e-01
2.087976539589442737e+00 5.999999999999999778e-01
2.091886608015640192e+00 5.999999999999999778e-01
2.095796676441837647e+00 5.999999999999999778e-01
2.099706744868035102e+00 5.999999999999999778e-01
2.103616813294232557e+00 5.999999999999999778e-01
2.107526881720430012e+00 5.999999999999999778e-01
2.111436950146627467e+00 5.999999999999999778e-01
2.115347018572824922e+00 5.999999999999999778e-01
2.119257086999022377e+00 5.999999999999999778e-01
2.123167155425219832e+00 5.999999999999999778e-01
2.127077223851417287e+00 5.999999999999999778e-01
2.130987292277614742e+00 5.999999999999999778e-01
2.134897360703812197e+00 5.999999999999999778e-01
2.138807429130009652e+00 5.999999999999999778e-01
2.142717497556207107e+00 5.999999999999999778e-01
2.146627565982404562e+00 5.999999999999999778e-01
2.150537634408602017e+00 5.999999999999999778e-01
2.154447702834799472e+00 5.999999999999999778e-01
2.158357771260996927e+00 5.999999999999999778e-01
2.162267839687194382e+00 5.999999999999999778e-01
2.166177908113391837e+00 5.999999999999999778e-01
2.170087976539589292e+00 5.999999999999999778e-01
2.173998044965786747e+00 5.999999999999999778e-01
2.177908113391984202e+00 5.999999999999999778e-01
2.181818181818181657e+00 5.999999999999999778e-01
2.185728250244379112e+00 5.999999999999999778e-01
2.189638318670576567e+00 5.999999999999999778e-01
2.193548387096774022e+00 5.999999999999999778e-01
2.197458455522971477e+00 5.999999999999999778e-01
2.201368523949168932e+00 5.999999999999999778e-01
2.205278592375366387e+00 5.999999999999999778e-01
2.209188660801563842e+00 5.999999999999999778e-01
2.213098729227761297e+00 5.999999999999999778e-01
2.217008797653958752e+00 5.999999999999999778e-01
2.220918866080156207e+00 5.999999999999999778e-01
2.224828934506353662e+00 5.999999999999999778e-01
2.228739002932551116e+00 5.999999999999999778e-01
2.232649071358748571e+00 5.999999999999999778e-01
2.236559139784946026e+00 5.999999999999999778e-01
2.240469208211143481e+00 5.999999999999999778e-01
2.244379276637340936e+00 5.999999999999999778e-01
2.248289345063538391e+00 5.999999999999999778e-01
2.252199413489735846e+00 5.999999999999999778e-01
2.256109481915933745e+00 5.999999999999999778e-01
2.260019550342131200e+00 5.999999999999999778e-01
2.263929618768328655e+00 5.999999999999999778e-01
2.267839687194526110e+00 5.999999999999999778e-01
2.271749755620723565e+00 5.999999999999999778e-01
2.275659824046921020e+00 5.999999999999999778e-01
2.279569892473118475e+00 5.999999999999999778e-01
2.283479960899315930e+00 5.999999999999999778e-01
2.287390029325513385e+00 5.999999999999999778e-01
2.291300097751710840e+00 5.999999999999999778e-01
2.295210166177908295e+00 5.999999999999999778e-01
2.299120234604105750e+00 5.999999999999999778e-01
2.303030303030303205e+00 5.999999999999999778e-01
2.306940371456500660e+00 5.999999999999999778e-01
2.310850439882698115e+00 5.999999999999999778e-01
2.314760508308895570e+00 5.999999999999999778e-01
2.318670576735093025e+00 5.999999999999999778e-01
2.322580645161290480e+00 5.999999999999999778e-01
2.326490713587487935e+00 5.999999999999999778e-01
2.330400782013685390e+00 5.999999999999999778e-01
2.334310850439882845e+00 5.999999999999999778e-01
2.338220918866080300e+00 5.999999999999999778e-01
2.342130987292277755e+00 5.999999999999999778e-01
2.346041055718475210e+00 5.999999999999999778e-01
2.349951124144672665e+00 5.999999999999999778e-01
2.353861192570870120e+00 5.999999999999999778e-01
2.357771260997067575e+00 5.999999999999999778e-01
2.361681329423265030e+00 5.999999999999999778e-01
2.365591397849462485e+00 5.999999999999999778e-01
2.369501466275659940e+00 5.999999999999999778e-01
2.373411534701857395e+00 5.999999999999999778e-01
2.377321603128054850e+00 5.999999999999999778e-01
2.381231671554252305e+00 5.999999999999999778e-01
2.385141739980449760e+00 5.999999999999999778e-01
2.389051808406647215e+00 5.999999999999999778e-01
2.392961876832844670e+00 5.999999999999999778e-01
2.396871945259042125e+00 5.999999999999999778e-01
2.400782013685239580e+00 5.999999999999999778e-01
2.404692082111437035e+00 5.999999999999999778e-01
2.408602150537634490e+00 5.999999999999999778e-01
2.412512218963831945e+00 5.999999999999999778e-01
2.416422287390029400e+00 5.999999999999999778e-01
2.420332355816226855e+00 5.999999999999999778e-01
2.424242424242424310e+00 5.999999999999999778e-01
2.428152492668621765e+00 5.999999999999999778e-01
2.432062561094819220e+00 5.999999999999999778e-01
2.435972629521016675e+00 5.999999999999999778e-01
2.439882697947214130e+00 5.999999999999999778e-01
2.443792766373411585e+00 5.999999999999999778e-01
2.447702834799609040e+00 5.999999999999999778e-01
2.451612903225806495e+00 5.999999999999999778e-01
2.455522971652003950e+00 5.999999999999999778e-01
2.459433040078201405e+00 5.999999999999999778e-01
2.463343108504398860e+00 5.999999999999999778e-01
2.467253176930596315e+00 5.999999999999999778e-01
2.471163245356793770e+00 5.999999999999999778e-01
2.475073313782991224e+00 5.999999999999999778e-01
2.478983382209188679e+00 5.999999999999999778e-01
2.482893450635386134e+00 5.999999999999999778e-01
2.486803519061583589e+00 5.999999999999999778e-01
2.490713587487781044e+00 5.999999999999999778e-01
2.494623655913978499e+00 5.999999999999999778e-01
2.498533724340175954e+00 5.999999999999999778e-01
2.502443792766373409e+00 5.999999999999999778e-01
2.506353861192570864e+00 5.999999999999999778e-01
2.510263929618768319e+00 5.999999999999999778e-01
2.514173998044965774e+00 5.999999999999999778e-01
2.518084066471163229e+00 5.999999999999999778e-01
2.521994134897360684e+00 5.999999999999999778e-01
2.525904203323558139e+00 5.999999999999999778e-01
2.529814271749755594e+00 5.999999999999999778e-01
2.533724340175953049e+00 5.999999999999999778e-01
2.537634408602150504e+00 5.999999999999999778e-01
2.541544477028347959e+00 5.999999999999999778e-01
2.545454545454545414e+00 5.999999999999999778e-01
2.549364613880742869e+00 5.999999999999999778e-01
2.553274682306940324e+00 5.999999999999999778e-01
2.557184750733137779e+00 5.999999999999999778e-01
2.561094819159335234e+00 5.999999999999999778e-01
2.565004887585532689e+00 5.999999999999999778e-01
2.568914956011730144e+00 5.999999999999999778e-01
2.572825024437927599e+00 5.999999999999999778e-01
2.576735092864125054e+00 5.999999999999999778e-01
2.580645161290322509e+00 5.999999999999999778e-01
2.584555229716519964e+00 5.999999999999999778e-01
2.588465298142717419e+00 5.999999999999999778e-01
2.592375366568914874e+00 5.999999999999999778e-01
2.596285434995112329e+00 5.999999999999999778e-01
2.600195503421309784e+00 5.999999999999999778e-01
2.604105571847507239e+00 5.999999999999999778e-01
2.608015640273704694e+00 5.999999999999999778e-01
2.611925708699902149e+00 5.999999999999999778e-01
2.615835777126099604e+00 5.999999999999999778e-01
2.619745845552297059e+00 5.999999999999999778e-01
2.623655913978494514e+00 5.999999999999999778e-01
2.627565982404691969e+00 5.999999999999999778e-01
2.631476050830889424e+00 5.999999999999999778e-01
2.635386119257086879e+00 5.999999999999999778e-01
2.639296187683284334e+00 5.999999999999999778e-01
2.643206256109481789e+00 5.999999999999999778e-01
2.647116324535679244e+00 5.999999999999999778e-01
2.651026392961876699e+00 5.999999999999999778e-01
2.654936461388074154e+00 5.999999999999999778e-01
2.658846529814271609e+00 5.999999999999999778e-01
2.662756598240469064e+00 5.999999999999999778e-01
2.666666666666666519e+00 5.999999999999999778e-01
2.670576735092863974e+00 5.999999999999999778e-01
2.674486803519061429e+00 5.999999999999999778e-01
2.678396871945258884e+00 5.999999999999999778e-01
2.682306940371456339e+00 5.999999999999999778e-01
2.686217008797653794e+00 5.999999999999999778e-01
2.690127077223851249e+00 5.999999999999999778e-01
2.694037145650048704e+00 5.999999999999999778e-01
2.697947214076246158e+00 5.999999999999999778e-01
2.701857282502443613e+00 5.999999999999999778e-01
2.705767350928641068e+00 5.999999999999999778e-01
2.709677419354838523e+00 5.999999999999999778e-01
2.713587487781035978e+00 5.999999999999999778e-01
2.717497556207233433e+00 5.999999999999999778e-01
2.721407624633430888e+00 5.999999999999999778e-01
2.725317693059628343e+00 5.999999999999999778e-01
2.729227761485825798e+00 5.999999999999999778e-01
2.733137829912023253e+00 5.999999999999999778e-01
2.737047898338220708e+00 5.999999999999999778e-01
2.740957966764418163e+00 5.999999999999999778e-01
2.744868035190615618e+00 5.999999999999999778e-01
2.748778103616813073e+00 5.999999999999999778e-01
2.752688172043010972e+00 5.999999999999999778e-01
2.756598240469208427e+00 5.999999999999999778e-01
2.760508308895405882e+00 5.999999999999999778e-01
2.764418377321603337e+00 5.999999999999999778e-01
2.768328445747800792e+00 5.999999999999999778e-01
2.772238514173998247e+00 5.999999999999999778e-01
2.776148582600195702e+00 5.999999999999999778e-01
2.780058651026393157e+00 5.999999999999999778e-01
2.783968719452590612e+00 5.999999999999999778e-01
2.787878787878788067e+00 5.999999999999999778e-01
2.791788856304985522e+00 5.999999999999999778e-01
2.795698924731182977e+00 5.999999999999999778e-01
2.799608993157380432e+00 5.999999999999999778e-01
2.803519061583577887e+00 5.999999999999999778e-01
2.807429130009775342e+00 5.999999999999999778e-01
2.811339198435972797e+00 5.999999999999999778e-01
2.815249266862170252e+00 5.999999999999999778e-01
2.819159335288367707e+00 5.999999999999999778e-01
2.823069403714565162e+00 5.999999999999999778e-01
2.826979472140762617e+00 5.999999999999999778e-01
2.830889540566960072e+00 5.999999999999999778e-01
2.834799608993157527e+00 5.999999999999999778e-01
2.838709677419354982e+00 5.999999999999999778e-01
2.842619745845552437e+00 5.999999999999999778e-01
2.846529814271749892e+00 5.999999999999999778e-01
2.850439882697947347e+00 5.999999999999999778e-01
2.854349951124144802e+00 5.999999999999999778e-01
2.858260019550342257e+00 5.999999999999999778e-01
2.862170087976539712e+00 5.999999999999999778e-01
2.866080156402737167e+00 5.999999999999999778e-01
2.869990224828934622e+00 5.999999999999999778e-01
2.873900293255132077e+00 5.999999999999999778e-01
2.877810361681329532e+00 5.999999999999999778e-01
2.881720430107526987e+00 5.999999999999999778e-01
2.885630498533724442e+00 5.999999999999999778e-01
2.889540566959921897e+00 5.999999999999999778e-01
2.893450635386119352e+00 5.999999999999999778e-01
2.897360703812316807e+00 5.999999999999999778e-01
2.901270772238514262e+00 5.999999999999999778e-01
2.905180840664711717e+00 5.999999999999999778e-01
2.909090909090909172e+00 5.999999999999999778e-01
2.913000977517106627e+00 5.999999999999999778e-01
2.916911045943304082e+00 5.999999999999999778e-01
2.920821114369501537e+00 5.999999999999999778e-01
2.924731182795698992e+00 5.999999999999999778e-01
2.928641251221896447e+00 5.999999999999999778e-01
2.932551319648093902e+00 5.999999999999999778e-01
2.936461388074291357e+00 5.999999999999999778e-01
2.940371456500488812e+00 5.999999999999999778e-01
2.944281524926686266e+00 5.999999999999999778e-01
2.948191593352883721e+00 5.999999999999999778e-01
2.952101661779081176e+00 5.999999999999999778e-01
2.956011730205278631e+00 5.999999999999999778e-01
2.959921798631476086e+00 5.999999999999999778e-01
2.963831867057673541e+00 5.999999999999999778e-01
2.967741935483870996e+00 5.999999999999999778e-01
2.971652003910068451e+00 5.999999999999999778e-01
2.975562072336265906e+00 5.999999999999999778e-01
2.979472140762463361e+00 5.999999999999999778e-01
2.983382209188660816e+00 5.999999999999999778e-01
2.987292277614858271e+00 5.999999999999999778e-01
2.991202346041055726e+00 5.999999999999999778e-01
2.995112414467253181e+00 5.999999999999999778e-01
2.999022482893450636e+00 5.999999999999999778e-01
3.002932551319648091e+00 5.999999999999999778e-01
3.006842619745845546e+00 5.999999999999999778e-01
3.010752688172043001e+00 5.999999999999999778e-01
3.014662756598240456e+00 5.999999999999999778e-01
3.018572825024437911e+00 5.999999999999999778e-01
3.022482893450635366e+00 5.999999999999999778e-01
3.026392961876832821e+00 5.999999999999999778e-01
3.030303030303030276e+00 5.999999999999999778e-01
3.034213098729227731e+00 5.999999999999999778e-01
3.038123167155425186e+00 5.999999999999999778e-01
3.042033235581622641e+00 5.999999999999999778e-01
3.045943304007820096e+00 5.999999999999999778e-01
3.049853372434017551e+00 5.999999999999999778e-01
3.053763440860215006e+00 5.999999999999999778e-01
3.057673509286412461e+00 5.999999999999999778e-01
3.061583577712609916e+00 5.999999999999999778e-01
3.065493646138807371e+00 5.999999999999999778e-01
3.069403714565004826e+00 5.999999999999999778e-01
3.073313782991202281e+00 5.999999999999999778e-01
3.077223851417399736e+00 5.999999999999999778e-01
3.081133919843597191e+00 5.999999999999999778e-01
3.085043988269794646e+00 5.999999999999999778e-01
3.088954056695992101e+00 5.999999999999999778e-01
3.092864125122189556e+00 5.999999999999999778e-01
3.096774193548387011e+00 5.999999999999999778e-01
3.100684261974584466e+00 5.999999999999999778e-01
3.104594330400781921e+00 5.999999999999999778e-01
3.108504398826979376e+00 5.999999999999999778e-01
3.112414467253176831e+00 5.999999999999999778e-01
3.116324535679374286e+00 5.999999999999999778e-01
3.120234604105571741e+00 5.999999999999999778e-01
3.124144672531769196e+00 5.999999999999999778e-01
3.128054740957966651e+00 5.999999999999999778e-01
3.131964809384164106e+00 5.999999999999999778e-01
3.135874877810361561e+00 5.999999999999999778e-01
3.139784946236559016e+00 5.999999999999999778e-01
3.143695014662756471e+00 5.999999999999999778e-01
3.147605083088953926e+00 5.999999999999999778e-01
3.151515151515151381e+00 5.999999999999999778e-01
3.155425219941348836e+00 5.999999999999999778e-01
3.159335288367546291e+00 5.999999999999999778e-01
3.163245356793743746e+00 5.999999999999999778e-01
3.167155425219941201e+00 5.999999999999999778e-01
3.171065493646138655e+00 5.999999999999999778e-01
3.174975562072336110e+00 5.999999999999999778e-01
3.178885630498533565e+00 5.999999999999999778e-01
3.182795698924731020e+00 5.999999999999999778e-01
3.186705767350928475e+00 5.999999999999999778e-01
3.190615835777125930e+00 5.999999999999999778e-01
3.194525904203323385e+00 5.999999999999999778e-01
3.198435972629520840e+00 5.999999999999999778e-01
3.202346041055718295e+00 5.999999999999999778e-01
3.206256109481915750e+00 5.999999999999999778e-01
3.210166177908113205e+00 5.999999999999999778e-01
3.214076246334310660e+00 5.999999999999999778e-01
3.217986314760508115e+00 5.999999999999999778e-01
3.221896383186705570e+00 5.999999999999999778e-01
3.225806451612903025e+00 5.999999999999999778e-01
3.229716520039100480e+00 5.999999999999999778e-01
3.233626588465297935e+00 5.999999999999999778e-01
3.237536656891495390e+00 5.999999999999999778e-01
3.241446725317692845e+00 5.999999999999999778e-01
3.245356793743890300e+00 5.999999999999999778e-01
3.249266862170087755e+00 5.999999999999999778e-01
3.253176930596285210e+00 5.999999999999999778e-01
3.257086999022483109e+00 5.999999999999999778e-01
3.260997067448680564e+00 5.999999999999999778e-01
3.264907135874878019e+00 5.999999999999999778e-01
3.268817204301075474e+00 5.999999999999999778e-01
3.272727272727272929e+00 5.999999999999999778e-01
3.276637341153470384e+00 5.999999999999999778e-01
3.280547409579667839e+00 5.999999999999999778e-01
3.284457478005865294e+00 5.999999999999999778e-01
3.288367546432062749e+00 5.999999999999999778e-01
3.292277614858260204e+00 5.999999999999999778e-01
3.296187683284457659e+00 5.999999999999999778e-01
3.300097751710655114e+00 5.999999999999999778e-01
3.304007820136852569e+00 5.999999999999999778e-01
3.307917888563050024e+00 5.999999999999999778e-01
3.311827956989247479e+00 5.999999999999999778e-01
3.315738025415444934e+00 5.999999999999999778e-01
3.319648093841642389e+00 5.999999999999999778e-01
3.323558162267839844e+00 5.999999999999999778e-01
3.327468230694037299e+00 5.999999999999999778e-01
3.331378299120234754e+00 5.999999999999999778e-01
3.335288367546432209e+00 5.999999999999999778e-01
3.339198435972629664e+00 5.999999999999999778e-01
3.343108504398827119e+00 5.999999999999999778e-01
3.347018572825024574e+00 5.999999999999999778e-01
3.350928641251222029e+00 5.999999999999999778e-01
3.354838709677419484e+00 5.999999999999999778e-01
3.358748778103616939e+00 5.999999999999999778e-01
3.362658846529814394e+00 5.999999999999999778e-01
3.366568914956011849e+00 5.999999999999999778e-01
3.370478983382209304e+00 5.999999999999999778e-01
3.374389051808406759e+00 5.999999999999999778e-01
3.378299120234604214e+00 5.999999999999999778e-01
3.382209188660801669e+00 5.999999999999999778e-01
3.386119257086999124e+00 5.999999999999999778e-01
3.390029325513196579e+00 5.999999999999999778e-01
3.393939393939394034e+00 5.999999999999999778e-01
3.397849462365591489e+00 5.999999999999999778e-01
3.401759530791788944e+00 5.999999999999999778e-01
3.405669599217986399e+00 5.999999999999999778e-01
3.409579667644183854e+00 5.999999999999999778e-01
3.413489736070381309e+00 5.999999999999999778e-01
3.417399804496578763e+00 5.999999999999999778e-01
3.421309872922776218e+00 5.999999999999999778e-01
3.425219941348973673e+00 5.999999999999999778e-01
3.429130009775171128e+00 5.999999999999999778e-01
3.433040078201368583e+00 5.999999999999999778e-01
3.436950146627566038e+00 5.999999999999999778e-01
3.440860215053763493e+00 5.999999999999999778e-01
3.444770283479960948e+00 5.999999999999999778e-01
3.448680351906158403e+00 5.999999999999999778e-01
3.452590420332355858e+00 5.999999999999999778e-01
3.456500488758553313e+00 5.999999999999999778e-01
3.460410557184750768e+00 5.999999999999999778e-01
3.464320625610948223e+00 5.999999999999999778e-01
3.468230694037145678e+00 5.999999999999999778e-01
3.472140762463343133e+00 5.999999999999999778e-01
3.476050830889540588e+00 5.999999999999999778e-01
3.479960899315738043e+00 5.999999999999999778e-01
3.483870967741935498e+00 5.999999999999999778e-01
3.487781036168132953e+00 5.999999999999999778e-01
3.491691104594330408e+00 5.999999999999999778e-01
3.495601173020527863e+00 5.999999999999999778e-01
3.499511241446725318e+00 5.999999999999999778e-01
3.503421309872922773e+00 5.999999999999999778e-01
3.507331378299120228e+00 5.999999999999999778e-01
3.511241446725317683e+00 5.999999999999999778e-01
3.515151515151515138e+00 5.999999999999999778e-01
3.519061583577712593e+00 5.999999999999999778e-01
3.522971652003910048e+00 5.999999999999999778e-01
3.526881720430107503e+00 5.999999999999999778e-01
3.530791788856304958e+00 5.999999999999999778e-01
3.534701857282502413e+00 5.999999999999999778e-01
3.538611925708699868e+00 5.999999999999999778e-01
3.542521994134897323e+00 5.999999999999999778e-01
3.546432062561094778e+00 5.999999999999999778e-01
3.550342130987292233e+00 5.999999999999999778e-01
3.554252199413489688e+00 5.999999999999999778e-01
3.558162267839687143e+00 5.999999999999999778e-01
3.562072336265884598e+00 5.999999999999999778e-01
3.565982404692082053e+00 5.999999999999999778e-01
3.569892473118279508e+00 5.999999999999999778e-01
3.573802541544476963e+00 5.999999999999999778e-01
3.577712609970674418e+00 5.999999999999999778e-01
3.581622678396871873e+00 5.999999999999999778e-01
3.585532746823069328e+00 5.999999999999999778e-01
3.589442815249266783e+00 5.999999999999999778e-01
3.593352883675464238e+00 5.999999999999999778e-01
3.597262952101661693e+00 5.999999999999999778e-01
3.601173020527859148e+00 5.999999999999999778e-01
3.605083088954056603e+00 5.999999999999999778e-01
3.608993157380254058e+00 5.999999999999999778e-01
3.612903225806451513e+00 5.999999999999999778e-01
3.616813294232648968e+00 5.999999999999999778e-01
3.620723362658846423e+00 5.999999999999999778e-01
3.624633431085043878e+00 5.999999999999999778e-01
3.628543499511241333e+00 5.999999999999999778e-01
3.632453567937438788e+00 5.999999999999999778e-01
3.636363636363636243e+00 5.999999999999999778e-01
3.640273704789833698e+00 5.999999999999999778e-01
3.644183773216031152e+00 5.999999999999999778e-01
3.648093841642228607e+00 5.999999999999999778e-01
3.652003910068426062e+00 5.999999999999999778e-01
3.655913978494623517e+00 5.999999999999999778e-01
3.659824046920820972e+00 5.999999999999999778e-01
3.663734115347018427e+00 5.999999999999999778e-01
3.667644183773215882e+00 5.999999999999999778e-01
3.671554252199413337e+00 5.999999999999999778e-01
3.675464320625610792e+00 5.999999999999999778e-01
3.679374389051808247e+00 5.999999999999999778e-01
3.683284457478005702e+00 5.999999999999999778e-01
3.687194525904203157e+00 5.999999999999999778e-01
3.691104594330400612e+00 5.999999999999999778e-01
3.695014662756598067e+00 5.999999999999999778e-01
3.698924731182795522e+00 5.999999999999999778e-01
3.702834799608992977e+00 5.999999999999999778e-01
3.706744868035190432e+00 5.999999999999999778e-01
3.710654936461387887e+00 5.999999999999999778e-01
3.714565004887585342e+00 5.999999999999999778e-01
3.718475073313782797e+00 5.999999999999999778e-01
3.722385141739980252e+00 5.999999999999999778e-01
3.726295210166177707e+00 5.999999999999999778e-01
3.730205278592375162e+00 5.999999999999999778e-01
3.734115347018572617e+00 5.999999999999999778e-01
3.738025415444770072e+00 5.999999999999999778e-01
3.741935483870967527e+00 5.999999999999999778e-01
3.745845552297164982e+00 5.999999999999999778e-01
3.749755620723362437e+00 5.999999999999999778e-01
3.753665689149560336e+00 5.999999999999999778e-01
3.757575757575757791e+00 5.999999999999999778e-01
3.761485826001955246e+00 5.999999999999999778e-01
3.765395894428152701e+00 5.999999999999999778e-01
3.769305962854350156e+00 5.999999999999999778e-01
3.773216031280547611e+00 5.999999999999999778e-01
3.777126099706745066e+00 5.999999999999999778e-01
3.781036168132942521e+00 5.999999999999999778e-01
3.784946236559139976e+00 5.999999999999999778e-01
3.788856304985337431e+00 5.999999999999999778e-01
3.792766373411534886e+00 5.999999999999999778e-01
3.796676441837732341e+00 5.999999999999999778e-01
3.800586510263929796e+00 5.999999999999999778e-01
3.804496578690127251e+00 5.999999999999999778e-01
3.808406647116324706e+00 5.999999999999999778e-01
3.812316715542522161e+00 5.999999999999999778e-01
3.816226783968719616e+00 5.999999999999999778e-01
3.820136852394917071e+00 5.999999999999999778e-01
3.824046920821114526e+00 5.999999999999999778e-01
3.827956989247311981e+00 5.999999999999999778e-01
3.831867057673509436e+00 5.999999999999999778e-01
3.835777126099706891e+00 5.999999999999999778e-01
3.839687194525904346e+00 5.999999999999999778e-01
3.843597262952101801e+00 5.999999999999999778e-01
3.847507331378299256e+00 5.999999999999999778e-01
3.851417399804496711e+00 5.999999999999999778e-01
3.855327468230694166e+00 5.999999999999999778e-01
3.859237536656891621e+00 5.999999999999999778e-01
3.863147605083089076e+00 5.999999999999999778e-01
3.867057673509286531e+00 5.999999999999999778e-01
3.870967741935483986e+00 5.999999999999999778e-01
3.874877810361681441e+00 5.999999999999999778e-01
3.878787878787878896e+00 5.999999999999999778e-01
3.882697947214076351e+00 5.999999999999999778e-01
3.886608015640273806e+00 5.999999999999999778e-01
3.890518084066471260e+00 5.999999999999999778e-01
3.894428152492668715e+00 5.999999999999999778e-01
3.898338220918866170e+00 5.999999999999999778e-01
3.902248289345063625e+00 5.999999999999999778e-01
3.906158357771261080e+00 5.999999999999999778e-01
3.910068426197458535e+00 5.999999999999999778e-01
3.913978494623655990e+00 5.999999999999999778e-01
3.917888563049853445e+00 5.999999999999999778e-01
3.921798631476050900e+00 5.999999999999999778e-01
3.925708699902248355e+00 5.999999999999999778e-01
3.929618768328445810e+00 5.999999999999999778e-01
3.933528836754643265e+00 5.999999999999999778e-01
3.937438905180840720e+00 5.999999999999999778e-01
3.941348973607038175e+00 5.999999999999999778e-01
3.945259042033235630e+00 5.999999999999999778e-01
3.949169110459433085e+00 5.999999999999999778e-01
3.953079178885630540e+00 5.999999999999999778e-01
3.956989247311827995e+00 5.999999999999999778e-01
3.960899315738025450e+00 5.999999999999999778e-01
3.964809384164222905e+00 5.999999999999999778e-01
3.968719452590420360e+00 5.999999999999999778e-01
3.972629521016617815e+00 5.999999999999999778e-01
3.976539589442815270e+00 5.999999999999999778e-01
3.980449657869012725e+00 5.999999999999999778e-01
3.984359726295210180e+00 5.999999999999999778e-01
3.988269794721407635e+00 5.999999999999999778e-01
3.992179863147605090e+00 5.999999999999999778e-01
3.996089931573802545e+00 5.999999999999999778e-01
4.000000000000000000e+00 5.999999999999999778e-01
