# Matter power spectrum P(k) at redshift z=0
# for k=1.04923e-05 to 13.8458 h/Mpc,
# number of wavenumbers equal to 548
#    1:k (h/Mpc)              2:P (Mpc/h)^3        
       1.049232247035e-05       5.213257133530e+01 
       2.345523593752e-05       1.128491122881e+02 
       3.646425159762e-05       1.723663773313e+02 
       4.955481903676e-05       2.313826831015e+02 
       6.276298101726e-05       2.902876827718e+02 
       7.612569894774e-05       3.493688818676e+02 
       8.968118887938e-05       4.088692913274e+02 
       1.034692725499e-04       4.690108926306e+02 
       1.175317480310e-04       5.300066054278e+02 
       1.319127845698e-04       5.920674522122e+02 
       1.466593462158e-04       6.554074789697e+02 
       1.618216487627e-04       7.202475428736e+02 
       1.774536543295e-04       7.868184946459e+02 
       1.936136075092e-04       8.553640783630e+02 
       2.103646162897e-04       9.261436714967e+02 
       2.277752797860e-04       9.994349859456e+02 
       2.459203630093e-04       1.075536756550e+03 
       2.648815162194e-04       1.154771444659e+03 
       2.847480325501e-04       1.237487933635e+03 
       3.056176322223e-04       1.324064163118e+03 
       3.275972543450e-04       1.414909626400e+03 
       3.508038276357e-04       1.510467586478e+03 
       3.753649789627e-04       1.611216842274e+03 
       4.014196231875e-04       1.717672794968e+03 
       4.291183594352e-04       1.830387496017e+03 
       4.586235783056e-04       1.949948276161e+03 
       4.901091632438e-04       2.076974530500e+03 
       5.237596502464e-04       2.212112072332e+03 
       5.597686979183e-04       2.356024604213e+03 
       5.983367211322e-04       2.509381733186e+03 
       6.396675642168e-04       2.672843240990e+03 
       6.839641420622e-04       2.847039458954e+03 
       7.314230660280e-04       3.032548094567e+03 
       7.822283966550e-04       3.229868284504e+03 
       8.365448177365e-04       3.439393400711e+03 
       8.945106845460e-04       3.661384514975e+03 
       9.562315291821e-04       3.895947077389e+03 
       1.021774668661e-03       4.143013464810e+03 
       1.091165523318e-03       4.402333583469e+03 
       1.164386101462e-03       4.673475235323e+03 
       1.241375858705e-03       4.955834698892e+03 
       1.322034844468e-03       5.248656744916e+03 
       1.406228768183e-03       5.551035782891e+03 
       1.493795413366e-03       5.862008163508e+03 
       1.584551735226e-03       6.180557323332e+03 
       1.678300999947e-03       6.505625106791e+03 
       1.774839435990e-03       6.836155155661e+03 
       1.873962029110e-03       7.171116669997e+03 
       1.975467262546e-03       7.509523176796e+03 
       2.079160751554e-03       7.850446571330e+03 
       2.184857831100e-03       8.193025333588e+03 
       2.292385223890e-03       8.536470213005e+03 
       2.401581948153e-03       8.880064987279e+03 
       2.512299629949e-03       9.223165587329e+03 
       2.624402372809e-03       9.565197820637e+03 
       2.737766316453e-03       9.905651044404e+03 
       2.852278991948e-03       1.024407778780e+04 
       2.967838556955e-03       1.058008325065e+04 
       3.084352973527e-03       1.091332430778e+04 
       3.201739173283e-03       1.124350323399e+04 
       3.319922240667e-03       1.157036257086e+04 
       3.438834634197e-03       1.189368127465e+04 
       3.558415457581e-03       1.221326728221e+04 
       3.678609786779e-03       1.252896170414e+04 
       3.799368055043e-03       1.284062831523e+04 
       3.920645495294e-03       1.314815341747e+04 
       4.042401637421e-03       1.345144265939e+04 
       4.164599857097e-03       1.375042015134e+04 
       4.287206972133e-03       1.404502406098e+04 
       4.410192882226e-03       1.433520801643e+04 
       4.533530247960e-03       1.462093407192e+04 
       4.657194205091e-03       1.490217648530e+04 
       4.781162110383e-03       1.517891964593e+04 
       4.905413315578e-03       1.545114122307e+04 
       5.029928966360e-03       1.571886689972e+04 
       5.154691823485e-03       1.598209066127e+04 
       5.279686103568e-03       1.618328057244e+04 
       5.404897337246e-03       1.643529669634e+04 
       5.530312242736e-03       1.668282649677e+04 
       5.655918612993e-03       1.692588908125e+04 
       5.781705214922e-03       1.716451630483e+04 
       5.907661699236e-03       1.739873058042e+04 
       6.033778519772e-03       1.762856395316e+04 
       6.160046861154e-03       1.785405374668e+04 
       6.286458573889e-03       1.807523123300e+04 
       6.413006116048e-03       1.829212761703e+04 
       6.539682500801e-03       1.850478936556e+04 
       6.666481249153e-03       1.871324460909e+04 
       6.793396347327e-03       1.891753975155e+04 
       6.920422208277e-03       1.911771759500e+04 
       7.047553636885e-03       1.931381260810e+04 
       7.174785798468e-03       1.950586909382e+04 
       7.302114190225e-03       1.969392872104e+04 
       7.429534615329e-03       1.987802806307e+04 
       7.557043159395e-03       2.005821461576e+04 
       7.684636169069e-03       2.023453282719e+04 
       7.812310232534e-03       2.040703087457e+04 
       7.940062161739e-03       2.057573277964e+04 
       8.067888976184e-03       2.074069764548e+04 
       8.195787888093e-03       2.090196371060e+04 
       8.323756288873e-03       2.105955573222e+04 
       8.451791736696e-03       2.121354328586e+04 
       8.579891945135e-03       2.136396506941e+04 
       8.708054772728e-03       2.151085086066e+04 
       8.836278213402e-03       2.165424831979e+04 
       8.964560387672e-03       2.179419017722e+04 
       9.092899534535e-03       2.193072792142e+04 
       9.221294004024e-03       2.206389789507e+04 
       9.349742250328e-03       2.219374143095e+04 
       9.478242825461e-03       2.232029647204e+04 
       9.606794373412e-03       2.244360622896e+04 
       9.735395624741e-03       2.256370169902e+04 
       9.864045391591e-03       2.268063245535e+04 
       9.992742563062e-03       2.279441931631e+04 
       1.012148610094e-02       2.290511414692e+04 
       1.025027503575e-02       2.301275239536e+04 
       1.037910846305e-02       2.311736919835e+04 
       1.050798554007e-02       2.321899622731e+04 
       1.063690548255e-02       2.331767980730e+04 
       1.076586756178e-02       2.341344382025e+04 
       1.089487110190e-02       2.350633496067e+04 
       1.102391547739e-02       2.359639246477e+04 
       1.115300011070e-02       2.368363146635e+04 
       1.128212447006e-02       2.376811219304e+04 
       1.141128806750e-02       2.384984786649e+04 
       1.154049045688e-02       2.392888532148e+04 
       1.166973123222e-02       2.400525343327e+04 
       1.179901002603e-02       2.407899139824e+04 
       1.192832650778e-02       2.415013188039e+04 
       1.205768038250e-02       2.421870042504e+04 
       1.218707138949e-02       2.428473036455e+04 
       1.231649930107e-02       2.434826439024e+04 
       1.244596392145e-02       2.440932704877e+04 
       1.257546508569e-02       2.446795011878e+04 
       1.270500265871e-02       2.452416506492e+04 
       1.283457653440e-02       2.457800690349e+04 
       1.296418663476e-02       2.462950389001e+04 
       1.309383290912e-02       2.467869609671e+04 
       1.322351533343e-02       2.472559720720e+04 
       1.335323390961e-02       2.477024921144e+04 
       1.348298866489e-02       2.481268139766e+04 
       1.361277965131e-02       2.485291916235e+04 
       1.374260694512e-02       2.489099278210e+04 
       1.387247064639e-02       2.492692572241e+04 
       1.400237087851e-02       2.496073823674e+04 
       1.413230778784e-02       2.499248716718e+04 
       1.426228154333e-02       2.502216258367e+04 
       1.439229233618e-02       2.504982723691e+04 
       1.452234037960e-02       2.507548106047e+04 
       1.465242590851e-02       2.509916109285e+04 
       1.478254917932e-02       2.512089141267e+04 
       1.491271046977e-02       2.514069709851e+04 
       1.504291007869e-02       2.515861852475e+04 
       1.517314832594e-02       2.517466041153e+04 
       1.530342555223e-02       2.518885507840e+04 
       1.543374211904e-02       2.520123077560e+04 
       1.556409840857e-02       2.521181930668e+04 
       1.569449482370e-02       2.522062886519e+04 
       1.582493178792e-02       2.522768912288e+04 
       1.595540974539e-02       2.523302134339e+04 
       1.608592916090e-02       2.523666866181e+04 
       1.621649051997e-02       2.523864297564e+04 
       1.634709432883e-02       2.523895506542e+04 
       1.647774111459e-02       2.523763577444e+04 
       1.660843142528e-02       2.523472760004e+04 
       1.673916582996e-02       2.523021553091e+04 
       1.686994491889e-02       2.522417410537e+04 
       1.700076930366e-02       2.521657550168e+04 
       1.713163961735e-02       2.520746217950e+04 
       1.726255651476e-02       2.519685465152e+04 
       1.739352067254e-02       2.518478551638e+04 
       1.752453278950e-02       2.517125588432e+04 
       1.765559358677e-02       2.515630337762e+04 
       1.778670380810e-02       2.513994569518e+04 
       1.791786422011e-02       2.512218858284e+04 
       1.804907561260e-02       2.510311072572e+04 
       1.818033879881e-02       2.508264850081e+04 
       1.831165461581e-02       2.506088281576e+04 
       1.844302392476e-02       2.503780464610e+04 
       1.857444761134e-02       2.501343800722e+04 
       1.870592658606e-02       2.498782990801e+04 
       1.883746178468e-02       2.496097166732e+04 
       1.896905416861e-02       2.493289390074e+04 
       1.910070472532e-02       2.490361590068e+04 
       1.923241446881e-02       2.487313898177e+04 
       1.936418444003e-02       2.484152042762e+04 
       1.949601570740e-02       2.480877358609e+04 
       1.962790936726e-02       2.477488093945e+04 
       1.975986654439e-02       2.473987733274e+04 
       1.989188839259e-02       2.470380127597e+04 
       2.002397609515e-02       2.466665700956e+04 
       2.015613086550e-02       2.462845868123e+04 
       2.028835394773e-02       2.458922449276e+04 
       2.042064661726e-02       2.454898529642e+04 
       2.055301018142e-02       2.450778348904e+04 
       2.068544598013e-02       2.446556558409e+04 
       2.081795538657e-02       2.442242064575e+04 
       2.095053980787e-02       2.437832064758e+04 
       2.108320068582e-02       2.433329113091e+04 
       2.121593949765e-02       2.428734906339e+04 
       2.134875775672e-02       2.424056545785e+04 
       2.148165701339e-02       2.419286470887e+04 
       2.161463885579e-02       2.414435467032e+04 
       2.174770491066e-02       2.409496043389e+04 
       2.188085684423e-02       2.404478630046e+04 
       2.201409636311e-02       2.399378264486e+04 
       2.214742521521e-02       2.394199289920e+04 
       2.228084519069e-02       2.388944002972e+04 
       2.241435812295e-02       2.383611042014e+04 
       2.254796588962e-02       2.378205163958e+04 
       2.268167041363e-02       2.372728277031e+04 
       2.281547366425e-02       2.367178435959e+04 
       2.294937765825e-02       2.361558769425e+04 
       2.308338446097e-02       2.355875069775e+04 
       2.321749618759e-02       2.350120778916e+04 
       2.335171500427e-02       2.344300335847e+04 
       2.348604312944e-02       2.338416726837e+04 
       2.362048283507e-02       2.332475600858e+04 
       2.375503644806e-02       2.326469827833e+04 
       2.388970635155e-02       2.320407260402e+04 
       2.402449498637e-02       2.314280498840e+04 
       2.415940485251e-02       2.308103972694e+04 
       2.429443851065e-02       2.301871545753e+04 
       2.442959858366e-02       2.295579862511e+04 
       2.456488775829e-02       2.289236885007e+04 
       2.470030878678e-02       2.282849601297e+04 
       2.483586448859e-02       2.276403943356e+04 
       2.497155775218e-02       2.269915714700e+04 
       2.510739153686e-02       2.263375504093e+04 
       2.524336887464e-02       2.256792828480e+04 
       2.537949287223e-02       2.250155941497e+04 
       2.551576671301e-02       2.243488810866e+04 
       2.565219365918e-02       2.236775752389e+04 
       2.578877705387e-02       2.230019887624e+04 
       2.592552032339e-02       2.223215265413e+04 
       2.606242697952e-02       2.216380778109e+04 
       2.619950062195e-02       2.209507975549e+04 
       2.633674494066e-02       2.202596175175e+04 
       2.647416371856e-02       2.195651834182e+04 
       2.661176083407e-02       2.188670310840e+04 
       2.674954026390e-02       2.181657658401e+04 
       2.688750608585e-02       2.174608149988e+04 
       2.702566248175e-02       2.167535662585e+04 
       2.716401374053e-02       2.160430337332e+04 
       2.730256426130e-02       2.153293670217e+04 
       2.744131855667e-02       2.146124810291e+04 
       2.758028125611e-02       2.138945264543e+04 
       2.771945710945e-02       2.131726301605e+04 
       2.785885099051e-02       2.124482391779e+04 
       2.799846790086e-02       2.117217322685e+04 
       2.813831297377e-02       2.109927651921e+04 
       2.827839147822e-02       2.102621254809e+04 
       2.841870882315e-02       2.095285437617e+04 
       2.855927056179e-02       2.087936963298e+04 
       2.870008239625e-02       2.080567921506e+04 
       2.884115018221e-02       2.073177371919e+04 
       2.898247993383e-02       2.065772308510e+04 
       2.912407782885e-02       2.058344519584e+04 
       2.926595021390e-02       2.050911221841e+04 
       2.940810361000e-02       2.043457483283e+04 
       2.955054471831e-02       2.035988257867e+04 
       2.969328042609e-02       2.028504547343e+04 
       2.983631781293e-02       2.021009828388e+04 
       2.997966415723e-02       2.013506529130e+04 
       3.012332694292e-02       2.005982841743e+04 
       3.026731386653e-02       1.998459078789e+04 
       3.041163284448e-02       1.990917176559e+04 
       3.055629202078e-02       1.983373150625e+04 
       3.070129977494e-02       1.975814828237e+04 
       3.084666473035e-02       1.968248719622e+04 
       3.099239576295e-02       1.960680259455e+04 
       3.113850201029e-02       1.953103418274e+04 
       3.128499288107e-02       1.945515985445e+04 
       3.143187806497e-02       1.937933126877e+04 
       3.157916754310e-02       1.930338871469e+04 
       3.172687159881e-02       1.922746737363e+04 
       3.187500082903e-02       1.915142317082e+04 
       3.202356615614e-02       1.907541840248e+04 
       3.217257884047e-02       1.899938538141e+04 
       3.232205049329e-02       1.892321765745e+04 
       3.247199309048e-02       1.884721985249e+04 
       3.262241898690e-02       1.877106517002e+04 
       3.277334093142e-02       1.869504285584e+04 
       3.292477208267e-02       1.861894454472e+04 
       3.307672602569e-02       1.854282853558e+04 
       3.322921678930e-02       1.846673268190e+04 
       3.338225886446e-02       1.839069795898e+04 
       3.353586722349e-02       1.831462084236e+04 
       3.369005734038e-02       1.823863731155e+04 
       3.384484521215e-02       1.816270216197e+04 
       3.400024738126e-02       1.808667847989e+04 
       3.415628095939e-02       1.801077547255e+04 
       3.431296365240e-02       1.793484153053e+04 
       3.447031378670e-02       1.785894510487e+04 
       3.462835033708e-02       1.778316574657e+04 
       3.478709295615e-02       1.770739811347e+04 
       3.494656200541e-02       1.763165444765e+04 
       3.510677858811e-02       1.755600480761e+04 
       3.526776458410e-02       1.748038688398e+04 
       3.542954268661e-02       1.740484091740e+04 
       3.559213644136e-02       1.732928461227e+04 
       3.575557028793e-02       1.725388781223e+04 
       3.591986960371e-02       1.717844241936e+04 
       3.608506075055e-02       1.710312949603e+04 
       3.625117112431e-02       1.702786390981e+04 
       3.641822920761e-02       1.695264259531e+04 
       3.658626462589e-02       1.687754260153e+04 
       3.675530820718e-02       1.680244984905e+04 
       3.692539204571e-02       1.672742455348e+04 
       3.709654956990e-02       1.665247408966e+04 
       3.726881561477e-02       1.657758520117e+04 
       3.744222649944e-02       1.650276853146e+04 
       3.761682010991e-02       1.642802382440e+04 
       3.779263598773e-02       1.635335544772e+04 
       3.796971542493e-02       1.627877342300e+04 
       3.814810156580e-02       1.620419122011e+04 
       3.832783951617e-02       1.612968867764e+04 
       3.850897646073e-02       1.605528055834e+04 
       3.869156178928e-02       1.598089034509e+04 
       3.887564723254e-02       1.590659682939e+04 
       3.906128700854e-02       1.583233455796e+04 
       3.924853798049e-02       1.575814857384e+04 
       3.943745982737e-02       1.568395621067e+04 
       3.962811522819e-02       1.560985220796e+04 
       3.982057006161e-02       1.553584772486e+04 
       4.001489362218e-02       1.546178335795e+04 
       4.021115885495e-02       1.538782521849e+04 
       4.040944261044e-02       1.531378640814e+04 
       4.060982592199e-02       1.523993300343e+04 
       4.081239430789e-02       1.516605867562e+04 
       4.101723810097e-02       1.509217226867e+04 
       4.122445280868e-02       1.501832499765e+04 
       4.143413950708e-02       1.494444882468e+04 
       4.164640527256e-02       1.487061776949e+04 
       4.186136365563e-02       1.479676905948e+04 
       4.207913520190e-02       1.472290084097e+04 
       4.229984802564e-02       1.464899690070e+04 
       4.252363844268e-02       1.457508717871e+04 
       4.275065166972e-02       1.450112893555e+04 
       4.298104259877e-02       1.442713884648e+04 
       4.321497665624e-02       1.435309129406e+04 
       4.345263075804e-02       1.427894493068e+04 
       4.369419437347e-02       1.420476970067e+04 
       4.393987071308e-02       1.413046328340e+04 
       4.418987805765e-02       1.405606338042e+04 
       4.444445124893e-02       1.398159095158e+04 
       4.470384336547e-02       1.390692780695e+04 
       4.496832761161e-02       1.383212963463e+04 
       4.523819945218e-02       1.375714254655e+04 
       4.551377903155e-02       1.368203898065e+04 
       4.579541392250e-02       1.360668025123e+04 
       4.608348225945e-02       1.353105940515e+04 
       4.637839632043e-02       1.345528078832e+04 
       4.668060663542e-02       1.337916969990e+04 
       4.699060671396e-02       1.330277843967e+04 
       4.730893850439e-02       1.322603562908e+04 
       4.763619872052e-02       1.314894426604e+04 
       4.797304620123e-02       1.307142174881e+04 
       4.832021050506e-02       1.299353412968e+04 
       4.867850198752e-02       1.291511024690e+04 
       4.904882366677e-02       1.283616910920e+04 
       4.943218525557e-02       1.275663488737e+04 
       4.982971982947e-02       1.267645252048e+04 
       5.024270371775e-02       1.259558358727e+04 
       5.067258035183e-02       1.251389701076e+04 
       5.112098899507e-02       1.243136832306e+04 
       5.158979951890e-02       1.234782895489e+04 
       5.208115469662e-02       1.226321587413e+04 
       5.259752187462e-02       1.217739610680e+04 
       5.314175636702e-02       1.209014290333e+04 
       5.371717951859e-02       1.200129673555e+04 
       5.432767509480e-02       1.191063854859e+04 
       5.497780845997e-02       1.181784809793e+04 
       5.567297379987e-02       1.172256527255e+04 
       5.641957519621e-02       1.162431491559e+04 
       5.722524713955e-02       1.152250248149e+04 
       5.809911798516e-02       1.141633028898e+04 
       5.905211378029e-02       1.130477639860e+04 
       6.009728587092e-02       1.118639371703e+04 
       6.125011694517e-02       1.105929800793e+04 
       6.252870648929e-02       1.092087544137e+04 
       6.395364679319e-02       1.076760311417e+04 
       6.554727454583e-02       1.059473245992e+04 
       6.733186574008e-02       1.039618730849e+04 
       6.932638319360e-02       1.016467086567e+04 
       7.154186642963e-02       9.892512560466e+03 
       7.397666473289e-02       9.573466843145e+03 
       7.661393880746e-02       9.205226717621e+03 
       7.942367534025e-02       8.791844283381e+03 
       8.236895708316e-02       8.344449625510e+03 
       8.541336095246e-02       7.879845091133e+03 
       8.852613651345e-02       7.417418209169e+03 
       9.168406466828e-02       6.975830561649e+03 
       9.487092161194e-02       6.570448751626e+03 
       9.807594486822e-02       6.211863604098e+03 
       1.012922311770e-01       5.905512556739e+03 
       1.045154459768e-01       5.651990190162e+03 
       1.077429034057e-01       5.447856784606e+03 
       1.109729526543e-01       5.286526558457e+03 
       1.142045840369e-01       5.159224047468e+03 
       1.174371817602e-01       5.055919838861e+03 
       1.206703708413e-01       4.966208442305e+03 
       1.239039230858e-01       4.880219989950e+03 
       1.271376996218e-01       4.789468289490e+03 
       1.303716158799e-01       4.687610837480e+03 
       1.336056202886e-01       4.570905966053e+03 
       1.368396813280e-01       4.438446729367e+03 
       1.400737796652e-01       4.291934842553e+03 
       1.433079033802e-01       4.135167739286e+03 
       1.465420450657e-01       3.973283092565e+03 
       1.497762000672e-01       3.811963595106e+03 
       1.530103654128e-01       3.656667820910e+03 
       1.562445391633e-01       3.512040684903e+03 
       1.594787200164e-01       3.381527920675e+03 
       1.627129070661e-01       3.267171628392e+03 
       1.659470996555e-01       3.169613391321e+03 
       1.691812972867e-01       3.088212912038e+03 
       1.724154995655e-01       3.021254769091e+03 
       1.756497061672e-01       2.966213871222e+03 
       1.788839168154e-01       2.920032867791e+03 
       1.821181312682e-01       2.879429792416e+03 
       1.853523493101e-01       2.841582708664e+03 
       1.885865707457e-01       2.803456884648e+03 
       1.918207953967e-01       2.762298288461e+03 
       1.950550230984e-01       2.716437163335e+03 
       1.982892536982e-01       2.665099908745e+03 
       2.015234870544e-01       2.608412987892e+03 
       2.047577230345e-01       2.547295349502e+03 
       2.079919615147e-01       2.483230083426e+03 
       2.112262023791e-01       2.418006154436e+03 
       2.144604455189e-01       2.353443672077e+03 
       2.176946908316e-01       2.291207363732e+03 
       2.209289382213e-01       2.232629774540e+03 
       2.241631875972e-01       2.178685434718e+03 
       2.273974388740e-01       2.129951008288e+03 
       2.306316919712e-01       2.086621764998e+03 
       2.338659468128e-01       2.048530516877e+03 
       2.371002033267e-01       2.015182163538e+03 
       2.403344614452e-01       1.985823764217e+03 
       2.435687211038e-01       1.959494239306e+03 
       2.468029822416e-01       1.935155039771e+03 
       2.500372448008e-01       1.911769084198e+03 
       2.532715087267e-01       1.888427929957e+03 
       2.565057739671e-01       1.864402469192e+03 
       2.597400404728e-01       1.839204440268e+03 
       2.629743081967e-01       1.812591769815e+03 
       2.662085770941e-01       1.784553511850e+03 
       2.694428471226e-01       1.755288294230e+03 
       2.726771182417e-01       1.725161909879e+03 
       2.759113904127e-01       1.694658080876e+03 
       2.791456635990e-01       1.664323318888e+03 
       2.823799377653e-01       1.634703381712e+03 
       2.856142128784e-01       1.606289609984e+03 
       2.888484889061e-01       1.579448279686e+03 
       2.920827658179e-01       1.554415013046e+03 
       2.953170435847e-01       1.531268065479e+03 
       2.985513221784e-01       1.509947480045e+03 
       3.017856015724e-01       1.490291725338e+03 
       3.050198817410e-01       1.472052304329e+03 
       3.082541626598e-01       1.454946939797e+03 
       3.114884443052e-01       1.438668550284e+03 
       3.147227266548e-01       1.422914909641e+03 
       3.179570096869e-01       1.407409822321e+03 
       3.211912933808e-01       1.391910923709e+03 
       3.244255777167e-01       1.376241879140e+03 
       3.276598626754e-01       1.360294974921e+03 
       3.308941482386e-01       1.344048591665e+03 
       3.341284343887e-01       1.327551559865e+03 
       3.373627211086e-01       1.310910051872e+03 
       3.405970083821e-01       1.294264023891e+03 
       3.438312961934e-01       1.277765892639e+03 
       3.470655845275e-01       1.261562705423e+03 
       3.502998733699e-01       1.245783995223e+03 
       3.535341627065e-01       1.230535133371e+03 
       3.567684525237e-01       1.215893816537e+03 
       3.600027428087e-01       1.201905606114e+03 
       3.632370335488e-01       1.188580064996e+03 
       3.664713247319e-01       1.175886579681e+03 
       3.697056163465e-01       1.163767344424e+03 
       3.729399083811e-01       1.152132604957e+03 
       3.761742008249e-01       1.140879905016e+03 
       3.794084936674e-01       1.129910238203e+03 
       3.826427868985e-01       1.119132744821e+03 
       3.858770805083e-01       1.108477903785e+03 
       3.891113744874e-01       1.097897769438e+03 
       3.923456688265e-01       1.087359765565e+03 
       3.955799635169e-01       1.076848899909e+03 
       3.988142585499e-01       1.066370056560e+03 
       4.020485539172e-01       1.055932485073e+03 
       4.052828496109e-01       1.045563099380e+03 
       4.085171456230e-01       1.035302803075e+03 
       4.117514419462e-01       1.025185951847e+03 
       4.149857385730e-01       1.015256228670e+03 
       4.182200354964e-01       1.005545888204e+03 
       4.214543327096e-01       9.960757463554e+02 
       4.246886302060e-01       9.868577367852e+02 
       4.279229279789e-01       9.778877382626e+02 
       4.311572260223e-01       9.691604638891e+02 
       4.343915243301e-01       9.606666235739e+02 
       4.376258228963e-01       9.523875285443e+02 
       4.408601217153e-01       9.443089210574e+02 
       4.440944207815e-01       9.364090172692e+02 
       4.473287200896e-01       9.286612090781e+02 
       4.505630196342e-01       9.210405181090e+02 
       4.537973194104e-01       9.135255583766e+02 
       4.570316194132e-01       9.060946482950e+02 
       4.602659196379e-01       8.987357671975e+02 
       4.635002200796e-01       8.914452600063e+02 
       4.667345207340e-01       8.842255502390e+02 
       4.699688215966e-01       8.770767051056e+02 
       4.732031226631e-01       8.700072169525e+02 
       4.764374239294e-01       8.630235307698e+02 
       4.796717253914e-01       8.561314863174e+02 
       4.829060270452e-01       8.493383608187e+02 
       4.861403288869e-01       8.426564221019e+02 
       4.893746309128e-01       8.360907970996e+02 
       4.926089331192e-01       8.296513465032e+02 
       4.958432355026e-01       8.233392748826e+02 
       4.990775380596e-01       8.171514659469e+02 
       5.023118407868e-01       8.110822400693e+02 
       5.055461436808e-01       8.051205363562e+02 
       5.087804467386e-01       7.992579671275e+02 
       5.120147499570e-01       7.934852364353e+02 
       5.152490533330e-01       7.877941337244e+02 
       5.184833568635e-01       7.821815192131e+02 
       5.217176605458e-01       7.766377158311e+02 
       5.249519643770e-01       7.711608266063e+02 
       5.476348793461e-01       7.344221864011e+02 
       5.725395293017e-01       6.978035273274e+02 
       6.002548523258e-01       6.611210582055e+02 
       6.316457582038e-01       6.236332299834e+02 
       6.680464800812e-01       5.849628653922e+02 
       7.116440502390e-01       5.441353410307e+02 
       7.663006028257e-01       4.998752683409e+02 
       8.394537130639e-01       4.500778310519e+02 
       9.465642859357e-01       3.916437781367e+02 
       1.118170825732e+00       3.222214384705e+02 
       1.385766307016e+00       2.489884940243e+02 
       1.743101133047e+00       1.860341150711e+02 
       2.194413375422e+00       1.352885473365e+02 
       2.762602706951e+00       9.531602470460e+01 
       3.477910750453e+00       6.505468369576e+01 
       4.378430223698e+00       4.315587966151e+01 
       5.512117072381e+00       2.795884592407e+01 
       6.939344255204e+00       1.778348406483e+01 
       8.736116824065e+00       1.116574244079e+01 
       1.099811947022e+01       6.958489737889e+00 
       1.384581208301e+01       4.329168258242e+00 
