# Matter power spectrum P(k) at redshift z=0
# for k=1.05216e-05 to 13.9014 h/Mpc,
# number of wavenumbers equal to 548
#    1:k (h/Mpc)              2:P (Mpc/h)^3        
       1.052162017240e-05       5.170916654934e+01 
       2.350772107913e-05       1.118731710347e+02 
       3.654020024128e-05       1.708503926789e+02 
       4.965469873119e-05       2.293329082149e+02 
       6.288745637405e-05       2.877072693589e+02 
       7.627564016474e-05       3.462589005290e+02 
       8.985768334586e-05       4.052292031525e+02 
       1.036736397250e-04       4.648387933872e+02 
       1.177655578436e-04       5.252993766062e+02 
       1.321778796441e-04       5.868208466849e+02 
       1.469578682853e-04       6.496161855978e+02 
       1.621560696842e-04       7.139052173329e+02 
       1.778268121613e-04       7.799177979203e+02 
       1.940287481518e-04       8.478966798738e+02 
       2.108254412086e-04       9.181002746704e+02 
       2.282860003257e-04       9.908053213434e+02 
       2.464857617582e-04       1.066309592893e+03 
       2.655070157703e-04       1.144934595270e+03 
       2.854397717961e-04       1.227028251578e+03 
       3.063825500011e-04       1.312967530988e+03 
       3.284431797490e-04       1.403160954184e+03 
       3.517395755950e-04       1.498050788601e+03 
       3.764004487259e-04       1.598114793665e+03 
       4.025658960250e-04       1.703867276341e+03 
       4.303877902338e-04       1.815859093916e+03 
       4.600298737232e-04       1.934676231093e+03 
       4.916674368247e-04       2.060936510671e+03 
       5.254864425558e-04       2.195283883023e+03 
       5.616819476895e-04       2.338379740958e+03 
       6.004556721769e-04       2.490890857384e+03 
       6.420125931567e-04       2.653473462566e+03 
       6.865564946312e-04       2.826753522502e+03 
       7.342844955267e-04       3.011303452718e+03 
       7.853807074603e-04       3.207616092879e+03 
       8.400093291696e-04       3.416077599721e+03 
       8.983076443675e-04       3.636941036730e+03 
       9.603795189002e-04       3.870303393520e+03 
       1.026290051399e-03       4.116088586998e+03 
       1.096061986160e-03       4.374038534613e+03 
       1.169674336399e-03       4.643714241478e+03 
       1.247063410278e-03       4.924506893336e+03 
       1.328126131146e-03       5.215658317190e+03 
       1.412725263021e-03       5.516260969103e+03 
       1.500695952217e-03       5.825356095533e+03 
       1.591852910682e-03       6.141930316498e+03 
       1.685997597132e-03       6.464932146715e+03 
       1.782924870927e-03       6.793313621966e+03 
       1.882428759257e-03       7.126053607256e+03 
       1.984307149445e-03       7.462176174596e+03 
       2.088365365329e-03       7.800764074740e+03 
       2.194418694421e-03       8.140966731512e+03 
       2.302293998561e-03       8.482005427661e+03 
       2.411830570806e-03       8.823174414566e+03 
       2.522880404826e-03       9.163838897249e+03 
       2.635308029882e-03       9.503433136432e+03 
       2.748990042548e-03       9.841455083698e+03 
       2.863814441592e-03       1.017746351148e+04 
       2.979679848539e-03       1.051107064424e+04 
       3.096494675272e-03       1.084193898820e+04 
       3.214176282509e-03       1.116977515936e+04 
       3.332650158999e-03       1.149432637529e+04 
       3.451849140678e-03       1.181537514965e+04 
       3.571712681076e-03       1.213273232204e+04 
       3.692186178644e-03       1.244624195408e+04 
       3.813220362724e-03       1.275576895744e+04 
       3.934770737248e-03       1.306120398137e+04 
       4.056797079609e-03       1.336245160742e+04 
       4.179262991157e-03       1.365943774619e+04 
       4.302135495260e-03       1.395210306935e+04 
       4.425384678732e-03       1.424039848591e+04 
       4.548983372436e-03       1.452428924001e+04 
       4.672906867087e-03       1.480374676290e+04 
       4.797132660503e-03       1.507876086110e+04 
       4.921640232876e-03       1.534930716796e+04 
       5.046410846930e-03       1.561540922676e+04 
       5.171427370143e-03       1.587706119304e+04 
       5.296674116521e-03       1.607639875087e+04 
       5.422136705660e-03       1.632693493443e+04 
       5.547801937108e-03       1.657303589368e+04 
       5.673657678258e-03       1.681472060239e+04 
       5.799692764211e-03       1.705202034299e+04 
       5.925896908236e-03       1.728495538534e+04 
       6.052260621603e-03       1.751355976693e+04 
       6.178775141736e-03       1.773786961193e+04 
       6.305432367739e-03       1.795791285155e+04 
       6.432224802458e-03       1.817372357019e+04 
       6.559145500367e-03       1.838534357911e+04 
       6.686188020621e-03       1.859280418845e+04 
       6.813346384718e-03       1.879615115460e+04 
       6.940615038267e-03       1.899542367105e+04 
       7.067988816420e-03       1.919065653852e+04 
       7.195462912579e-03       1.938189373102e+04 
       7.323032850035e-03       1.956917632182e+04 
       7.450694456232e-03       1.975253944637e+04 
       7.578443839380e-03       1.993203186324e+04 
       7.706277367195e-03       2.010769496864e+04 
       7.834191647523e-03       2.027957652598e+04 
       7.962183510688e-03       2.044770116653e+04 
       8.090249993374e-03       2.061212652087e+04 
       8.218388323908e-03       2.077288823506e+04 
       8.346595908785e-03       2.093001440763e+04 
       8.474870320347e-03       2.108357564582e+04 
       8.603209285481e-03       2.123359969156e+04 
       8.731610675253e-03       2.138012312059e+04 
       8.860072495387e-03       2.152319284496e+04 
       8.988592877524e-03       2.166284038312e+04 
       9.117170071166e-03       2.179911608904e+04 
       9.245802436271e-03       2.193205548709e+04 
       9.374488436424e-03       2.206169995932e+04 
       9.503226632536e-03       2.218808936212e+04 
       9.632015677038e-03       2.231125880638e+04 
       9.760854308503e-03       2.243124589088e+04 
       9.889741346691e-03       2.254809642942e+04 
       1.001867568796e-02       2.266183218549e+04 
       1.014765630100e-02       2.277250394979e+04 
       1.027668222292e-02       2.288014568883e+04 
       1.040575255559e-02       2.298478806741e+04 
       1.053486646227e-02       2.308647706206e+04 
       1.066402316444e-02       2.318524067914e+04 
       1.079322193894e-02       2.328111640101e+04 
       1.092246211522e-02       2.337414173798e+04 
       1.105174307285e-02       2.346435256846e+04 
       1.118106423920e-02       2.355176588447e+04 
       1.131042508723e-02       2.363645152956e+04 
       1.143982513352e-02       2.371841733009e+04 
       1.156926393637e-02       2.379770833064e+04 
       1.169874109404e-02       2.387434365614e+04 
       1.182825624318e-02       2.394836793926e+04 
       1.195780905728e-02       2.401982522633e+04 
       1.208739924525e-02       2.408872865584e+04 
       1.221702655018e-02       2.415511568775e+04 
       1.234669074807e-02       2.421902286695e+04 
       1.247639164673e-02       2.428047124681e+04 
       1.260612908473e-02       2.433950664255e+04 
       1.273590293043e-02       2.439615289075e+04 
       1.286571308106e-02       2.445044191891e+04 
       1.299555946191e-02       2.450240460117e+04 
       1.312544202555e-02       2.455207401303e+04 
       1.325536075111e-02       2.459947003990e+04 
       1.338531564362e-02       2.464464749135e+04 
       1.351530673340e-02       2.468760476175e+04 
       1.364533407550e-02       2.472838695418e+04 
       1.377539774920e-02       2.476701783653e+04 
       1.390549785752e-02       2.480353014798e+04 
       1.403563452678e-02       2.483794505170e+04 
       1.416580790625e-02       2.487028808960e+04 
       1.429601816775e-02       2.490059349065e+04 
       1.442626550538e-02       2.492889054904e+04 
       1.455655013517e-02       2.495519009205e+04 
       1.468687229490e-02       2.497953486009e+04 
       1.481723224380e-02       2.500193457637e+04 
       1.494763026242e-02       2.502243215630e+04 
       1.507806665244e-02       2.504104783400e+04 
       1.520854173650e-02       2.505780446137e+04 
       1.533905585813e-02       2.507271534252e+04 
       1.546960938166e-02       2.508582833146e+04 
       1.560020269211e-02       2.509715534588e+04 
       1.573083619518e-02       2.510672048056e+04 
       1.586151031723e-02       2.511455922065e+04 
       1.599222550526e-02       2.512066898335e+04 
       1.612298222697e-02       2.512510223603e+04 
       1.625378097073e-02       2.512787926783e+04 
       1.638462224574e-02       2.512898885859e+04 
       1.651550658203e-02       2.512849115087e+04 
       1.664643453057e-02       2.512640396227e+04 
       1.677740666345e-02       2.512273684763e+04 
       1.690842357393e-02       2.511751708853e+04 
       1.703948587665e-02       2.511076702930e+04 
       1.717059420779e-02       2.510251737796e+04 
       1.730174922525e-02       2.509277319793e+04 
       1.743295160886e-02       2.508157784087e+04 
       1.756420206062e-02       2.506893553271e+04 
       1.769550130488e-02       2.505487231201e+04 
       1.782685008870e-02       2.503940316304e+04 
       1.795824918201e-02       2.502256155820e+04 
       1.808969937799e-02       2.500436396660e+04 
       1.822120149331e-02       2.498482723855e+04 
       1.835275636850e-02       2.496397590126e+04 
       1.848436486828e-02       2.494181621100e+04 
       1.861602788189e-02       2.491838625105e+04 
       1.874774632350e-02       2.489370224397e+04 
       1.887952113256e-02       2.486780098272e+04 
       1.901135327425e-02       2.484066579705e+04 
       1.914324373989e-02       2.481234434936e+04 
       1.927519354737e-02       2.478283106071e+04 
       1.940720374161e-02       2.475216837877e+04 
       1.953927539506e-02       2.472035831741e+04 
       1.967140960817e-02       2.468743339848e+04 
       1.980360750994e-02       2.465340614444e+04 
       1.993587025841e-02       2.461831600728e+04 
       2.006819904124e-02       2.458215688875e+04 
       2.020059507628e-02       2.454494297560e+04 
       2.033305961215e-02       2.450671144394e+04 
       2.046559392887e-02       2.446743808013e+04 
       2.059819933848e-02       2.442720429359e+04 
       2.073087718570e-02       2.438601761190e+04 
       2.086362884860e-02       2.434383717566e+04 
       2.099645573930e-02       2.430071254533e+04 
       2.112935930470e-02       2.425670225917e+04 
       2.126234102721e-02       2.421179484340e+04 
       2.139540242552e-02       2.416595800337e+04 
       2.152854505542e-02       2.411927627098e+04 
       2.166177051056e-02       2.407168425382e+04 
       2.179508042336e-02       2.402337493391e+04 
       2.192847646583e-02       2.397420764135e+04 
       2.206196035048e-02       2.392421211151e+04 
       2.219553383128e-02       2.387342307086e+04 
       2.232919870454e-02       2.382187115540e+04 
       2.246295680998e-02       2.376958259201e+04 
       2.259681003169e-02       2.371649705260e+04 
       2.273076029917e-02       2.366275855457e+04 
       2.286480958848e-02       2.360828183399e+04 
       2.299895992324e-02       2.355309866678e+04 
       2.313321337590e-02       2.349720232947e+04 
       2.326757206883e-02       2.344070014526e+04 
       2.340203817558e-02       2.338355236384e+04 
       2.353661392216e-02       2.332568912679e+04 
       2.367130158827e-02       2.326725246055e+04 
       2.380610350874e-02       2.320823315540e+04 
       2.394102207480e-02       2.314850951328e+04 
       2.407605973561e-02       2.308836358028e+04 
       2.421121899967e-02       2.302758084158e+04 
       2.434650243633e-02       2.296622564495e+04 
       2.448191267743e-02       2.290431562629e+04 
       2.461745241882e-02       2.284187854668e+04 
       2.475312442212e-02       2.277897081331e+04 
       2.488893151639e-02       2.271556527397e+04 
       2.502487659991e-02       2.265163911639e+04 
       2.516096264207e-02       2.258721327566e+04 
       2.529719268522e-02       2.252237715642e+04 
       2.543356984663e-02       2.245705422179e+04 
       2.557009732058e-02       2.239130164548e+04 
       2.570677838037e-02       2.232512682726e+04 
       2.584361638056e-02       2.225850387049e+04 
       2.598061475917e-02       2.219155188937e+04 
       2.611777704002e-02       2.212415170690e+04 
       2.625510683509e-02       2.205638092006e+04 
       2.639260784704e-02       2.198823449240e+04 
       2.653028387176e-02       2.191975849745e+04 
       2.666813880099e-02       2.185086177641e+04 
       2.680617662513e-02       2.178169722862e+04 
       2.694440143603e-02       2.171219856007e+04 
       2.708281742995e-02       2.164239362706e+04 
       2.722142891062e-02       2.157224268165e+04 
       2.736024029240e-02       2.150186301790e+04 
       2.749925610352e-02       2.143118888431e+04 
       2.763848098952e-02       2.136020047943e+04 
       2.777791971675e-02       2.128892251100e+04 
       2.791757717599e-02       2.121743725424e+04 
       2.805745838630e-02       2.114570636932e+04 
       2.819756849886e-02       2.107374165498e+04 
       2.833791280112e-02       2.100163218687e+04 
       2.847849672100e-02       2.092923361042e+04 
       2.861932583126e-02       2.085656073641e+04 
       2.876040585411e-02       2.078371299461e+04 
       2.890174266590e-02       2.071077301097e+04 
       2.904334230209e-02       2.063759191917e+04 
       2.918521096234e-02       2.056421545869e+04 
       2.932735501584e-02       2.049071246041e+04 
       2.946978100686e-02       2.041708289347e+04 
       2.961249566051e-02       2.034326948832e+04 
       2.975550588873e-02       2.026929348139e+04 
       2.989881879654e-02       2.019523660192e+04 
       3.004244168855e-02       2.012100688853e+04 
       3.018638207573e-02       2.004667424664e+04 
       3.033064768247e-02       1.997222761975e+04 
       3.047524645398e-02       1.989770852466e+04 
       3.062018656390e-02       1.982306491332e+04 
       3.076547642238e-02       1.974832097484e+04 
       3.091112468442e-02       1.967354879379e+04 
       3.105714025859e-02       1.959868064893e+04 
       3.120353231615e-02       1.952368788692e+04 
       3.135031030061e-02       1.944863782918e+04 
       3.149748393766e-02       1.937361287674e+04 
       3.164506324559e-02       1.929846742839e+04 
       3.179305854619e-02       1.922327888709e+04 
       3.194148047617e-02       1.914811039514e+04 
       3.209033999906e-02       1.907281533439e+04 
       3.223964841776e-02       1.899758206209e+04 
       3.238941738760e-02       1.892226669868e+04 
       3.253965893010e-02       1.884696358500e+04 
       3.269038544739e-02       1.877160090382e+04 
       3.284160973729e-02       1.869626211161e+04 
       3.299334500921e-02       1.862088288940e+04 
       3.314560490080e-02       1.854559095417e+04 
       3.329840349547e-02       1.847022997393e+04 
       3.345175534078e-02       1.839489148160e+04 
       3.360567546786e-02       1.831951794176e+04 
       3.376017941171e-02       1.824426753047e+04 
       3.391528323272e-02       1.816897870728e+04 
       3.407100353922e-02       1.809372480626e+04 
       3.422735751136e-02       1.801847730168e+04 
       3.438436292620e-02       1.794329522583e+04 
       3.454203818419e-02       1.786813944344e+04 
       3.470040233725e-02       1.779301033398e+04 
       3.485947511822e-02       1.771789710186e+04 
       3.501927697224e-02       1.764286418330e+04 
       3.517982908970e-02       1.756784409131e+04 
       3.534115344131e-02       1.749291241963e+04 
       3.550327281510e-02       1.741797544617e+04 
       3.566621085570e-02       1.734315904781e+04 
       3.582999210602e-02       1.726833742764e+04 
       3.599464205136e-02       1.719357489293e+04 
       3.616018716639e-02       1.711884690748e+04 
       3.632665496497e-02       1.704419719926e+04 
       3.649407405320e-02       1.696964435832e+04 
       3.666247418581e-02       1.689511097728e+04 
       3.683188632629e-02       1.682066746534e+04 
       3.700234271088e-02       1.674619081517e+04 
       3.717387691695e-02       1.667184960999e+04 
       3.734652393587e-02       1.659754290034e+04 
       3.752032025097e-02       1.652332048126e+04 
       3.769530392089e-02       1.644915007900e+04 
       3.787151466869e-02       1.637504899376e+04 
       3.804899397748e-02       1.630099033006e+04 
       3.822778519281e-02       1.622695965532e+04 
       3.840793363262e-02       1.615299673541e+04 
       3.858948670541e-02       1.607911957569e+04 
       3.877249403722e-02       1.600529836789e+04 
       3.895700760840e-02       1.593153183025e+04 
       3.914308190094e-02       1.585778570489e+04 
       3.933077405747e-02       1.578412380937e+04 
       3.952014405293e-02       1.571043465541e+04 
       3.971125488021e-02       1.563681243804e+04 
       3.990417275105e-02       1.556329048360e+04 
       4.009896731388e-02       1.548975140452e+04 
       4.029571189012e-02       1.541626267465e+04 
       4.049448373096e-02       1.534279833898e+04 
       4.069536429676e-02       1.526931470253e+04 
       4.089843956138e-02       1.519585774253e+04 
       4.110380034434e-02       1.512246644729e+04 
       4.131154267354e-02       1.504904443787e+04 
       4.152176818235e-02       1.497564207234e+04 
       4.173458454467e-02       1.490218282612e+04 
       4.195010595251e-02       1.482877042518e+04 
       4.216845364108e-02       1.475532140060e+04 
       4.238975646711e-02       1.468183275971e+04 
       4.261415154690e-02       1.460831748584e+04 
       4.284178496153e-02       1.453475803071e+04 
       4.307281253788e-02       1.446113981489e+04 
       4.330740071514e-02       1.438747833962e+04 
       4.354572750826e-02       1.431368970142e+04 
       4.378798358138e-02       1.423985436613e+04 
       4.403437344635e-02       1.416593505143e+04 
       4.428511680406e-02       1.409188795302e+04 
       4.454045004904e-02       1.401768254811e+04 
       4.480062796129e-02       1.394340865792e+04 
       4.506592561363e-02       1.386892646591e+04 
       4.533664052738e-02       1.379424913371e+04 
       4.561309511578e-02       1.371938294956e+04 
       4.589563946101e-02       1.364432896820e+04 
       4.618465448014e-02       1.356898872125e+04 
       4.648055554522e-02       1.349347936618e+04 
       4.678379663626e-02       1.341764103434e+04 
       4.709487512124e-02       1.334146712836e+04 
       4.741433727710e-02       1.326496438808e+04 
       4.774278468959e-02       1.318808922749e+04 
       4.808088169976e-02       1.311077395525e+04 
       4.842936410232e-02       1.303304714420e+04 
       4.878904934729e-02       1.295482772082e+04 
       4.916084855550e-02       1.287602012715e+04 
       4.954578073176e-02       1.279663990890e+04 
       4.994498965325e-02       1.271660482297e+04 
       5.035976402938e-02       1.263580791546e+04 
       5.079156168005e-02       1.255423206171e+04 
       5.124203867190e-02       1.247174510301e+04 
       5.171308459725e-02       1.238825561090e+04 
       5.220686549247e-02       1.230367405263e+04 
       5.272587628721e-02       1.221777794348e+04 
       5.327300517012e-02       1.213049035437e+04 
       5.385161286438e-02       1.204159183465e+04 
       5.446563052827e-02       1.195077678092e+04 
       5.511968080349e-02       1.185783511042e+04 
       5.581922732395e-02       1.176231450077e+04 
       5.657075852001e-02       1.166378185808e+04 
       5.738201125212e-02       1.156159714472e+04 
       5.826223754178e-02       1.145497009037e+04 
       5.922251120933e-02       1.134283569716e+04 
       6.027605646616e-02       1.122375273228e+04 
       6.143855042986e-02       1.109579432830e+04 
       6.272829571713e-02       1.095630872501e+04 
       6.416606666588e-02       1.080165226316e+04 
       6.577430483500e-02       1.062709530215e+04 
       6.757522617579e-02       1.042646053096e+04 
       6.958746293643e-02       1.019244337985e+04 
       7.182138353825e-02       9.917440590973e+03 
       7.427438163755e-02       9.595415104152e+03 
       7.692861429718e-02       9.224420959052e+03 
       7.975334167169e-02       8.808924740384e+03 
       8.271139746556e-02       8.360430962771e+03 
       8.576654114900e-02       7.895902374223e+03 
       8.888843439287e-02       7.434703296793e+03 
       9.205430585191e-02       6.995266369772e+03 
       9.524830915469e-02       6.592658517517e+03 
       9.845996023531e-02       6.237141387278e+03 
       1.016825458712e-01       5.933842832987e+03 
       1.049118553256e-01       5.683131881539e+03 
       1.081452811827e-01       5.481353826088e+03 
       1.113812214910e-01       5.321820419586e+03 
       1.146186966825e-01       5.195686700989e+03 
       1.178571094144e-01       5.092877492598e+03 
       1.210960959645e-01       5.003034131294e+03 
       1.243354349961e-01       4.916359594338e+03 
       1.275749918086e-01       4.824486090517e+03 
       1.308146843684e-01       4.721217973687e+03 
       1.340544626455e-01       4.603000261788e+03 
       1.372942960570e-01       4.469087759261e+03 
       1.405341658405e-01       4.321323942955e+03 
       1.437740604232e-01       4.163602797576e+03 
       1.470139726102e-01       4.001118379983e+03 
       1.502538978765e-01       3.839548914716e+03 
       1.534938333302e-01       3.684321867743e+03 
       1.567337770813e-01       3.540030803378e+03 
       1.599737278586e-01       3.410035516861e+03 
       1.632136847756e-01       3.296295727954e+03 
       1.664536471878e-01       3.199384673457e+03 
       1.696936146057e-01       3.118581731673e+03 
       1.729335866407e-01       3.052116920985e+03 
       1.761735629721e-01       2.997424525142e+03 
       1.794135433264e-01       2.951414951266e+03 
       1.826535274640e-01       2.910788578083e+03 
       1.858935151711e-01       2.872778681967e+03 
       1.891335062540e-01       2.834282845019e+03 
       1.923735005354e-01       2.792622612642e+03 
       1.956134978519e-01       2.746164554808e+03 
       1.988534980518e-01       2.694195824541e+03 
       2.020935009944e-01       2.636900033996e+03 
       2.053335065479e-01       2.575234506378e+03 
       2.085735145894e-01       2.510718435093e+03 
       2.118135250035e-01       2.445144885825e+03 
       2.150535376820e-01       2.380363764584e+03 
       2.182935525234e-01       2.318008629800e+03 
       2.215335694318e-01       2.259403493599e+03 
       2.247735883173e-01       2.205507312811e+03 
       2.280136090950e-01       2.156870906341e+03 
       2.312536316847e-01       2.113670113880e+03 
       2.344936560108e-01       2.075716009149e+03 
       2.377336820020e-01       2.042492660023e+03 
       2.409737095904e-01       2.013226103984e+03 
       2.442137387122e-01       1.986945734794e+03 
       2.474537693067e-01       1.962598848584e+03 
       2.506938013165e-01       1.939154239308e+03 
       2.539338346870e-01       1.915698095635e+03 
       2.571738693665e-01       1.891516204809e+03 
       2.604139053058e-01       1.866130524334e+03 
       2.636539424582e-01       1.839312792338e+03 
       2.668939807793e-01       1.811067460367e+03 
       2.701340202267e-01       1.781603326645e+03 
       2.733740607601e-01       1.751301847948e+03 
       2.766141023413e-01       1.720652201397e+03 
       2.798541449335e-01       1.690206980870e+03 
       2.830941885019e-01       1.660517032614e+03 
       2.863342330131e-01       1.632066794134e+03 
       2.895742784354e-01       1.605225222549e+03 
       2.928143247383e-01       1.580217604814e+03 
       2.960543718927e-01       1.557113777700e+03 
       2.992944198708e-01       1.535847865999e+03 
       3.025344686461e-01       1.516247276095e+03 
       3.057745181930e-01       1.498061919645e+03 
       3.090145684872e-01       1.480998511685e+03 
       3.122546195053e-01       1.464754783955e+03 
       3.154946712248e-01       1.449022811315e+03 
       3.187347236243e-01       1.433521942933e+03 
       3.219747766831e-01       1.418012473257e+03 
       3.252148303815e-01       1.402321524425e+03 
       3.284548847003e-01       1.386346415215e+03 
       3.316949396214e-01       1.370068712652e+03 
       3.349349951272e-01       1.353541887647e+03 
       3.381750512007e-01       1.336874329304e+03 
       3.414151078258e-01       1.320213188287e+03 
       3.446551649869e-01       1.303708642096e+03 
       3.478952226688e-01       1.287513315670e+03 
       3.511352808571e-01       1.271752144749e+03 
       3.543753395378e-01       1.256534096965e+03 
       3.576153986975e-01       1.241934270716e+03 
       3.608554583233e-01       1.227998006613e+03 
       3.640955184026e-01       1.214731295598e+03 
       3.673355789234e-01       1.202103602098e+03 
       3.705756398740e-01       1.190050149392e+03 
       3.738157012433e-01       1.178481639380e+03 
       3.770557630203e-01       1.167293873543e+03 
       3.802958251947e-01       1.156384880538e+03 
       3.835358877563e-01       1.145665921208e+03 
       3.867759506953e-01       1.135067182276e+03 
       3.900160140023e-01       1.124538230485e+03 
       3.932560776682e-01       1.114050098843e+03 
       3.964961416841e-01       1.103588348286e+03 
       3.997362060415e-01       1.093155786820e+03 
       4.029762707321e-01       1.082766901183e+03 
       4.062163357479e-01       1.072449668124e+03 
       4.094564010812e-01       1.062240002711e+03 
       4.126964667244e-01       1.052180893347e+03 
       4.159365326703e-01       1.042312271590e+03 
       4.191765989118e-01       1.032667964115e+03 
       4.224166654421e-01       1.023265684795e+03 
       4.256567322546e-01       1.014119897514e+03 
       4.288967993429e-01       1.005226103694e+03 
       4.321368667007e-01       9.965786404057e+02 
       4.353769343220e-01       9.881634959600e+02 
       4.386170022010e-01       9.799662192763e+02 
       4.418570703319e-01       9.719697514084e+02 
       4.450971387092e-01       9.641504118576e+02 
       4.483372073276e-01       9.564853301529e+02 
       4.515772761818e-01       9.489469939255e+02 
       4.548173452669e-01       9.415106156648e+02 
       4.580574145778e-01       9.341577614372e+02 
       4.612974841099e-01       9.268784626594e+02 
       4.645375538584e-01       9.196649800046e+02 
       4.677776238188e-01       9.125217379216e+02 
       4.710176939868e-01       9.054492054636e+02 
       4.742577643582e-01       8.984582234616e+02 
       4.774978349286e-01       8.915508239766e+02 
       4.807379056942e-01       8.847351402369e+02 
       4.839779766509e-01       8.780221230210e+02 
       4.872180477950e-01       8.714181651058e+02 
       4.904581191227e-01       8.649348887529e+02 
       4.936981906303e-01       8.585776810317e+02 
       4.969382623145e-01       8.523472727190e+02 
       5.001783341717e-01       8.462426039252e+02 
       5.034184061985e-01       8.402556075006e+02 
       5.066584783917e-01       8.343778233050e+02 
       5.098985507482e-01       8.285978774154e+02 
       5.131386232647e-01       8.229065854073e+02 
       5.163786959384e-01       8.172987465242e+02 
       5.196187687662e-01       8.117653372494e+02 
       5.228588417453e-01       8.063027971484e+02 
       5.260989148729e-01       8.009031781441e+02 
       5.488415966697e-01       7.646634268921e+02 
       5.738147365394e-01       7.285575398433e+02 
       6.016103987712e-01       6.923768723806e+02 
       6.330984571748e-01       6.553422367945e+02 
       6.696215108184e-01       6.170311641031e+02 
       7.133817401109e-01       5.763719546174e+02 
       7.682711019258e-01       5.319118747298e+02 
       8.417910505529e-01       4.811781810554e+02 
       9.495424846739e-01       4.202879482472e+02 
       1.122274439640e+00       3.455792222025e+02 
       1.391291207044e+00       2.643940491425e+02 
       1.750103138830e+00       1.943413691792e+02 
       2.203229341536e+00       1.391522152216e+02 
       2.773701354201e+00       9.692031967172e+01 
       3.491883119514e+00       6.565231606086e+01 
       4.396020394171e+00       4.334430669666e+01 
       5.534261784987e+00       2.799569360315e+01 
       6.967222796641e+00       1.777238187335e+01 
       8.771213828324e+00       1.114511292159e+01 
       1.104230398076e+01       6.940588233127e+00 
       1.390143708613e+01       4.316509105842e+00 
