# Matter power spectrum P(k) at redshift z=0
# for k=1.05231e-05 to 14.3831 h/Mpc,
# number of wavenumbers equal to 549
#    1:k (h/Mpc)              2:P (Mpc/h)^3        
       1.052307992603e-05       5.168609784818e+01 
       2.350928656847e-05       1.118155046050e+02 
       3.654187632612e-05       1.707589394962e+02 
       4.965649116657e-05       2.292080170570e+02 
       6.288937186834e-05       2.875490567521e+02 
       7.627768645169e-05       3.460673225288e+02 
       8.985986927173e-05       4.050040821920e+02 
       1.036759753520e-04       4.645798312082e+02 
       1.177680545712e-04       5.250061617121e+02 
       1.321805503505e-04       5.864928597406e+02 
       1.469607274903e-04       6.492527955666e+02 
       1.621591337361e-04       7.135056846915e+02 
       1.778300994515e-04       7.794812653070e+02 
       1.940322793574e-04       8.474221742082e+02 
       2.108292395676e-04       9.175866943843e+02 
       2.282900919462e-04       9.902514368090e+02 
       2.464901759639e-04       1.065714036221e+03 
       2.655117854830e-04       1.144295848667e+03 
       2.854449339557e-04       1.226344644212e+03 
       3.063881460194e-04       1.312237232474e+03 
       3.284492559931e-04       1.402381958584e+03 
       3.517461838892e-04       1.497220906778e+03 
       3.764076468576e-04       1.597231658111e+03 
       4.025737482302e-04       1.702928320523e+03 
       4.303963676300e-04       1.814861560403e+03 
       4.600392546457e-04       1.933617166542e+03 
       4.916777070097e-04       2.059812785935e+03 
       5.254976951026e-04       2.194092181283e+03 
       5.616942827233e-04       2.337116610019e+03 
       6.004691961299e-04       2.489552720505e+03 
       6.420274175905e-04       2.652056675764e+03 
       6.865727345437e-04       2.825254442180e+03 
       7.343022671244e-04       3.009718478064e+03 
       7.854001254325e-04       3.205941788134e+03 
       8.400305035752e-04       3.414310771601e+03 
       8.983306773208e-04       3.635078847412e+03 
       9.604045013120e-04       3.868343468376e+03 
       1.026317060065e-03       4.114029096970e+03 
       1.096091081482e-03       4.371878296532e+03 
       1.169705560973e-03       4.641452734118e+03 
       1.247096788470e-03       4.922144286188e+03 
       1.328161669658e-03       5.213195425649e+03 
       1.412762952335e-03       5.513699158408e+03 
       1.500735768693e-03       5.822697155148e+03 
       1.591894819068e-03       6.139176268121e+03 
       1.686041553221e-03       6.462085022504e+03 
       1.782970824143e-03       6.790375254368e+03 
       1.882476655011e-03       7.123025413503e+03 
       1.984356931161e-03       7.459058920598e+03 
       2.088416976096e-03       7.797557710756e+03 
       2.194472078277e-03       8.137670210338e+03 
       2.302349101434e-03       8.478616596814e+03 
       2.411887341163e-03       8.819689964010e+03 
       2.522938794081e-03       9.160254400361e+03 
       2.635367992614e-03       9.499743009097e+03 
       2.749051536574e-03       9.837652450429e+03 
       2.863877427937e-03       1.017354077735e+04 
       2.979744291332e-03       1.050701928575e+04 
       3.096560541597e-03       1.083774976891e+04 
       3.214243542223e-03       1.116543826806e+04 
       3.332718784543e-03       1.148983169111e+04 
       3.451919106875e-03       1.181071230014e+04 
       3.571783964940e-03       1.212789076199e+04 
       3.692258759192e-03       1.244121107882e+04 
       3.813294220798e-03       1.275053826693e+04 
       3.934845855349e-03       1.305576316710e+04 
       4.056873441748e-03       1.335679065094e+04 
       4.179340582711e-03       1.365354689983e+04 
       4.302214302846e-03       1.394597295461e+04 
       4.425464690089e-03       1.423402045521e+04 
       4.549064576322e-03       1.451765478352e+04 
       4.672989253182e-03       1.479684795861e+04 
       4.797216219326e-03       1.507159038536e+04 
       4.921724955704e-03       1.534185822151e+04 
       5.046496725730e-03       1.560767525311e+04 
       5.171514397510e-03       1.586903653681e+04 
       5.296762285620e-03       1.612594893093e+04 
       5.422226010176e-03       1.637842853801e+04 
       5.547892371199e-03       1.662649105956e+04 
       5.673749236516e-03       1.687015524948e+04 
       5.799785441624e-03       1.710945141099e+04 
       5.925990700152e-03       1.734439890333e+04 
       6.052355523702e-03       1.757503097258e+04 
       6.178871150004e-03       1.780138232781e+04 
       6.305529478439e-03       1.802348160410e+04 
       6.432323012111e-03       1.824136016860e+04 
       6.559244805729e-03       1.845506002036e+04 
       6.686288418667e-03       1.866461050416e+04 
       6.813447872624e-03       1.887005770436e+04 
       6.940717613396e-03       1.907143834551e+04 
       7.068092476304e-03       1.926878691337e+04 
       7.195567654911e-03       1.946214606445e+04 
       7.323138672656e-03       1.965155578407e+04 
       7.450801357118e-03       1.983705005904e+04 
       7.578551816638e-03       2.001867643718e+04 
       7.706386419048e-03       2.019647551432e+04 
       7.834301772304e-03       2.037049314349e+04 
       7.962294706835e-03       2.054075365830e+04 
       8.090362259420e-03       2.070731352452e+04 
       8.218501658476e-03       2.087020719115e+04 
       8.346710310583e-03       2.102946176794e+04 
       8.474985788163e-03       2.118514747591e+04 
       8.603325818174e-03       2.133729083406e+04 
       8.731728271753e-03       2.148592787758e+04 
       8.860191154691e-03       2.163110467651e+04 
       8.988712598689e-03       2.177285214922e+04 
       9.117290853307e-03       2.191121995598e+04 
       9.245924278559e-03       2.204624338445e+04 
       9.374611338080e-03       2.217796303605e+04 
       9.503350592832e-03       2.230641794653e+04 
       9.632140695290e-03       2.243164300415e+04 
       9.760980384074e-03       2.255367524718e+04 
       9.889868478984e-03       2.267255985066e+04 
       1.001880387641e-02       2.278831799021e+04 
       1.014778554510e-02       2.290099951190e+04 
       1.027681252218e-02       2.301063810090e+04 
       1.040588390957e-02       2.311726369327e+04 
       1.053499887054e-02       2.322092118143e+04 
       1.066415662662e-02       2.332163819129e+04 
       1.079335645468e-02       2.341945092021e+04 
       1.092259768418e-02       2.351439648929e+04 
       1.105187969475e-02       2.360650972780e+04 
       1.118120191375e-02       2.369580671889e+04 
       1.131056381419e-02       2.378235646116e+04 
       1.143996491267e-02       2.386616604514e+04 
       1.156940476750e-02       2.394727996908e+04 
       1.169888297699e-02       2.402571623669e+04 
       1.182839917779e-02       2.410151812336e+04 
       1.195795304341e-02       2.417472948304e+04 
       1.208754428279e-02       2.424536416891e+04 
       1.221717263905e-02       2.431345673214e+04 
       1.234683788819e-02       2.437904463882e+04 
       1.247653983805e-02       2.444214785026e+04 
       1.260627832722e-02       2.450280871912e+04 
       1.273605322406e-02       2.456106007082e+04 
       1.286586442584e-02       2.461692495746e+04 
       1.299571185787e-02       2.467043650024e+04 
       1.312559547272e-02       2.472162717705e+04 
       1.325551524954e-02       2.477051781755e+04 
       1.338547119338e-02       2.481715630759e+04 
       1.351546333457e-02       2.486155587641e+04 
       1.364549172819e-02       2.490375814857e+04 
       1.377555645352e-02       2.494376788032e+04 
       1.390565761360e-02       2.498163782276e+04 
       1.403579533478e-02       2.501738081858e+04 
       1.416596976633e-02       2.505102652288e+04 
       1.429618108009e-02       2.508260431085e+04 
       1.442642947017e-02       2.511214970589e+04 
       1.455671515262e-02       2.513966869717e+04 
       1.468703836523e-02       2.516520351651e+04 
       1.481739936725e-02       2.518877016606e+04 
       1.494779843925e-02       2.521040682284e+04 
       1.507823588290e-02       2.523012949293e+04 
       1.520871202088e-02       2.524796804759e+04 
       1.533922719674e-02       2.526393366633e+04 
       1.546978177479e-02       2.527806886156e+04 
       1.560037614010e-02       2.529039954220e+04 
       1.573101069836e-02       2.530093368009e+04 
       1.586168587596e-02       2.530971829260e+04 
       1.599240211991e-02       2.531674363685e+04 
       1.612315989792e-02       2.532206455524e+04 
       1.625395969839e-02       2.532570060447e+04 
       1.638480203052e-02       2.532764251930e+04 
       1.651568742435e-02       2.532794858124e+04 
       1.664661643089e-02       2.532663814874e+04 
       1.677758962222e-02       2.532371427007e+04 
       1.690860759163e-02       2.531921814663e+04 
       1.703967095378e-02       2.531316106335e+04 
       1.717078034485e-02       2.530557887373e+04 
       1.730193642276e-02       2.529646873683e+04 
       1.743313986737e-02       2.528588204451e+04 
       1.756439138068e-02       2.527382225804e+04 
       1.769569168707e-02       2.526031068392e+04 
       1.782704153360e-02       2.524537086244e+04 
       1.795844169024e-02       2.522902853951e+04 
       1.808989295016e-02       2.521130350012e+04 
       1.822139613007e-02       2.519220983893e+04 
       1.835295207051e-02       2.517177680210e+04 
       1.848456163622e-02       2.515000679780e+04 
       1.861622571645e-02       2.512694132174e+04 
       1.874794522540e-02       2.510260194819e+04 
       1.887972110253e-02       2.507699707530e+04 
       1.901155431306e-02       2.505014316468e+04 
       1.914344584830e-02       2.502207790479e+04 
       1.927539672617e-02       2.499278497048e+04 
       1.940740799162e-02       2.496232803330e+04 
       1.953948071711e-02       2.493069144693e+04 
       1.967161600312e-02       2.489790895368e+04 
       1.980381497867e-02       2.486400259656e+04 
       1.993607880181e-02       2.482900394016e+04 
       2.006840866024e-02       2.479290961875e+04 
       2.020080577182e-02       2.475573678427e+04 
       2.033327138520e-02       2.471751386495e+04 
       2.046580678042e-02       2.467822963833e+04 
       2.059841326955e-02       2.463794910794e+04 
       2.073109219733e-02       2.459669774879e+04 
       2.086384494185e-02       2.455442387977e+04 
       2.099667291526e-02       2.451117953022e+04 
       2.112957756449e-02       2.446702862130e+04 
       2.126256037197e-02       2.442195215124e+04 
       2.139562285643e-02       2.437591995728e+04 
       2.152876657367e-02       2.432903345669e+04 
       2.166199311739e-02       2.428118557501e+04 
       2.179530412002e-02       2.423260951176e+04 
       2.192870125360e-02       2.418315084721e+04 
       2.206218623069e-02       2.413284162710e+04 
       2.219576080526e-02       2.408171483403e+04 
       2.232942677369e-02       2.402980567560e+04 
       2.246318597570e-02       2.397715136266e+04 
       2.259704029542e-02       2.392367671774e+04 
       2.273099166241e-02       2.386948365336e+04 
       2.286504205272e-02       2.381456173052e+04 
       2.299919349005e-02       2.375893166660e+04 
       2.313344804685e-02       2.370252789887e+04 
       2.326780784555e-02       2.364555078962e+04 
       2.340227505974e-02       2.358786404356e+04 
       2.353685191545e-02       2.352941665994e+04 
       2.367154069244e-02       2.347045881126e+04 
       2.380634372555e-02       2.341083630950e+04 
       2.394126340609e-02       2.335056407200e+04 
       2.407630218325e-02       2.328975898882e+04 
       2.421146256555e-02       2.322832082654e+04 
       2.434674712243e-02       2.316631902272e+04 
       2.448215848573e-02       2.310375290184e+04 
       2.461769935138e-02       2.304061176416e+04 
       2.475337248103e-02       2.297702060111e+04 
       2.488918070379e-02       2.291287105830e+04 
       2.502512691801e-02       2.284818437737e+04 
       2.516121409311e-02       2.278296610864e+04 
       2.529744527150e-02       2.271742011661e+04 
       2.543382357052e-02       2.265133892974e+04 
       2.557035218448e-02       2.258475424254e+04 
       2.570703438675e-02       2.251776097308e+04 
       2.584387353196e-02       2.245030323182e+04 
       2.598087305817e-02       2.238250089801e+04 
       2.611803648928e-02       2.231423563871e+04 
       2.625536743732e-02       2.224558237521e+04 
       2.639286960503e-02       2.217653989596e+04 
       2.653054678835e-02       2.210715159334e+04 
       2.666840287910e-02       2.203730819492e+04 
       2.680644186775e-02       2.196722175067e+04 
       2.694466784622e-02       2.189676848226e+04 
       2.708308501085e-02       2.182599389234e+04 
       2.722169766545e-02       2.175486213687e+04 
       2.736051022444e-02       2.168348137776e+04 
       2.749952721615e-02       2.161179597410e+04 
       2.763875328620e-02       2.153978242463e+04 
       2.777819320101e-02       2.146746371623e+04 
       2.791785185148e-02       2.139492395495e+04 
       2.805773425673e-02       2.132213397874e+04 
       2.819784556805e-02       2.124909933302e+04 
       2.833819107298e-02       2.117589175997e+04 
       2.847877619954e-02       2.110233774905e+04 
       2.861960652060e-02       2.102860840217e+04 
       2.876068775845e-02       2.095469804222e+04 
       2.890202578958e-02       2.088055321443e+04 
       2.904362664954e-02       2.080622352686e+04 
       2.918549653811e-02       2.073168637741e+04 
       2.932764182460e-02       2.065701246254e+04 
       2.947006905339e-02       2.058216026795e+04 
       2.961278494973e-02       2.050719481388e+04 
       2.975579642569e-02       2.043200585652e+04 
       2.989911058640e-02       2.035674631652e+04 
       3.004273473663e-02       2.028129260838e+04 
       3.018667638749e-02       2.020574375335e+04 
       3.033094326351e-02       2.013003691888e+04 
       3.047554331004e-02       2.005426389648e+04 
       3.062048470090e-02       1.997835733369e+04 
       3.076577584638e-02       1.990234354404e+04 
       3.091142540165e-02       1.982626529260e+04 
       3.105744227546e-02       1.975012912547e+04 
       3.120383563924e-02       1.967382082814e+04 
       3.135061493668e-02       1.959748599343e+04 
       3.149778989366e-02       1.952112090683e+04 
       3.164537052867e-02       1.944463697992e+04 
       3.179336716370e-02       1.936814240478e+04 
       3.194179043567e-02       1.929160192369e+04 
       3.209065130833e-02       1.921496923493e+04 
       3.223996108480e-02       1.913836164097e+04 
       3.238973142064e-02       1.906164093072e+04 
       3.253997433762e-02       1.898495576866e+04 
       3.269070223811e-02       1.890827528906e+04 
       3.284192792019e-02       1.883148528904e+04 
       3.299366459354e-02       1.875474369214e+04 
       3.314592589609e-02       1.867796391219e+04 
       3.329872591153e-02       1.860117299385e+04 
       3.345207918774e-02       1.852443385131e+04 
       3.360600075613e-02       1.844762162951e+04 
       3.376050615205e-02       1.837086960734e+04 
       3.391561143622e-02       1.829412569011e+04 
       3.407133321732e-02       1.821737551787e+04 
       3.422768867586e-02       1.814062328870e+04 
       3.438469558927e-02       1.806396257793e+04 
       3.454237235841e-02       1.798726872258e+04 
       3.470073803560e-02       1.791066483358e+04 
       3.485981235412e-02       1.783400558397e+04 
       3.501961575954e-02       1.775741517253e+04 
       3.518016944272e-02       1.768085897117e+04 
       3.534149537486e-02       1.760436145328e+04 
       3.550361634448e-02       1.752786272000e+04 
       3.566655599678e-02       1.745141556158e+04 
       3.583033887517e-02       1.737501485680e+04 
       3.599499046556e-02       1.729865579218e+04 
       3.616053724321e-02       1.722234388404e+04 
       3.632700672263e-02       1.714609096608e+04 
       3.649442751056e-02       1.706988329762e+04 
       3.666282936245e-02       1.699374475323e+04 
       3.683224324250e-02       1.691759255967e+04 
       3.700270138772e-02       1.684145627343e+04 
       3.717423737628e-02       1.676543740253e+04 
       3.734688620039e-02       1.668939348521e+04 
       3.752068434428e-02       1.661349519206e+04 
       3.769566986750e-02       1.653759101514e+04 
       3.787188249412e-02       1.646178226030e+04 
       3.804936370825e-02       1.638594537465e+04 
       3.822815685655e-02       1.631014903967e+04 
       3.840830725811e-02       1.623440518581e+04 
       3.858986232264e-02       1.615872702240e+04 
       3.877287167746e-02       1.608309245013e+04 
       3.895738730427e-02       1.600749541924e+04 
       3.914346368651e-02       1.593190875096e+04 
       3.933115796833e-02       1.585636068930e+04 
       3.952053012629e-02       1.578079338985e+04 
       3.971164315496e-02       1.570529980439e+04 
       3.990456326794e-02       1.562981856157e+04 
       4.009936011558e-02       1.555432971411e+04 
       4.029610702135e-02       1.547887573360e+04 
       4.049488123865e-02       1.540341633866e+04 
       4.069576423016e-02       1.532791441257e+04 
       4.089884197228e-02       1.525243731511e+04 
       4.110420528716e-02       1.517699513684e+04 
       4.131195020560e-02       1.510146106075e+04 
       4.152217836403e-02       1.502591368137e+04 
       4.173499743965e-02       1.495033303551e+04 
       4.195052162800e-02       1.487481334310e+04 
       4.216887216811e-02       1.479911820071e+04 
       4.239017792083e-02       1.472337942826e+04 
       4.261457600688e-02       1.464759037260e+04 
       4.284221251215e-02       1.457171783836e+04 
       4.307324326871e-02       1.449575150167e+04 
       4.330783472138e-02       1.441969745845e+04 
       4.354616489125e-02       1.434351165048e+04 
       4.378842444910e-02       1.426718715610e+04 
       4.403481791405e-02       1.419072325339e+04 
       4.428556499495e-02       1.411408907164e+04 
       4.454090209500e-02       1.403728073733e+04 
       4.480108400377e-02       1.396030538443e+04 
       4.506638580453e-02       1.388311338581e+04 
       4.533710503020e-02       1.380563585161e+04 
       4.561356410676e-02       1.372789368524e+04 
       4.589611313055e-02       1.364991476611e+04 
       4.618513303435e-02       1.357159291448e+04 
       4.648103920770e-02       1.349298954594e+04 
       4.678428565013e-02       1.341396412202e+04 
       4.709536975151e-02       1.333448511113e+04 
       4.741483781334e-02       1.325463172304e+04 
       4.774329144907e-02       1.317428036636e+04 
       4.808139503110e-02       1.309339539872e+04 
       4.842988438966e-02       1.301193011865e+04 
       4.878957701532e-02       1.292987281694e+04 
       4.916138407525e-02       1.284704678271e+04 
       4.954632462747e-02       1.276349113931e+04 
       4.994554251055e-02       1.267914275470e+04 
       5.036032650505e-02       1.259379132765e+04 
       5.079213451365e-02       1.250748613602e+04 
       5.124262269982e-02       1.242002073387e+04 
       5.171368076971e-02       1.233130955611e+04 
       5.220747489414e-02       1.224118691062e+04 
       5.272650016244e-02       1.214944141000e+04 
       5.327364495382e-02       1.205594053739e+04 
       5.385227022005e-02       1.196041851730e+04 
       5.446630739488e-02       1.186253664862e+04 
       5.512037945334e-02       1.176197079978e+04 
       5.581995043390e-02       1.165824429985e+04 
       5.657150925876e-02       1.155080395660e+04 
       5.738279338558e-02       1.143894784340e+04 
       5.826305555743e-02       1.132172397224e+04 
       5.922337045636e-02       1.119794125270e+04 
       6.027696330005e-02       1.106599345977e+04 
       6.143951233362e-02       1.092378354024e+04 
       6.272932134233e-02       1.076846141908e+04 
       6.416716569079e-02       1.059622914419e+04 
       6.577548748205e-02       1.040229096529e+04 
       6.757650220135e-02       1.018044650375e+04 
       6.958883999577e-02       9.923673532790e+03 
       7.182286515849e-02       9.624965123551e+03 
       7.427596557375e-02       9.279205462058e+03 
       7.693029234798e-02       8.885595973244e+03 
       7.975510143884e-02       8.449642371859e+03 
       8.271322525573e-02       7.983472435827e+03 
       8.576842453405e-02       7.504052209221e+03 
       8.889036352908e-02       7.030191388302e+03 
       9.205627364295e-02       6.579460272482e+03 
       9.525031079780e-02       6.165955715328e+03 
       9.846199261081e-02       5.799143959116e+03 
       1.016846070048e-01       5.483565451038e+03 
       1.049139439880e-01       5.219252031123e+03 
       1.081473966160e-01       5.002400517534e+03 
       1.113833632310e-01       4.826419106415e+03 
       1.146208644456e-01       4.682718747039e+03 
       1.178593030277e-01       4.561710695540e+03 
       1.210983153228e-01       4.453656066303e+03 
       1.243376800354e-01       4.349523385335e+03 
       1.275772624899e-01       4.241753835957e+03 
       1.308169806678e-01       4.124875734171e+03 
       1.340567845485e-01       3.995848834483e+03 
       1.372966435546e-01       3.854135631890e+03 
       1.405365389272e-01       3.701454743461e+03 
       1.437764590955e-01       3.541274083712e+03 
       1.470163968659e-01       3.378150820568e+03 
       1.502563477143e-01       3.217040478980e+03 
       1.534963087491e-01       3.062670827956e+03 
       1.567362780807e-01       2.919024516753e+03 
       1.599762544381e-01       2.789030953792e+03 
       1.632162369348e-01       2.674374562214e+03 
       1.664562249266e-01       2.575495899572e+03 
       1.696962179237e-01       2.491692567776e+03 
       1.729362155378e-01       2.421307701529e+03 
       1.761762174482e-01       2.361966990573e+03 
       1.794162233813e-01       2.310866744194e+03 
       1.826562330976e-01       2.265016338639e+03 
       1.858962463833e-01       2.221932530234e+03 
       1.891362630448e-01       2.178879511122e+03 
       1.923762829046e-01       2.133503079303e+03 
       1.956163057993e-01       2.084403821798e+03 
       1.988563315776e-01       2.030962749989e+03 
       2.020963600983e-01       1.973339166426e+03 
       2.053363912299e-01       1.912351811166e+03 
       2.085764248495e-01       1.849293595437e+03 
       2.118164608416e-01       1.785695790612e+03 
       2.150564990980e-01       1.723126594574e+03 
       2.182965395172e-01       1.662983425310e+03 
       2.215365820035e-01       1.606418502603e+03 
       2.247766264667e-01       1.554245710539e+03 
       2.280166728221e-01       1.506955048699e+03 
       2.312567209895e-01       1.464686842995e+03 
       2.344967708933e-01       1.427269078717e+03 
       2.377368224620e-01       1.394246021279e+03 
       2.409768756280e-01       1.364916544907e+03 
       2.442169303273e-01       1.338421133487e+03 
       2.474569864993e-01       1.313823103911e+03 
       2.506970440865e-01       1.290204328877e+03 
       2.539371030344e-01       1.266760319512e+03 
       2.571771632913e-01       1.242855515235e+03 
       2.604172248080e-01       1.218066775702e+03 
       2.636572875377e-01       1.192184717954e+03 
       2.668973514361e-01       1.165206031253e+03 
       2.701374164608e-01       1.137301966019e+03 
       2.733774825715e-01       1.108789795431e+03 
       2.766175497299e-01       1.080089292955e+03 
       2.798576178993e-01       1.051676744540e+03 
       2.830976870449e-01       1.024026355445e+03 
       2.863377571333e-01       9.975649706239e+02 
       2.895778281327e-01       9.726176982939e+02 
       2.928179000127e-01       9.493813528715e+02 
       2.960579727442e-01       9.279239217815e+02 
       2.992980462995e-01       9.081882319636e+02 
       3.025381206518e-01       8.900187971231e+02 
       3.057781957758e-01       8.731942758571e+02 
       3.090182716471e-01       8.574520166829e+02 
       3.122583482422e-01       8.425165432364e+02 
       3.154984255387e-01       8.281114512477e+02 
       3.187385035152e-01       8.139809072682e+02 
       3.219785821510e-01       7.999072423046e+02 
       3.252186614264e-01       7.857291943997e+02 
       3.284587413222e-01       7.713493142158e+02 
       3.316988218202e-01       7.567457601755e+02 
       3.349389029029e-01       7.419610349171e+02 
       3.381789845534e-01       7.270906386339e+02 
       3.414190667555e-01       7.122571004979e+02 
       3.446591494934e-01       6.976014617240e+02 
       3.478992327522e-01       6.832530937767e+02 
       3.511393165174e-01       6.693311062097e+02 
       3.543794007750e-01       6.559300661736e+02 
       3.576194855116e-01       6.431219894992e+02 
       3.608595707143e-01       6.309482839945e+02 
       3.640996563704e-01       6.194154561811e+02 
       3.673397424680e-01       6.085036735906e+02 
       3.705798289955e-01       5.981464922250e+02 
       3.738199159416e-01       5.882625614566e+02 
       3.770600032955e-01       5.787561623943e+02 
       3.803000910467e-01       5.695313356363e+02 
       3.835401791851e-01       5.605023594484e+02 
       3.867802677009e-01       5.516042944297e+02 
       3.900203565848e-01       5.427871707801e+02 
       3.932604458274e-01       5.340213167246e+02 
       3.965005354201e-01       5.252918400769e+02 
       3.997406253543e-01       5.165989201773e+02 
       4.029807156217e-01       5.079539940445e+02 
       4.062208062143e-01       4.993833391713e+02 
       4.094608971243e-01       4.909188222362e+02 
       4.127009883443e-01       4.826013796722e+02 
       4.159410798669e-01       4.744698456585e+02 
       4.191811716852e-01       4.665543818540e+02 
       4.224212637922e-01       4.588772841059e+02 
       4.256613561815e-01       4.514470820725e+02 
       4.289014488465e-01       4.442646931546e+02 
       4.321415417811e-01       4.373230009596e+02 
       4.353816349791e-01       4.306105959139e+02 
       4.386217284348e-01       4.241114923778e+02 
       4.418618221424e-01       4.178111568988e+02 
       4.451019160964e-01       4.116868603222e+02 
       4.483420102915e-01       4.057134872146e+02 
       4.515821047225e-01       3.998635754695e+02 
       4.548221993842e-01       3.941149460483e+02 
       4.580622942719e-01       3.884464245760e+02 
       4.613023893806e-01       3.828453489981e+02 
       4.645424847058e-01       3.773084260225e+02 
       4.677825802430e-01       3.718330615168e+02 
       4.710226759877e-01       3.664273427386e+02 
       4.742627719357e-01       3.610934244106e+02 
       4.775028680828e-01       3.558396410161e+02 
       4.807429644250e-01       3.506718269048e+02 
       4.839830609584e-01       3.455985133685e+02 
       4.872231576792e-01       3.406320662935e+02 
       4.904632545835e-01       3.357800762645e+02 
       4.937033516679e-01       3.310510773826e+02 
       4.969434489287e-01       3.264479417875e+02 
       5.001835463625e-01       3.219656822517e+02 
       5.034236439660e-01       3.176005609615e+02 
       5.066637417359e-01       3.133396742897e+02 
       5.099038396690e-01       3.091751359737e+02 
       5.131439377622e-01       3.050965687564e+02 
       5.163840360125e-01       3.010953773856e+02 
       5.196241344170e-01       2.971645589616e+02 
       5.228642329727e-01       2.932987346409e+02 
       5.261043316769e-01       2.894936746393e+02 
       5.293444305268e-01       2.857403022538e+02 
       5.523874515243e-01       2.605878869978e+02 
       5.777357572090e-01       2.364751536520e+02 
       6.060143806219e-01       2.132232981603e+02 
       6.381477736957e-01       1.903717439844e+02 
       6.755745305245e-01       1.679414626834e+02 
       7.206783178590e-01       1.455024925354e+02 
       7.777236752633e-01       1.227142905507e+02 
       8.550383514451e-01       9.908273096601e+01 
       9.700414099724e-01       7.428336291204e+01 
       1.155739498630e+00       4.951416278827e+01 
       1.438984992462e+00       2.954508449542e+01 
       1.810738255866e+00       1.703263933947e+01 
       2.279575128638e+00       9.722751281935e+00 
       2.869815039275e+00       5.505988109302e+00 
       3.612883080088e+00       3.095628483542e+00 
       4.548350319364e+00       1.729055043142e+00 
       5.726033798789e+00       9.600290169363e-01 
       7.208649458088e+00       5.301248991045e-01 
       9.075151987503e+00       2.912663313125e-01 
       1.142493945296e+01       1.592908804750e-01 
       1.438314660554e+01       8.674234990652e-02 
