# Matter power spectrum P(k) at redshift z=0
# for k=1.05216e-05 to 13.9014 h/Mpc,
# number of wavenumbers equal to 548
#    1:k (h/Mpc)              2:P (Mpc/h)^3        
       1.052162017240e-05       5.170916654934e+01 
       2.350772107913e-05       1.118731710347e+02 
       3.654020024128e-05       1.708503926789e+02 
       4.965469873119e-05       2.293329082149e+02 
       6.288745637405e-05       2.877072693589e+02 
       7.627564016474e-05       3.462589005290e+02 
       8.985768334586e-05       4.052292031525e+02 
       1.036736397250e-04       4.648387933871e+02 
       1.177655578436e-04       5.252993766061e+02 
       1.321778796441e-04       5.868208466848e+02 
       1.469578682853e-04       6.496161855977e+02 
       1.621560696842e-04       7.139052173327e+02 
       1.778268121613e-04       7.799177979200e+02 
       1.940287481518e-04       8.478966798734e+02 
       2.108254412086e-04       9.181002746698e+02 
       2.282860003257e-04       9.908053213426e+02 
       2.464857617582e-04       1.066309592892e+03 
       2.655070157703e-04       1.144934595268e+03 
       2.854397717961e-04       1.227028251576e+03 
       3.063825500011e-04       1.312967530985e+03 
       3.284431797490e-04       1.403160954180e+03 
       3.517395755950e-04       1.498050788596e+03 
       3.764004487259e-04       1.598114793659e+03 
       4.025658960250e-04       1.703867276334e+03 
       4.303877902338e-04       1.815859093906e+03 
       4.600298737232e-04       1.934676231080e+03 
       4.916674368247e-04       2.060936510654e+03 
       5.254864425558e-04       2.195283883001e+03 
       5.616819476895e-04       2.338379740929e+03 
       6.004556721769e-04       2.490890857347e+03 
       6.420125931567e-04       2.653473462518e+03 
       6.865564946312e-04       2.826753522440e+03 
       7.342844955267e-04       3.011303452637e+03 
       7.853807074603e-04       3.207616092773e+03 
       8.400093291696e-04       3.416077599584e+03 
       8.983076443675e-04       3.636941036551e+03 
       9.603795189002e-04       3.870303393286e+03 
       1.026290051399e-03       4.116088586695e+03 
       1.096061986160e-03       4.374038534222e+03 
       1.169674336399e-03       4.643714240973e+03 
       1.247063410278e-03       4.924506892687e+03 
       1.328126131146e-03       5.215658316359e+03 
       1.412725263021e-03       5.516260968045e+03 
       1.500695952217e-03       5.825356094194e+03 
       1.591852910682e-03       6.141930314813e+03 
       1.685997597132e-03       6.464932144607e+03 
       1.782924870927e-03       6.793313619347e+03 
       1.882428759257e-03       7.126053604022e+03 
       1.984307149445e-03       7.462176170631e+03 
       2.088365365329e-03       7.800764069907e+03 
       2.194418694421e-03       8.140966725661e+03 
       2.302293998561e-03       8.482005420620e+03 
       2.411830570806e-03       8.823174406146e+03 
       2.522880404826e-03       9.163838887240e+03 
       2.635308029882e-03       9.503433124601e+03 
       2.748990042548e-03       9.841455069792e+03 
       2.863814441592e-03       1.017746349522e+04 
       2.979679848539e-03       1.051107062533e+04 
       3.096494675272e-03       1.084193896630e+04 
       3.214176282509e-03       1.116977513413e+04 
       3.332650158999e-03       1.149432634635e+04 
       3.451849140678e-03       1.181537511660e+04 
       3.571712681076e-03       1.213273228444e+04 
       3.692186178644e-03       1.244624191147e+04 
       3.813220362724e-03       1.275576890933e+04 
       3.934770737248e-03       1.306120392724e+04 
       4.056797079609e-03       1.336245154674e+04 
       4.179262991157e-03       1.365943767837e+04 
       4.302135495260e-03       1.395210299378e+04 
       4.425384678732e-03       1.424039840196e+04 
       4.548983372436e-03       1.452428914701e+04 
       4.672906867087e-03       1.480374666015e+04 
       4.797132660503e-03       1.507876074788e+04 
       4.921640232876e-03       1.534930704349e+04 
       5.046410846930e-03       1.561540909025e+04 
       5.171427370143e-03       1.587706104368e+04 
       5.296674116521e-03       1.607639858838e+04 
       5.422136705660e-03       1.632693475740e+04 
       5.547801937108e-03       1.657303570119e+04 
       5.673657678258e-03       1.681472039350e+04 
       5.799692764211e-03       1.705202011672e+04 
       5.925896908236e-03       1.728495514068e+04 
       6.052260621603e-03       1.751355950283e+04 
       6.178775141736e-03       1.773786932732e+04 
       6.305432367739e-03       1.795791254532e+04 
       6.432224802458e-03       1.817372324121e+04 
       6.559145500367e-03       1.838534322621e+04 
       6.686188020621e-03       1.859280381042e+04 
       6.813346384718e-03       1.879615075022e+04 
       6.940615038267e-03       1.899542323905e+04 
       7.067988816420e-03       1.919065607760e+04 
       7.195462912579e-03       1.938189323987e+04 
       7.323032850035e-03       1.956917579908e+04 
       7.450694456232e-03       1.975253889065e+04 
       7.578443839380e-03       1.993203127313e+04 
       7.706277367195e-03       2.010769434269e+04 
       7.834191647523e-03       2.027957586272e+04 
       7.962183510688e-03       2.044770046445e+04 
       8.090249993374e-03       2.061212577845e+04 
       8.218388323908e-03       2.077288745073e+04 
       8.346595908785e-03       2.093001357980e+04 
       8.474870320347e-03       2.108357477288e+04 
       8.603209285481e-03       2.123359877186e+04 
       8.731610675253e-03       2.138012215246e+04 
       8.860072495387e-03       2.152319182669e+04 
       8.988592877524e-03       2.166283931299e+04 
       9.117170071166e-03       2.179911496531e+04 
       9.245802436271e-03       2.193205430798e+04 
       9.374488436424e-03       2.206169872302e+04 
       9.503226632536e-03       2.218808806680e+04 
       9.632015677038e-03       2.231125745020e+04 
       9.760854308503e-03       2.243124447195e+04 
       9.889741346691e-03       2.254809494585e+04 
       1.001867568796e-02       2.266183063536e+04 
       1.014765630100e-02       2.277250233115e+04 
       1.027668222292e-02       2.288014399971e+04 
       1.040575255559e-02       2.298478630583e+04 
       1.053486646227e-02       2.308647522600e+04 
       1.066402316444e-02       2.318523876657e+04 
       1.079322193894e-02       2.328111440988e+04 
       1.092246211522e-02       2.337413966622e+04 
       1.105174307285e-02       2.346435041397e+04 
       1.118106423920e-02       2.355176364516e+04 
       1.131042508723e-02       2.363644920328e+04 
       1.143982513352e-02       2.371841491471e+04 
       1.156926393637e-02       2.379770582399e+04 
       1.169874109404e-02       2.387434105603e+04 
       1.182825624318e-02       2.394836524351e+04 
       1.195780905728e-02       2.401982243271e+04 
       1.208739924525e-02       2.408872576214e+04 
       1.221702655018e-02       2.415511269171e+04 
       1.234669074807e-02       2.421901976632e+04 
       1.247639164673e-02       2.428046803931e+04 
       1.260612908473e-02       2.433950332591e+04 
       1.273590293043e-02       2.439614946266e+04 
       1.286571308106e-02       2.445043837706e+04 
       1.299555946191e-02       2.450240094324e+04 
       1.312544202555e-02       2.455207023669e+04 
       1.325536075111e-02       2.459946614279e+04 
       1.338531564362e-02       2.464464347113e+04 
       1.351530673340e-02       2.468760061605e+04 
       1.364533407550e-02       2.472838268062e+04 
       1.377539774920e-02       2.476701343273e+04 
       1.390549785752e-02       2.480352561155e+04 
       1.403563452678e-02       2.483794038024e+04 
       1.416580790625e-02       2.487028328070e+04 
       1.429601816775e-02       2.490058854190e+04 
       1.442626550538e-02       2.492888545801e+04 
       1.455655013517e-02       2.495518485632e+04 
       1.468687229490e-02       2.497952947723e+04 
       1.481723224380e-02       2.500192904395e+04 
       1.494763026242e-02       2.502242647187e+04 
       1.507806665244e-02       2.504104199512e+04 
       1.520854173650e-02       2.505779846559e+04 
       1.533905585813e-02       2.507270918739e+04 
       1.546960938166e-02       2.508582201452e+04 
       1.560020269211e-02       2.509714886468e+04 
       1.573083619518e-02       2.510671383264e+04 
       1.586151031723e-02       2.511455240356e+04 
       1.599222550526e-02       2.512066199463e+04 
       1.612298222697e-02       2.512509507321e+04 
       1.625378097073e-02       2.512787192846e+04 
       1.638462224574e-02       2.512898134022e+04 
       1.651550658203e-02       2.512848345103e+04 
       1.664643453057e-02       2.512639607851e+04 
       1.677740666345e-02       2.512272877750e+04 
       1.690842357393e-02       2.511750882957e+04 
       1.703948587665e-02       2.511075857907e+04 
       1.717059420779e-02       2.510250873400e+04 
       1.730174922525e-02       2.509276435781e+04 
       1.743295160886e-02       2.508156880216e+04 
       1.756420206062e-02       2.506892629296e+04 
       1.769550130488e-02       2.505486286880e+04 
       1.782685008870e-02       2.503939351395e+04 
       1.795824918201e-02       2.502255170081e+04 
       1.808969937799e-02       2.500435389848e+04 
       1.822120149331e-02       2.498481695731e+04 
       1.835275636850e-02       2.496396540449e+04 
       1.848436486828e-02       2.494180549631e+04 
       1.861602788189e-02       2.491837531604e+04 
       1.874774632350e-02       2.489369108627e+04 
       1.887952113256e-02       2.486778959994e+04 
       1.901135327425e-02       2.484065418684e+04 
       1.914324373989e-02       2.481233250935e+04 
       1.927519354737e-02       2.478281898856e+04 
       1.940720374161e-02       2.475215607213e+04 
       1.953927539506e-02       2.472034577395e+04 
       1.967140960817e-02       2.468742061587e+04 
       1.980360750994e-02       2.465339312036e+04 
       1.993587025841e-02       2.461830273942e+04 
       2.006819904124e-02       2.458214337481e+04 
       2.020059507628e-02       2.454492921330e+04 
       2.033305961215e-02       2.450669743099e+04 
       2.046559392887e-02       2.446742381427e+04 
       2.059819933848e-02       2.442718977255e+04 
       2.073087718570e-02       2.438600283341e+04 
       2.086362884860e-02       2.434382213750e+04 
       2.099645573930e-02       2.430069724529e+04 
       2.112935930470e-02       2.425668669499e+04 
       2.126234102721e-02       2.421177901286e+04 
       2.139540242552e-02       2.416594190430e+04 
       2.152854505542e-02       2.411925990118e+04 
       2.166177051056e-02       2.407166761114e+04 
       2.179508042336e-02       2.402335801609e+04 
       2.192847646583e-02       2.397419044626e+04 
       2.206196035048e-02       2.392419463702e+04 
       2.219553383128e-02       2.387340531482e+04 
       2.232919870454e-02       2.382185311569e+04 
       2.246295680998e-02       2.376956426648e+04 
       2.259681003169e-02       2.371647843919e+04 
       2.273076029917e-02       2.366273965112e+04 
       2.286480958848e-02       2.360826263843e+04 
       2.299895992324e-02       2.355307917703e+04 
       2.313321337590e-02       2.349718254350e+04 
       2.326757206883e-02       2.344068006095e+04 
       2.340203817558e-02       2.338353197914e+04 
       2.353661392216e-02       2.332566843971e+04 
       2.367130158827e-02       2.326723146902e+04 
       2.380610350874e-02       2.320821185737e+04 
       2.394102207480e-02       2.314848790684e+04 
       2.407605973561e-02       2.308834166327e+04 
       2.421121899967e-02       2.302755861206e+04 
       2.434650243633e-02       2.296620310095e+04 
       2.448191267743e-02       2.290429276584e+04 
       2.461745241882e-02       2.284185536780e+04 
       2.475312442212e-02       2.277894731399e+04 
       2.488893151639e-02       2.271554145225e+04 
       2.502487659991e-02       2.265161497034e+04 
       2.516096264207e-02       2.258718880335e+04 
       2.529719268522e-02       2.252235235587e+04 
       2.543356984663e-02       2.245702909108e+04 
       2.557009732058e-02       2.239127618267e+04 
       2.570677838037e-02       2.232510103042e+04 
       2.584361638056e-02       2.225847773774e+04 
       2.598061475917e-02       2.219152541869e+04 
       2.611777704002e-02       2.212412489644e+04 
       2.625510683509e-02       2.205635376790e+04 
       2.639260784704e-02       2.198820699664e+04 
       2.653028387176e-02       2.191973065614e+04 
       2.666813880099e-02       2.185083358773e+04 
       2.680617662513e-02       2.178166869059e+04 
       2.694440143603e-02       2.171216967077e+04 
       2.708281742995e-02       2.164236438459e+04 
       2.722142891062e-02       2.157221308414e+04 
       2.736024029240e-02       2.150183306337e+04 
       2.749925610352e-02       2.143115857084e+04 
       2.763848098952e-02       2.136016980516e+04 
       2.777791971675e-02       2.128889147406e+04 
       2.791757717599e-02       2.121740585263e+04 
       2.805745838630e-02       2.114567460111e+04 
       2.819756849886e-02       2.107370951824e+04 
       2.833791280112e-02       2.100159967952e+04 
       2.847849672100e-02       2.092920073062e+04 
       2.861932583126e-02       2.085652748230e+04 
       2.876040585411e-02       2.078367936419e+04 
       2.890174266590e-02       2.071073900210e+04 
       2.904334230209e-02       2.063755752995e+04 
       2.918521096234e-02       2.056418068715e+04 
       2.932735501584e-02       2.049067730447e+04 
       2.946978100686e-02       2.041704735104e+04 
       2.961249566051e-02       2.034323355742e+04 
       2.975550588873e-02       2.026925715998e+04 
       2.989881879654e-02       2.019519988782e+04 
       3.004244168855e-02       2.012096977973e+04 
       3.018638207573e-02       2.004663674099e+04 
       3.033064768247e-02       1.997218971510e+04 
       3.047524645398e-02       1.989767021880e+04 
       3.062018656390e-02       1.982302620409e+04 
       3.076547642238e-02       1.974828186005e+04 
       3.091112468442e-02       1.967350927109e+04 
       3.105714025859e-02       1.959864071608e+04 
       3.120353231615e-02       1.952364754171e+04 
       3.135031030061e-02       1.944859706927e+04 
       3.149748393766e-02       1.937357169959e+04 
       3.164506324559e-02       1.929842583172e+04 
       3.179305854619e-02       1.922323686847e+04 
       3.194148047617e-02       1.914806795194e+04 
       3.209033999906e-02       1.907277246430e+04 
       3.223964841776e-02       1.899753876232e+04 
       3.238941738760e-02       1.892222296676e+04 
       3.253965893010e-02       1.884691941820e+04 
       3.269038544739e-02       1.877155629953e+04 
       3.284160973729e-02       1.869621706700e+04 
       3.299334500921e-02       1.862083740173e+04 
       3.314560490080e-02       1.854554502035e+04 
       3.329840349547e-02       1.847018359122e+04 
       3.345175534078e-02       1.839484464697e+04 
       3.360567546786e-02       1.831947065226e+04 
       3.376017941171e-02       1.824421978271e+04 
       3.391528323272e-02       1.816893049820e+04 
       3.407100353922e-02       1.809367613257e+04 
       3.422735751136e-02       1.801842816009e+04 
       3.438436292620e-02       1.794324561280e+04 
       3.454203818419e-02       1.786808935547e+04 
       3.470040233725e-02       1.779295976751e+04 
       3.485947511822e-02       1.771784605325e+04 
       3.501927697224e-02       1.764281264865e+04 
       3.517982908970e-02       1.756779206681e+04 
       3.534115344131e-02       1.749285990116e+04 
       3.550327281510e-02       1.741792242978e+04 
       3.566621085570e-02       1.734310552906e+04 
       3.582999210602e-02       1.726828340237e+04 
       3.599464205136e-02       1.719352035664e+04 
       3.616018716639e-02       1.711879185565e+04 
       3.632665496497e-02       1.704414162706e+04 
       3.649407405320e-02       1.696958826076e+04 
       3.666247418581e-02       1.689505434944e+04 
       3.683188632629e-02       1.682061030192e+04 
       3.700234271088e-02       1.674613311113e+04 
       3.717387691695e-02       1.667179135953e+04 
       3.734652393587e-02       1.659748409785e+04 
       3.752032025097e-02       1.652326112073e+04 
       3.769530392089e-02       1.644909015435e+04 
       3.787151466869e-02       1.637498849866e+04 
       3.804899397748e-02       1.630092925800e+04 
       3.822778519281e-02       1.622689799966e+04 
       3.840793363262e-02       1.615293448909e+04 
       3.858948670541e-02       1.607905673132e+04 
       3.877249403722e-02       1.600523491792e+04 
       3.895700760840e-02       1.593146776683e+04 
       3.914308190094e-02       1.585772102002e+04 
       3.933077405747e-02       1.578405849446e+04 
       3.952014405293e-02       1.571036870197e+04 
       3.971125488021e-02       1.563674583684e+04 
       3.990417275105e-02       1.556322322488e+04 
       4.009896731388e-02       1.548968347860e+04 
       4.029571189012e-02       1.541619407115e+04 
       4.049448373096e-02       1.534272904713e+04 
       4.069536429676e-02       1.526924471132e+04 
       4.089843956138e-02       1.519578704019e+04 
       4.110380034434e-02       1.512239502133e+04 
       4.131154267354e-02       1.504897227566e+04 
       4.152176818235e-02       1.497556916039e+04 
       4.173458454467e-02       1.490210915062e+04 
       4.195010595251e-02       1.482869597113e+04 
       4.216845364108e-02       1.475524615264e+04 
       4.238975646711e-02       1.468175670167e+04 
       4.261415154690e-02       1.460824060062e+04 
       4.284178496153e-02       1.453468030036e+04 
       4.307281253788e-02       1.446106122054e+04 
       4.330740071514e-02       1.438739886123e+04 
       4.354572750826e-02       1.431360931824e+04 
       4.378798358138e-02       1.423977305570e+04 
       4.403437344635e-02       1.416585279016e+04 
       4.428511680406e-02       1.409180471608e+04 
       4.454045004904e-02       1.401759830928e+04 
       4.480062796129e-02       1.394332338870e+04 
       4.506592561363e-02       1.386884013675e+04 
       4.533664052738e-02       1.379416171296e+04 
       4.561309511578e-02       1.371929440329e+04 
       4.589563946101e-02       1.364423926001e+04 
       4.618465448014e-02       1.356889781270e+04 
       4.648055554522e-02       1.349338721508e+04 
       4.678379663626e-02       1.341754759632e+04 
       4.709487512124e-02       1.334137235551e+04 
       4.741433727710e-02       1.326486822844e+04 
       4.774278468959e-02       1.318799162498e+04 
       4.808088169976e-02       1.311067484932e+04 
       4.842936410232e-02       1.303294646858e+04 
       4.878904934729e-02       1.295472540360e+04 
       4.916084855550e-02       1.287591609020e+04 
       4.954578073176e-02       1.279653406603e+04 
       4.994498965325e-02       1.271649707968e+04 
       5.035976402938e-02       1.263569816792e+04 
       5.079156168005e-02       1.255412019447e+04 
       5.124203867190e-02       1.247163098829e+04 
       5.171308459725e-02       1.238813910612e+04 
       5.220686549247e-02       1.230355499788e+04 
       5.272587628721e-02       1.221765615976e+04 
       5.327300517012e-02       1.213036563847e+04 
       5.385161286438e-02       1.204146395603e+04 
       5.446563052827e-02       1.195064547712e+04 
       5.511968080349e-02       1.185770007915e+04 
       5.581922732395e-02       1.176217539412e+04 
       5.657075852001e-02       1.166363827167e+04 
       5.738201125212e-02       1.156144860701e+04 
       5.826223754178e-02       1.145481604808e+04 
       5.922251120933e-02       1.134267549859e+04 
       6.027605646616e-02       1.122358560780e+04 
       6.143855042986e-02       1.109561936845e+04 
       6.272829571713e-02       1.095612485967e+04 
       6.416606666588e-02       1.080145824711e+04 
       6.577430483500e-02       1.062688971392e+04 
       6.757522617579e-02       1.042624180767e+04 
       6.958746293643e-02       1.019220990284e+04 
       7.182138353825e-02       9.917190840199e+03 
       7.427438163755e-02       9.595147867927e+03 
       7.692861429718e-02       9.224135541451e+03 
       7.975334167169e-02       8.808621067688e+03 
       8.271139746556e-02       8.360109512397e+03 
       8.576654114900e-02       7.895563925819e+03 
       8.888843439287e-02       7.434348582143e+03 
       9.205430585191e-02       6.994895728371e+03 
       9.524830915469e-02       6.592271632116e+03 
       9.845996023531e-02       6.236737144754e+03 
       1.016825458712e-01       5.933419311878e+03 
       1.049118553256e-01       5.682686452712e+03 
       1.081452811827e-01       5.480883348256e+03 
       1.113812214910e-01       5.321321499527e+03 
       1.146186966825e-01       5.195156006306e+03 
       1.178571094144e-01       5.092312086183e+03 
       1.210960959645e-01       5.002431789711e+03 
       1.243354349961e-01       4.915719078245e+03 
       1.275749918086e-01       4.823807315603e+03 
       1.308146843684e-01       4.720502041942e+03 
       1.340544626455e-01       4.602249337223e+03 
       1.372942960570e-01       4.468304790365e+03 
       1.405341658405e-01       4.320512271118e+03 
       1.437740604232e-01       4.162765708878e+03 
       1.470139726102e-01       4.000258667441e+03 
       1.502538978765e-01       3.838668511688e+03 
       1.534938333302e-01       3.683421593240e+03 
       1.567337770813e-01       3.539110243104e+03 
       1.599737278586e-01       3.409093047551e+03 
       1.632136847756e-01       3.295328664222e+03 
       1.664536471878e-01       3.198389510186e+03 
       1.696936146057e-01       3.117554467997e+03 
       1.729335866407e-01       3.051053416381e+03 
       1.761735629721e-01       2.996320868885e+03 
       1.794135433264e-01       2.950267818507e+03 
       1.826535274640e-01       2.909595529873e+03 
       1.858935151711e-01       2.871538189035e+03 
       1.891335062540e-01       2.832994669656e+03 
       1.923735005354e-01       2.791287887324e+03 
       1.956134978519e-01       2.744785521229e+03 
       1.988534980518e-01       2.692775528575e+03 
       2.020935009944e-01       2.635441928504e+03 
       2.053335065479e-01       2.573742012116e+03 
       2.085735145894e-01       2.509194523195e+03 
       2.118135250035e-01       2.443591756537e+03 
       2.150535376820e-01       2.378782618130e+03 
       2.182935525234e-01       2.316399603541e+03 
       2.215335694318e-01       2.257765684366e+03 
       2.247735883173e-01       2.203838876008e+03 
       2.280136090950e-01       2.155169236582e+03 
       2.312536316847e-01       2.111932057647e+03 
       2.344936560108e-01       2.073938127577e+03 
       2.377336820020e-01       2.040671520023e+03 
       2.409737095904e-01       2.011358565497e+03 
       2.442137387122e-01       1.985029230697e+03 
       2.474537693067e-01       1.960631593647e+03 
       2.506938013165e-01       1.937135355818e+03 
       2.539338346870e-01       1.913627640627e+03 
       2.571738693665e-01       1.889395090733e+03 
       2.604139053058e-01       1.863960364236e+03 
       2.636539424582e-01       1.837095685182e+03 
       2.668939807793e-01       1.808805747988e+03 
       2.701340202267e-01       1.779299337955e+03 
       2.733740607601e-01       1.748957639236e+03 
       2.766141023413e-01       1.718269344604e+03 
       2.798541449335e-01       1.687786386187e+03 
       2.830941885019e-01       1.658058847485e+03 
       2.863342330131e-01       1.629570396183e+03 
       2.895742784354e-01       1.602689301260e+03 
       2.928143247383e-01       1.577640313914e+03 
       2.960543718927e-01       1.554492941138e+03 
       2.992944198708e-01       1.533181188666e+03 
       3.025344686461e-01       1.513532538595e+03 
       3.057745181930e-01       1.495297149146e+03 
       3.090145684872e-01       1.478182110936e+03 
       3.122546195053e-01       1.461885608067e+03 
       3.154946712248e-01       1.446100243317e+03 
       3.187347236243e-01       1.430545905607e+03 
       3.219747766831e-01       1.414983406617e+03 
       3.252148303815e-01       1.399240296584e+03 
       3.284548847003e-01       1.383214207255e+03 
       3.316949396214e-01       1.366886850411e+03 
       3.349349951272e-01       1.350311676964e+03 
       3.381750512007e-01       1.333596909669e+03 
       3.414151078258e-01       1.316889408465e+03 
       3.446551649869e-01       1.300339014020e+03 
       3.478952226688e-01       1.284097967368e+03 
       3.511352808571e-01       1.268290852940e+03 
       3.543753395378e-01       1.253026295122e+03 
       3.576153986975e-01       1.238379112798e+03 
       3.608554583233e-01       1.224394429848e+03 
       3.640955184026e-01       1.211078122234e+03 
       3.673355789234e-01       1.198399646548e+03 
       3.705756398740e-01       1.186294331783e+03 
       3.738157012433e-01       1.174673080952e+03 
       3.770557630203e-01       1.163431970250e+03 
       3.802958251947e-01       1.152469325279e+03 
       3.835358877563e-01       1.141696688031e+03 
       3.867759506953e-01       1.131044486097e+03 
       3.900160140023e-01       1.120462478355e+03 
       3.932560776682e-01       1.109921826245e+03 
       3.964961416841e-01       1.099408173321e+03 
       3.997362060415e-01       1.088924348087e+03 
       4.029762707321e-01       1.078484810555e+03 
       4.062163357479e-01       1.068117451200e+03 
       4.094564010812e-01       1.057858056263e+03 
       4.126964667244e-01       1.047749442719e+03 
       4.159365326703e-01       1.037831368246e+03 
       4.191765989118e-01       1.028137497543e+03 
       4.224166654421e-01       1.018685441593e+03 
       4.256567322546e-01       1.009489568711e+03 
       4.288967993429e-01       1.000545366575e+03 
       4.321368667007e-01       9.918471643829e+02 
       4.353769343220e-01       9.833809838132e+02 
       4.386170022010e-01       9.751324132995e+02 
       4.418570703319e-01       9.670844507835e+02 
       4.450971387092e-01       9.592135119264e+02 
       4.483372073276e-01       9.514968262084e+02 
       4.515772761818e-01       9.439070137470e+02 
       4.548173452669e-01       9.364194146168e+02 
       4.580574145778e-01       9.290156964607e+02 
       4.612974841099e-01       9.216859514933e+02 
       4.645375538584e-01       9.144224919099e+02 
       4.677776238188e-01       9.072297257489e+02 
       4.710176939868e-01       9.001081267944e+02 
       4.742577643582e-01       8.930684777520e+02 
       4.774978349286e-01       8.861128014674e+02 
       4.807379056942e-01       8.792491828058e+02 
       4.839779766509e-01       8.724885026153e+02 
       4.872180477950e-01       8.658371079313e+02 
       4.904581191227e-01       8.593065380614e+02 
       4.936981906303e-01       8.529021329723e+02 
       4.969382623145e-01       8.466246047719e+02 
       5.001783341717e-01       8.404728862054e+02 
       5.034184061985e-01       8.344389511161e+02 
       5.066584783917e-01       8.285143859224e+02 
       5.098985507482e-01       8.226878870540e+02 
       5.131386232647e-01       8.169503288722e+02 
       5.163786959384e-01       8.112965435516e+02 
       5.196187687662e-01       8.057175707315e+02 
       5.228588417453e-01       8.002098752444e+02 
       5.260989148729e-01       7.947655689952e+02 
       5.488415966697e-01       7.582262987180e+02 
       5.738147365394e-01       7.218169831257e+02 
       6.016103987712e-01       6.853331986647e+02 
       6.330984571748e-01       6.480087243865e+02 
       6.696215108184e-01       6.094367009166e+02 
       7.133817401109e-01       5.685808224518e+02 
       7.682711019258e-01       5.240575049843e+02 
       8.417910505529e-01       4.735483787966e+02 
       9.495424846739e-01       4.135263452911e+02 
       1.122274439640e+00       3.409943520426e+02 
       1.391291207044e+00       2.632972626822e+02 
       1.750103138830e+00       1.960945021238e+02 
       2.203229341536e+00       1.420631185210e+02 
       2.773701354201e+00       9.975051015251e+01 
       3.491883119514e+00       6.789466952087e+01 
       4.396020394171e+00       4.494274769086e+01 
       5.534261784987e+00       2.906816491576e+01 
       6.967222796641e+00       1.846626656183e+01 
       8.771213828324e+00       1.158440224343e+01 
       1.104230398076e+01       7.215458288169e+00 
       1.390143708613e+01       4.487864670562e+00 
