# Matter power spectrum P(k) at redshift z=0
# for k=1.05216e-05 to 13.9014 h/Mpc,
# number of wavenumbers equal to 548
#    1:k (h/Mpc)              2:P (Mpc/h)^3        
       1.052162017240e-05       4.732159910777e+01 
       2.350772107913e-05       1.032069874800e+02 
       3.654020024128e-05       1.583123291777e+02 
       4.965469873119e-05       2.131557389403e+02 
       6.288745637405e-05       2.680448845354e+02 
       7.627564016474e-05       3.232182334368e+02 
       8.985768334586e-05       3.788849335022e+02 
       1.036736397250e-04       4.352412978225e+02 
       1.177655578436e-04       4.924794536222e+02 
       1.321778796441e-04       5.507926921445e+02 
       1.469578682853e-04       6.103793234511e+02 
       1.621560696842e-04       6.714457603401e+02 
       1.778268121613e-04       7.342092497878e+02 
       1.940287481518e-04       7.989004089826e+02 
       2.108254412086e-04       8.657657390438e+02 
       2.282860003257e-04       9.350701022363e+02 
       2.464857617582e-04       1.007099273411e+03 
       2.655070157703e-04       1.082162514575e+03 
       2.854397717961e-04       1.160595159815e+03 
       3.063825500011e-04       1.242761167968e+03 
       3.284431797490e-04       1.329055574961e+03 
       3.517395755950e-04       1.419906665377e+03 
       3.764004487259e-04       1.515777726471e+03 
       4.025658960250e-04       1.617168152091e+03 
       4.303877902338e-04       1.724613545089e+03 
       4.600298737232e-04       1.838684454971e+03 
       4.916674368247e-04       1.959983320417e+03 
       5.254864425558e-04       2.089139074767e+03 
       5.616819476895e-04       2.226798870626e+03 
       6.004556721769e-04       2.373616520668e+03 
       6.420125931567e-04       2.530237173710e+03 
       6.865564946312e-04       2.697278264749e+03 
       7.342844955267e-04       2.875306946793e+03 
       7.853807074603e-04       3.064814783918e+03 
       8.400093291696e-04       3.266191291875e+03 
       8.983076443675e-04       3.479698044167e+03 
       9.603795189002e-04       3.705445990869e+03 
       1.026290051399e-03       3.943378481434e+03 
       1.096061986160e-03       4.193262051543e+03 
       1.169674336399e-03       4.454686895128e+03 
       1.247063410278e-03       4.727077068604e+03 
       1.328126131146e-03       5.009709853963e+03 
       1.412725263021e-03       5.301715622681e+03 
       1.500695952217e-03       5.602172189442e+03 
       1.591852910682e-03       5.910101806365e+03 
       1.685997597132e-03       6.224487346373e+03 
       1.782924870927e-03       6.544312707222e+03 
       1.882428759257e-03       6.868585653726e+03 
       1.984307149445e-03       7.196355923275e+03 
       2.088365365329e-03       7.526728592479e+03 
       2.194418694421e-03       7.858872134744e+03 
       2.302293998561e-03       8.192023731093e+03 
       2.411830570806e-03       8.525490606170e+03 
       2.522880404826e-03       8.858648303533e+03 
       2.635308029882e-03       9.190939033709e+03 
       2.748990042548e-03       9.521866635178e+03 
       2.863814441592e-03       9.850993915423e+03 
       2.979679848539e-03       1.017793561273e+04 
       3.096494675272e-03       1.050235539624e+04 
       3.214176282509e-03       1.082395994197e+04 
       3.332650158999e-03       1.114249557204e+04 
       3.451849140678e-03       1.145774314029e+04 
       3.571712681076e-03       1.176951129030e+04 
       3.692186178644e-03       1.207764121380e+04 
       3.813220362724e-03       1.238199465666e+04 
       3.934770737248e-03       1.268245866101e+04 
       4.056797079609e-03       1.297893410389e+04 
       4.179262991157e-03       1.327134287248e+04 
       4.302135495260e-03       1.355962148200e+04 
       4.425384678732e-03       1.384371667105e+04 
       4.548983372436e-03       1.412358937474e+04 
       4.672906867087e-03       1.439920679490e+04 
       4.797132660503e-03       1.467055424458e+04 
       4.921640232876e-03       1.493760347583e+04 
       5.046410846930e-03       1.520037307673e+04 
       5.171427370143e-03       1.545885325077e+04 
       5.296674116521e-03       1.571304637352e+04 
       5.422136705660e-03       1.596296358846e+04 
       5.547801937108e-03       1.620861674212e+04 
       5.673657678258e-03       1.645001957856e+04 
       5.799692764211e-03       1.668719804770e+04 
       5.925896908236e-03       1.692016748217e+04 
       6.052260621603e-03       1.714895683881e+04 
       6.178775141736e-03       1.737359726786e+04 
       6.305432367739e-03       1.759411203546e+04 
       6.432224802458e-03       1.781053056595e+04 
       6.559145500367e-03       1.802288998649e+04 
       6.686188020621e-03       1.823121725607e+04 
       6.813346384718e-03       1.843555361692e+04 
       6.940615038267e-03       1.863593399462e+04 
       7.067988816420e-03       1.883238911434e+04 
       7.195462912579e-03       1.902495880833e+04 
       7.323032850035e-03       1.921368016734e+04 
       7.450694456232e-03       1.939858455017e+04 
       7.578443839380e-03       1.957971678967e+04 
       7.706277367195e-03       1.975711458439e+04 
       7.834191647523e-03       1.993082198109e+04 
       7.962183510688e-03       2.010086037777e+04 
       8.090249993374e-03       2.026728369098e+04 
       8.218388323908e-03       2.043012431036e+04 
       8.346595908785e-03       2.058940727429e+04 
       8.474870320347e-03       2.074519951562e+04 
       8.603209285481e-03       2.089752587811e+04 
       8.731610675253e-03       2.104641996276e+04 
       8.860072495387e-03       2.119192561502e+04 
       8.988592877524e-03       2.133407159342e+04 
       9.117170071166e-03       2.147290527013e+04 
       9.245802436271e-03       2.160845947916e+04 
       9.374488436424e-03       2.174077288669e+04 
       9.503226632536e-03       2.186988271796e+04 
       9.632015677038e-03       2.199582158004e+04 
       9.760854308503e-03       2.211862458857e+04 
       9.889741346691e-03       2.223833501755e+04 
       1.001867568796e-02       2.235497247773e+04 
       1.014765630100e-02       2.246858526132e+04 
       1.027668222292e-02       2.257920512084e+04 
       1.040575255559e-02       2.268686059925e+04 
       1.053486646227e-02       2.279159540113e+04 
       1.066402316444e-02       2.289343554416e+04 
       1.079322193894e-02       2.299241644645e+04 
       1.092246211522e-02       2.308857360217e+04 
       1.105174307285e-02       2.318194094106e+04 
       1.118106423920e-02       2.327253377790e+04 
       1.131042508723e-02       2.336041968878e+04 
       1.143982513352e-02       2.344560502000e+04 
       1.156926393637e-02       2.352813293495e+04 
       1.169874109404e-02       2.360802101917e+04 
       1.182825624318e-02       2.368531211364e+04 
       1.195780905728e-02       2.376004852676e+04 
       1.208739924525e-02       2.383224203999e+04 
       1.221702655018e-02       2.390192852322e+04 
       1.234669074807e-02       2.396914298196e+04 
       1.247639164673e-02       2.403390513086e+04 
       1.260612908473e-02       2.409625922331e+04 
       1.273590293043e-02       2.415622779991e+04 
       1.286571308106e-02       2.421384144271e+04 
       1.299555946191e-02       2.426912972582e+04 
       1.312544202555e-02       2.432212443747e+04 
       1.325536075111e-02       2.437284433633e+04 
       1.338531564362e-02       2.442134280416e+04 
       1.351530673340e-02       2.446761737575e+04 
       1.364533407550e-02       2.451171188290e+04 
       1.377539774920e-02       2.455364905367e+04 
       1.390549785752e-02       2.459346053544e+04 
       1.403563452678e-02       2.463116653284e+04 
       1.416580790625e-02       2.466679161713e+04 
       1.429601816775e-02       2.470036900020e+04 
       1.442626550538e-02       2.473192703189e+04 
       1.455655013517e-02       2.476147577658e+04 
       1.468687229490e-02       2.478905697075e+04 
       1.481723224380e-02       2.481467963347e+04 
       1.494763026242e-02       2.483838573102e+04 
       1.507806665244e-02       2.486019475905e+04 
       1.520854173650e-02       2.488012883333e+04 
       1.533905585813e-02       2.489820061805e+04 
       1.546960938166e-02       2.491445708685e+04 
       1.560020269211e-02       2.492890957649e+04 
       1.573083619518e-02       2.494158152978e+04 
       1.586151031723e-02       2.495250772038e+04 
       1.599222550526e-02       2.496168515148e+04 
       1.612298222697e-02       2.496916550176e+04 
       1.625378097073e-02       2.497496852692e+04 
       1.638462224574e-02       2.497908270819e+04 
       1.651550658203e-02       2.498156741669e+04 
       1.664643453057e-02       2.498244001364e+04 
       1.677740666345e-02       2.498170966969e+04 
       1.690842357393e-02       2.497940318224e+04 
       1.703948587665e-02       2.497554246369e+04 
       1.717059420779e-02       2.497015775605e+04 
       1.730174922525e-02       2.496325383747e+04 
       1.743295160886e-02       2.495487355140e+04 
       1.756420206062e-02       2.494502087733e+04 
       1.769550130488e-02       2.493372148839e+04 
       1.782685008870e-02       2.492099008701e+04 
       1.795824918201e-02       2.490685977028e+04 
       1.808969937799e-02       2.489134674977e+04 
       1.822120149331e-02       2.487446763048e+04 
       1.835275636850e-02       2.485624666527e+04 
       1.848436486828e-02       2.483668995383e+04 
       1.861602788189e-02       2.481583525865e+04 
       1.874774632350e-02       2.479369861934e+04 
       1.887952113256e-02       2.477031654826e+04 
       1.901135327425e-02       2.474567239620e+04 
       1.914324373989e-02       2.471981351319e+04 
       1.927519354737e-02       2.469273430392e+04 
       1.940720374161e-02       2.466447695992e+04 
       1.953927539506e-02       2.463504346175e+04 
       1.967140960817e-02       2.460446615287e+04 
       1.980360750994e-02       2.457275749124e+04 
       1.993587025841e-02       2.453995674190e+04 
       2.006819904124e-02       2.450605785649e+04 
       2.020059507628e-02       2.447107497958e+04 
       2.033305961215e-02       2.443504514503e+04 
       2.046559392887e-02       2.439794430054e+04 
       2.059819933848e-02       2.435985352477e+04 
       2.073087718570e-02       2.432078037779e+04 
       2.086362884860e-02       2.428068426196e+04 
       2.099645573930e-02       2.423961458711e+04 
       2.112935930470e-02       2.419762971438e+04 
       2.126234102721e-02       2.415471832061e+04 
       2.139540242552e-02       2.411084835742e+04 
       2.152854505542e-02       2.406610408988e+04 
       2.166177051056e-02       2.402042052979e+04 
       2.179508042336e-02       2.397398994128e+04 
       2.192847646583e-02       2.392667239967e+04 
       2.206196035048e-02       2.387849764510e+04 
       2.219553383128e-02       2.382950039598e+04 
       2.232919870454e-02       2.377971130586e+04 
       2.246295680998e-02       2.372915664510e+04 
       2.259681003169e-02       2.367777649465e+04 
       2.273076029917e-02       2.362571443630e+04 
       2.286480958848e-02       2.357288572771e+04 
       2.299895992324e-02       2.351932218465e+04 
       2.313321337590e-02       2.346501728570e+04 
       2.326757206883e-02       2.341007809944e+04 
       2.340203817558e-02       2.335446522212e+04 
       2.353661392216e-02       2.329810926105e+04 
       2.367130158827e-02       2.324115186526e+04 
       2.380610350874e-02       2.318358405787e+04 
       2.394102207480e-02       2.312528481745e+04 
       2.407605973561e-02       2.306653527962e+04 
       2.421121899967e-02       2.300712197606e+04 
       2.434650243633e-02       2.294710920587e+04 
       2.448191267743e-02       2.288651474274e+04 
       2.461745241882e-02       2.282536644894e+04 
       2.475312442212e-02       2.276372072526e+04 
       2.488893151639e-02       2.270155073778e+04 
       2.502487659991e-02       2.263883397585e+04 
       2.516096264207e-02       2.257559150912e+04 
       2.529719268522e-02       2.251191261699e+04 
       2.543356984663e-02       2.244772127324e+04 
       2.557009732058e-02       2.238307465188e+04 
       2.570677838037e-02       2.231798034404e+04 
       2.584361638056e-02       2.225241277146e+04 
       2.598061475917e-02       2.218649081611e+04 
       2.611777704002e-02       2.212009597435e+04 
       2.625510683509e-02       2.205330576916e+04 
       2.639260784704e-02       2.198611540388e+04 
       2.653028387176e-02       2.191857099769e+04 
       2.666813880099e-02       2.185058195784e+04 
       2.680617662513e-02       2.178230082310e+04 
       2.694440143603e-02       2.171366177000e+04 
       2.708281742995e-02       2.164469276725e+04 
       2.722142891062e-02       2.157535443562e+04 
       2.736024029240e-02       2.150576383885e+04 
       2.749925610352e-02       2.143585569081e+04 
       2.763848098952e-02       2.136561048003e+04 
       2.777791971675e-02       2.129505303303e+04 
       2.791757717599e-02       2.122426552056e+04 
       2.805745838630e-02       2.115320995885e+04 
       2.819756849886e-02       2.108189830882e+04 
       2.833791280112e-02       2.101041950687e+04 
       2.847849672100e-02       2.093862996034e+04 
       2.861932583126e-02       2.086654462649e+04 
       2.876040585411e-02       2.079426274837e+04 
       2.890174266590e-02       2.072186682406e+04 
       2.904334230209e-02       2.064920876402e+04 
       2.918521096234e-02       2.057633432159e+04 
       2.932735501584e-02       2.050331224497e+04 
       2.946978100686e-02       2.043014268822e+04 
       2.961249566051e-02       2.035676879306e+04 
       2.975550588873e-02       2.028321189300e+04 
       2.989881879654e-02       2.020955356597e+04 
       3.004244168855e-02       2.013570239496e+04 
       3.018638207573e-02       2.006172817399e+04 
       3.033064768247e-02       1.998762005834e+04 
       3.047524645398e-02       1.991341955778e+04 
       3.062018656390e-02       1.983907499773e+04 
       3.076547642238e-02       1.976461062464e+04 
       3.091112468442e-02       1.969009837428e+04 
       3.105714025859e-02       1.961547095476e+04 
       3.120353231615e-02       1.954069997932e+04 
       3.135031030061e-02       1.946585262629e+04 
       3.149748393766e-02       1.939101107822e+04 
       3.164506324559e-02       1.931603048575e+04 
       3.179305854619e-02       1.924098804726e+04 
       3.194148047617e-02       1.916594674992e+04 
       3.209033999906e-02       1.909076073099e+04 
       3.223964841776e-02       1.901561763273e+04 
       3.238941738760e-02       1.894037431407e+04 
       3.253965893010e-02       1.886512479773e+04 
       3.269038544739e-02       1.878979768240e+04 
       3.284160973729e-02       1.871447613764e+04 
       3.299334500921e-02       1.863909621864e+04 
       3.314560490080e-02       1.856378513260e+04 
       3.329840349547e-02       1.848838733591e+04 
       3.345175534078e-02       1.841299400353e+04 
       3.360567546786e-02       1.833754792708e+04 
       3.376017941171e-02       1.826220658468e+04 
       3.391528323272e-02       1.818680924157e+04 
       3.407100353922e-02       1.811142891891e+04 
       3.422735751136e-02       1.803603725620e+04 
       3.438436292620e-02       1.796069301750e+04 
       3.454203818419e-02       1.788535726852e+04 
       3.470040233725e-02       1.781003039046e+04 
       3.485947511822e-02       1.773470163726e+04 
       3.501927697224e-02       1.765943510535e+04 
       3.517982908970e-02       1.758416362405e+04 
       3.534115344131e-02       1.750896236562e+04 
       3.550327281510e-02       1.743373804660e+04 
       3.566621085570e-02       1.735861583291e+04 
       3.582999210602e-02       1.728347051965e+04 
       3.599464205136e-02       1.720836599932e+04 
       3.616018716639e-02       1.713327777765e+04 
       3.632665496497e-02       1.705824924399e+04 
       3.649407405320e-02       1.698329876658e+04 
       3.666247418581e-02       1.690834923341e+04 
       3.683188632629e-02       1.683347051975e+04 
       3.700234271088e-02       1.675854015305e+04 
       3.717387691695e-02       1.668372558984e+04 
       3.734652393587e-02       1.660892626155e+04 
       3.752032025097e-02       1.653419146721e+04 
       3.769530392089e-02       1.645948889253e+04 
       3.787151466869e-02       1.638483548920e+04 
       3.804899397748e-02       1.631020425558e+04 
       3.822778519281e-02       1.623558056214e+04 
       3.840793363262e-02       1.616100362425e+04 
       3.858948670541e-02       1.608649099785e+04 
       3.877249403722e-02       1.601201269643e+04 
       3.895700760840e-02       1.593756705882e+04 
       3.914308190094e-02       1.586311963217e+04 
       3.933077405747e-02       1.578873337770e+04 
       3.952014405293e-02       1.571429705775e+04 
       3.971125488021e-02       1.563990374171e+04 
       3.990417275105e-02       1.556558597547e+04 
       4.009896731388e-02       1.549122657298e+04 
       4.029571189012e-02       1.541689192321e+04 
       4.049448373096e-02       1.534255557424e+04 
       4.069536429676e-02       1.526817342059e+04 
       4.089843956138e-02       1.519379034590e+04 
       4.110380034434e-02       1.511944422245e+04 
       4.131154267354e-02       1.504503848122e+04 
       4.152176818235e-02       1.497062216099e+04 
       4.173458454467e-02       1.489611829209e+04 
       4.195010595251e-02       1.482162871993e+04 
       4.216845364108e-02       1.474706943209e+04 
       4.238975646711e-02       1.467243619965e+04 
       4.261415154690e-02       1.459774054431e+04 
       4.284178496153e-02       1.452296359276e+04 
       4.307281253788e-02       1.444808930758e+04 
       4.330740071514e-02       1.437313135796e+04 
       4.354572750826e-02       1.429800471241e+04 
       4.378798358138e-02       1.422278716934e+04 
       4.403437344635e-02       1.414743960814e+04 
       4.428511680406e-02       1.407191628010e+04 
       4.454045004904e-02       1.399618441779e+04 
       4.480062796129e-02       1.392033026834e+04 
       4.506592561363e-02       1.384421231033e+04 
       4.533664052738e-02       1.376784033590e+04 
       4.561309511578e-02       1.369121701153e+04 
       4.589563946101e-02       1.361433946960e+04 
       4.618465448014e-02       1.353710594687e+04 
       4.648055554522e-02       1.345962769173e+04 
       4.678379663626e-02       1.338174128874e+04 
       4.709487512124e-02       1.330343450217e+04 
       4.741433727710e-02       1.322470765738e+04 
       4.774278468959e-02       1.314551059788e+04 
       4.808088169976e-02       1.306576856083e+04 
       4.842936410232e-02       1.298550102276e+04 
       4.878904934729e-02       1.290461803279e+04 
       4.916084855550e-02       1.282301417232e+04 
       4.954578073176e-02       1.274069235160e+04 
       4.994498965325e-02       1.265755726126e+04 
       5.035976402938e-02       1.257348733486e+04 
       5.079156168005e-02       1.248844738365e+04 
       5.124203867190e-02       1.240228609450e+04 
       5.171308459725e-02       1.231488919415e+04 
       5.220686549247e-02       1.222614048952e+04 
       5.272587628721e-02       1.213578838653e+04 
       5.327300517012e-02       1.204371917204e+04 
       5.385161286438e-02       1.194967227137e+04 
       5.446563052827e-02       1.185329454436e+04 
       5.511968080349e-02       1.175431700351e+04 
       5.581922732395e-02       1.165222096427e+04 
       5.657075852001e-02       1.154649228159e+04 
       5.738201125212e-02       1.143639646383e+04 
       5.826223754178e-02       1.132103097681e+04 
       5.922251120933e-02       1.119919987883e+04 
       6.027605646616e-02       1.106931180577e+04 
       6.143855042986e-02       1.092927236646e+04 
       6.272829571713e-02       1.077625513972e+04 
       6.416606666588e-02       1.060645662897e+04 
       6.577430483500e-02       1.041503749229e+04 
       6.757522617579e-02       1.019583296858e+04 
       6.958746293643e-02       9.941758319663e+03 
       7.182138353825e-02       9.645724284949e+03 
       7.427438163755e-02       9.302520115581e+03 
       7.692861429718e-02       8.911219201699e+03 
       7.975334167169e-02       8.477226806342e+03 
       8.271139746556e-02       8.012598014413e+03 
       8.576654114900e-02       7.534289448169e+03 
       8.888843439287e-02       7.061156048361e+03 
       9.205430585191e-02       6.610835118329e+03 
       9.524830915469e-02       6.197551559545e+03 
       9.845996023531e-02       5.830856913575e+03 
       1.016825458712e-01       5.515379012864e+03 
       1.049118553256e-01       5.251204340219e+03 
       1.081452811827e-01       5.034592393856e+03 
       1.113812214910e-01       4.858940823434e+03 
       1.146186966825e-01       4.715660525040e+03 
       1.178571094144e-01       4.595104152380e+03 
       1.210960959645e-01       4.487500680956e+03 
       1.243354349961e-01       4.383763790553e+03 
       1.275749918086e-01       4.276276920570e+03 
       1.308146843684e-01       4.159520693515e+03 
       1.340544626455e-01       4.030423621493e+03 
       1.372942960570e-01       3.888439829718e+03 
       1.405341658405e-01       3.735296054772e+03 
       1.437740604232e-01       3.574487466597e+03 
       1.470139726102e-01       3.410614697716e+03 
       1.502538978765e-01       3.248680565637e+03 
       1.534938333302e-01       3.093460963397e+03 
       1.567337770813e-01       2.949000682656e+03 
       1.599737278586e-01       2.818257793890e+03 
       1.632136847756e-01       2.702945151839e+03 
       1.664536471878e-01       2.603528907462e+03 
       1.696936146057e-01       2.519301532697e+03 
       1.729335866407e-01       2.448600115921e+03 
       1.761735629721e-01       2.389042022980e+03 
       1.794135433264e-01       2.337782711535e+03 
       1.826535274640e-01       2.291811151100e+03 
       1.858935151711e-01       2.248620120939e+03 
       1.891335062540e-01       2.205433955017e+03 
       1.923735005354e-01       2.159881445845e+03 
       1.956134978519e-01       2.110531101156e+03 
       1.988534980518e-01       2.056763475437e+03 
       2.020935009944e-01       1.998737976497e+03 
       2.053335065479e-01       1.937280358969e+03 
       2.085735145894e-01       1.873699328788e+03 
       2.118135250035e-01       1.809540672265e+03 
       2.150535376820e-01       1.746404322283e+03 
       2.182935525234e-01       1.685708839216e+03 
       2.215335694318e-01       1.628610311715e+03 
       2.247735883173e-01       1.575951038082e+03 
       2.280136090950e-01       1.528216965385e+03 
       2.312536316847e-01       1.485562361255e+03 
       2.344936560108e-01       1.447815137863e+03 
       2.377336820020e-01       1.414508529651e+03 
       2.409737095904e-01       1.384942675121e+03 
       2.442137387122e-01       1.358240986026e+03 
       2.474537693067e-01       1.333454408378e+03 
       2.506938013165e-01       1.309655278812e+03 
       2.539338346870e-01       1.286022984545e+03 
       2.571738693665e-01       1.261916089679e+03 
       2.604139053058e-01       1.236903152095e+03 
       2.636539424582e-01       1.210773260217e+03 
       2.668939807793e-01       1.183520098756e+03 
       2.701340202267e-01       1.155317057409e+03 
       2.733740607601e-01       1.126490408890e+03 
       2.766141023413e-01       1.097463447641e+03 
       2.798541449335e-01       1.068718988224e+03 
       2.830941885019e-01       1.040742607433e+03 
       2.863342330131e-01       1.013965150373e+03 
       2.895742784354e-01       9.887179386058e+02 
       2.928143247383e-01       9.652058214751e+02 
       2.960543718927e-01       9.434946299491e+02 
       2.992944198708e-01       9.235273201786e+02 
       3.025344686461e-01       9.051490971575e+02 
       3.057745181930e-01       8.881333618218e+02 
       3.090145684872e-01       8.722127555448e+02 
       3.122546195053e-01       8.571104404337e+02 
       3.154946712248e-01       8.425432858399e+02 
       3.187347236243e-01       8.282520361740e+02 
       3.219747766831e-01       8.140138749683e+02 
       3.252148303815e-01       7.996661854367e+02 
       3.284548847003e-01       7.851098057550e+02 
       3.316949396214e-01       7.703222776898e+02 
       3.349349951272e-01       7.553470765966e+02 
       3.381750512007e-01       7.402786478743e+02 
       3.414151078258e-01       7.252481852591e+02 
       3.446551649869e-01       7.103910522156e+02 
       3.478952226688e-01       6.958464965134e+02 
       3.511352808571e-01       6.817296109854e+02 
       3.543753395378e-01       6.681420531059e+02 
       3.576153986975e-01       6.551549763538e+02 
       3.608554583233e-01       6.428124265782e+02 
       3.640955184026e-01       6.311218091462e+02 
       3.673355789234e-01       6.200560190452e+02 
       3.705756398740e-01       6.095551416551e+02 
       3.738157012433e-01       5.995353242656e+02 
       3.770557630203e-01       5.898977136488e+02 
       3.802958251947e-01       5.805447259084e+02 
       3.835358877563e-01       5.713906467847e+02 
       3.867759506953e-01       5.623672455283e+02 
       3.900160140023e-01       5.534243984338e+02 
       3.932560776682e-01       5.445323100400e+02 
       3.964961416841e-01       5.356750143744e+02 
       3.997362060415e-01       5.268532074222e+02 
       4.029762707321e-01       5.180790461666e+02 
       4.062163357479e-01       5.093781180310e+02 
       4.094564010812e-01       5.007842129590e+02 
       4.126964667244e-01       4.923386334375e+02 
       4.159365326703e-01       4.840802989724e+02 
       4.191765989118e-01       4.760426856125e+02 
       4.224166654421e-01       4.682437356744e+02 
       4.256567322546e-01       4.606984758678e+02 
       4.288967993429e-01       4.534031495914e+02 
       4.321368667007e-01       4.463528488767e+02 
       4.353769343220e-01       4.395342099831e+02 
       4.386170022010e-01       4.329333032897e+02 
       4.418570703319e-01       4.265334085612e+02 
       4.450971387092e-01       4.203108543549e+02 
       4.483372073276e-01       4.142425293329e+02 
       4.515772761818e-01       4.083002667645e+02 
       4.548173452669e-01       4.024583714931e+02 
       4.580574145778e-01       3.966974243613e+02 
       4.612974841099e-01       3.910065893056e+02 
       4.645375538584e-01       3.853772399791e+02 
       4.677776238188e-01       3.798134339356e+02 
       4.710176939868e-01       3.743151560544e+02 
       4.742577643582e-01       3.688934116432e+02 
       4.774978349286e-01       3.635500550139e+02 
       4.807379056942e-01       3.582935247595e+02 
       4.839779766509e-01       3.531354607182e+02 
       4.872180477950e-01       3.480828314042e+02 
       4.904581191227e-01       3.431484192337e+02 
       4.936981906303e-01       3.383384940260e+02 
       4.969382623145e-01       3.336543943228e+02 
       5.001783341717e-01       3.290955582012e+02 
       5.034184061985e-01       3.246537433335e+02 
       5.066584783917e-01       3.203201664709e+02 
       5.098985507482e-01       3.160826943857e+02 
       5.131386232647e-01       3.119314554799e+02 
       5.163786959384e-01       3.078608947109e+02 
       5.196187687662e-01       3.038610930394e+02 
       5.228588417453e-01       2.999281512865e+02 
       5.260989148729e-01       2.960531524757e+02 
       5.488415966697e-01       2.703593141312e+02 
       5.738147365394e-01       2.456148368781e+02 
       6.016103987712e-01       2.218441928949e+02 
       6.330984571748e-01       1.984722928740e+02 
       6.696215108184e-01       1.755612911387e+02 
       7.133817401109e-01       1.526677104434e+02 
       7.682711019258e-01       1.294750496412e+02 
       8.417910505529e-01       1.054730872669e+02 
       9.495424846739e-01       8.025345482108e+01 
       1.122274439640e+00       5.463817834427e+01 
       1.391291207044e+00       3.305021102822e+01 
       1.750103138830e+00       1.913974487199e+01 
       2.203229341536e+00       1.096444627370e+01 
       2.773701354201e+00       6.230453678388e+00 
       3.491883119514e+00       3.514629133340e+00 
       4.396020394171e+00       1.969472018102e+00 
       5.534261784987e+00       1.096957916437e+00 
       6.967222796641e+00       6.076071452848e-01 
       8.771213828324e+00       3.348468408730e-01 
       1.104230398076e+01       1.836682391784e-01 
       1.390143708613e+01       1.003091123772e-01 
