# Matter power spectrum P(k) at redshift z=0
# for k=1.05216e-05 to 13.9014 h/Mpc,
# number of wavenumbers equal to 548
#    1:k (h/Mpc)              2:P (Mpc/h)^3        
       1.052162017240e-05       5.194528146509e+01 
       2.350772107913e-05       1.123840074321e+02 
       3.654020024128e-05       1.716305314582e+02 
       4.965469873119e-05       2.303800904442e+02 
       6.288745637405e-05       2.890210011825e+02 
       7.627564016474e-05       3.478399913990e+02 
       8.985768334586e-05       4.070795648107e+02 
       1.036736397250e-04       4.669613449550e+02 
       1.177655578436e-04       5.276980038964e+02 
       1.321778796441e-04       5.895003939297e+02 
       1.469578682853e-04       6.525824695498e+02 
       1.621560696842e-04       7.171650585072e+02 
       1.778268121613e-04       7.834790664030e+02 
       1.940287481518e-04       8.517683542096e+02 
       2.108254412086e-04       9.222925133654e+02 
       2.282860003257e-04       9.953295465522e+02 
       2.464857617582e-04       1.071178586464e+03 
       2.655070157703e-04       1.150162607115e+03 
       2.854397717961e-04       1.232631120300e+03 
       3.063825500011e-04       1.318962816508e+03 
       3.284431797490e-04       1.409568081816e+03 
       3.517395755950e-04       1.504891203145e+03 
       3.764004487259e-04       1.605412121470e+03 
       4.025658960250e-04       1.711647492189e+03 
       4.303877902338e-04       1.824150687918e+03 
       4.600298737232e-04       1.943510369090e+03 
       4.916674368247e-04       2.070347179611e+03 
       5.254864425558e-04       2.205308010267e+03 
       5.616819476895e-04       2.349057273923e+03 
       6.004556721769e-04       2.502264788111e+03 
       6.420125931567e-04       2.665589779580e+03 
       6.865564946312e-04       2.839661072616e+03 
       7.342844955267e-04       3.025053696510e+03 
       7.853807074603e-04       3.222262741335e+03 
       8.400093291696e-04       3.431676127092e+03 
       8.983076443675e-04       3.653548072800e+03 
       9.603795189002e-04       3.887976010939e+03 
       1.026290051399e-03       4.134883510994e+03 
       1.096061986160e-03       4.394011311940e+03 
       1.169674336399e-03       4.664918414329e+03 
       1.247063410278e-03       4.946993223910e+03 
       1.328126131146e-03       5.239474105686e+03 
       1.412725263021e-03       5.541449371654e+03 
       1.500695952217e-03       5.851955890372e+03 
       1.591852910682e-03       6.169975654516e+03 
       1.685997597132e-03       6.494452377457e+03 
       1.782924870927e-03       6.824333309711e+03 
       1.882428759257e-03       7.158592653515e+03 
       1.984307149445e-03       7.496250024538e+03 
       2.088365365329e-03       7.836383985120e+03 
       2.194418694421e-03       8.178140075118e+03 
       2.302293998561e-03       8.520736021428e+03 
       2.411830570806e-03       8.863462852766e+03 
       2.522880404826e-03       9.205682875473e+03 
       2.635308029882e-03       9.546827766912e+03 
       2.748990042548e-03       9.886393186130e+03 
       2.863814441592e-03       1.022393589074e+04 
       2.979679848539e-03       1.055906633446e+04 
       3.096494675272e-03       1.089144548234e+04 
       3.214176282509e-03       1.122077861066e+04 
       3.332650158999e-03       1.154681178264e+04 
       3.451849140678e-03       1.186932651875e+04 
       3.571712681076e-03       1.218813279474e+04 
       3.692186178644e-03       1.250307396010e+04 
       3.813220362724e-03       1.281401430955e+04 
       3.934770737248e-03       1.312084399291e+04 
       4.056797079609e-03       1.342346715595e+04 
       4.179262991157e-03       1.372180937085e+04 
       4.302135495260e-03       1.401581103826e+04 
       4.425384678732e-03       1.430542284293e+04 
       4.548983372436e-03       1.459060987020e+04 
       4.672906867087e-03       1.487134342074e+04 
       4.797132660503e-03       1.514761325443e+04 
       4.921640232876e-03       1.541939489324e+04 
       5.046410846930e-03       1.568671198784e+04 
       5.171427370143e-03       1.594955866699e+04 
       5.296674116521e-03       1.614959202500e+04 
       5.422136705660e-03       1.640126393121e+04 
       5.547801937108e-03       1.664848028737e+04 
       5.673657678258e-03       1.689126015985e+04 
       5.799692764211e-03       1.712963497969e+04 
       5.925896908236e-03       1.736362511526e+04 
       6.052260621603e-03       1.759326476515e+04 
       6.178775141736e-03       1.781859022414e+04 
       6.305432367739e-03       1.803962955672e+04 
       6.432224802458e-03       1.825641700852e+04 
       6.559145500367e-03       1.846899458718e+04 
       6.686188020621e-03       1.867739375134e+04 
       6.813346384718e-03       1.888166047164e+04 
       6.940615038267e-03       1.908183412585e+04 
       7.067988816420e-03       1.927794967893e+04 
       7.195462912579e-03       1.947005131084e+04 
       7.323032850035e-03       1.965818028750e+04 
       7.450694456232e-03       1.984237190997e+04 
       7.578443839380e-03       2.002267516428e+04 
       7.706277367195e-03       2.019913164059e+04 
       7.834191647523e-03       2.037178932512e+04 
       7.962183510688e-03       2.054067296664e+04 
       8.090249993374e-03       2.070584046330e+04 
       8.218388323908e-03       2.086732762860e+04 
       8.346595908785e-03       2.102516269413e+04 
       8.474870320347e-03       2.117941659344e+04 
       8.603209285481e-03       2.133011719972e+04 
       8.731610675253e-03       2.147730126006e+04 
       8.860072495387e-03       2.162101590480e+04 
       8.988592877524e-03       2.176129280055e+04 
       9.117170071166e-03       2.189818253504e+04 
       9.245802436271e-03       2.203172079886e+04 
       9.374488436424e-03       2.216194916680e+04 
       9.503226632536e-03       2.228890768100e+04 
       9.632015677038e-03       2.241263161640e+04 
       9.760854308503e-03       2.253315874706e+04 
       9.889741346691e-03       2.265053509930e+04 
       1.001867568796e-02       2.276478253972e+04 
       1.014765630100e-02       2.287595209396e+04 
       1.027668222292e-02       2.298407788692e+04 
       1.040575255559e-02       2.308919072667e+04 
       1.053486646227e-02       2.319133680249e+04 
       1.066402316444e-02       2.329054425177e+04 
       1.079322193894e-02       2.338685073081e+04 
       1.092246211522e-02       2.348029392392e+04 
       1.105174307285e-02       2.357090987598e+04 
       1.118106423920e-02       2.365871565955e+04 
       1.131042508723e-02       2.374378143883e+04 
       1.143982513352e-02       2.382611507885e+04 
       1.156926393637e-02       2.390576183194e+04 
       1.169874109404e-02       2.398274091283e+04 
       1.182825624318e-02       2.405709715991e+04 
       1.195780905728e-02       2.412887482236e+04 
       1.208739924525e-02       2.419808710104e+04 
       1.221702655018e-02       2.426477162865e+04 
       1.234669074807e-02       2.432896511861e+04 
       1.247639164673e-02       2.439068872228e+04 
       1.260612908473e-02       2.444998846536e+04 
       1.273590293043e-02       2.450688829487e+04 
       1.286571308106e-02       2.456142028547e+04 
       1.299555946191e-02       2.461361545355e+04 
       1.312544202555e-02       2.466350702680e+04 
       1.325536075111e-02       2.471111498273e+04 
       1.338531564362e-02       2.475649438172e+04 
       1.351530673340e-02       2.479964361236e+04 
       1.364533407550e-02       2.484060798424e+04 
       1.377539774920e-02       2.487941137463e+04 
       1.390549785752e-02       2.491608667283e+04 
       1.403563452678e-02       2.495065513937e+04 
       1.416580790625e-02       2.498314243339e+04 
       1.429601816775e-02       2.501358294047e+04 
       1.442626550538e-02       2.504200608888e+04 
       1.455655013517e-02       2.506842275596e+04 
       1.468687229490e-02       2.509287587717e+04 
       1.481723224380e-02       2.511537522058e+04 
       1.494763026242e-02       2.513596389732e+04 
       1.507806665244e-02       2.515466223399e+04 
       1.520854173650e-02       2.517149318680e+04 
       1.533905585813e-02       2.518647012066e+04 
       1.546960938166e-02       2.519964110747e+04 
       1.560020269211e-02       2.521101811927e+04 
       1.573083619518e-02       2.522062536050e+04 
       1.586151031723e-02       2.522849847773e+04 
       1.599222550526e-02       2.523463487631e+04 
       1.612298222697e-02       2.523908726215e+04 
       1.625378097073e-02       2.524187601647e+04 
       1.638462224574e-02       2.524298986772e+04 
       1.651550658203e-02       2.524248923177e+04 
       1.664643453057e-02       2.524039200684e+04 
       1.677740666345e-02       2.523670779075e+04 
       1.690842357393e-02       2.523146398864e+04 
       1.703948587665e-02       2.522468304588e+04 
       1.717059420779e-02       2.521639580958e+04 
       1.730174922525e-02       2.520660736542e+04 
       1.743295160886e-02       2.519536126159e+04 
       1.756420206062e-02       2.518266174234e+04 
       1.769550130488e-02       2.516853496385e+04 
       1.782685008870e-02       2.515299597760e+04 
       1.795824918201e-02       2.513607840736e+04 
       1.808969937799e-02       2.511779879611e+04 
       1.822120149331e-02       2.509817406974e+04 
       1.835275636850e-02       2.507722886597e+04 
       1.848436486828e-02       2.505496946826e+04 
       1.861602788189e-02       2.503143413209e+04 
       1.874774632350e-02       2.500663915258e+04 
       1.887952113256e-02       2.498062148896e+04 
       1.901135327425e-02       2.495336439351e+04 
       1.914324373989e-02       2.492491574439e+04 
       1.927519354737e-02       2.489526993567e+04 
       1.940720374161e-02       2.486446960697e+04 
       1.953927539506e-02       2.483251677968e+04 
       1.967140960817e-02       2.479944412233e+04 
       1.980360750994e-02       2.476526421279e+04 
       1.993587025841e-02       2.473001668130e+04 
       2.006819904124e-02       2.469369540003e+04 
       2.020059507628e-02       2.465631461864e+04 
       2.033305961215e-02       2.461791168108e+04 
       2.046559392887e-02       2.457846226131e+04 
       2.059819933848e-02       2.453804813849e+04 
       2.073087718570e-02       2.449667687269e+04 
       2.086362884860e-02       2.445430741602e+04 
       2.099645573930e-02       2.441098955328e+04 
       2.112935930470e-02       2.436678208811e+04 
       2.126234102721e-02       2.432167349239e+04 
       2.139540242552e-02       2.427563132190e+04 
       2.152854505542e-02       2.422874049275e+04 
       2.166177051056e-02       2.418093531163e+04 
       2.179508042336e-02       2.413240964052e+04 
       2.192847646583e-02       2.408302216461e+04 
       2.206196035048e-02       2.403280275307e+04 
       2.219553383128e-02       2.398178628904e+04 
       2.232919870454e-02       2.393000354654e+04 
       2.246295680998e-02       2.387748087032e+04 
       2.259681003169e-02       2.382415765426e+04 
       2.273076029917e-02       2.377017857249e+04 
       2.286480958848e-02       2.371545796893e+04 
       2.299895992324e-02       2.366002776278e+04 
       2.313321337590e-02       2.360388119766e+04 
       2.326757206883e-02       2.354712608595e+04 
       2.340203817558e-02       2.348972249337e+04 
       2.353661392216e-02       2.343160023944e+04 
       2.367130158827e-02       2.337290199890e+04 
       2.380610350874e-02       2.331361851787e+04 
       2.394102207480e-02       2.325362753864e+04 
       2.407605973561e-02       2.319321239752e+04 
       2.421121899967e-02       2.313215759474e+04 
       2.434650243633e-02       2.307052777085e+04 
       2.448191267743e-02       2.300834064053e+04 
       2.461745241882e-02       2.294562409008e+04 
       2.475312442212e-02       2.288243478340e+04 
       2.488893151639e-02       2.281874544181e+04 
       2.502487659991e-02       2.275453314638e+04 
       2.516096264207e-02       2.268981892621e+04 
       2.529719268522e-02       2.262469259428e+04 
       2.543356984663e-02       2.255907726054e+04 
       2.557009732058e-02       2.249303035917e+04 
       2.570677838037e-02       2.242655932205e+04 
       2.584361638056e-02       2.235963813172e+04 
       2.598061475917e-02       2.229238644758e+04 
       2.611777704002e-02       2.222468454345e+04 
       2.625510683509e-02       2.215661037088e+04 
       2.639260784704e-02       2.208815886852e+04 
       2.653028387176e-02       2.201937631988e+04 
       2.666813880099e-02       2.195017114535e+04 
       2.680617662513e-02       2.188069694549e+04 
       2.694440143603e-02       2.181088711980e+04 
       2.708281742995e-02       2.174076965107e+04 
       2.722142891062e-02       2.167030460680e+04 
       2.736024029240e-02       2.159960981912e+04 
       2.749925610352e-02       2.152861923244e+04 
       2.763848098952e-02       2.145731295256e+04 
       2.777791971675e-02       2.138571579934e+04 
       2.791757717599e-02       2.131391042531e+04 
       2.805745838630e-02       2.124185831268e+04 
       2.819756849886e-02       2.116957131311e+04 
       2.833791280112e-02       2.109713891125e+04 
       2.847849672100e-02       2.102441608607e+04 
       2.861932583126e-02       2.095141771505e+04 
       2.876040585411e-02       2.087824368491e+04 
       2.890174266590e-02       2.080497700138e+04 
       2.904334230209e-02       2.073146811052e+04 
       2.918521096234e-02       2.065776296141e+04 
       2.932735501584e-02       2.058393070129e+04 
       2.946978100686e-02       2.050997129811e+04 
       2.961249566051e-02       2.043582721690e+04 
       2.975550588873e-02       2.036151979094e+04 
       2.989881879654e-02       2.028713112579e+04 
       3.004244168855e-02       2.021256883444e+04 
       3.018638207573e-02       2.013790314414e+04 
       3.033064768247e-02       2.006312294640e+04 
       3.047524645398e-02       1.998826994899e+04 
       3.062018656390e-02       1.991329186245e+04 
       3.076547642238e-02       1.983821298684e+04 
       3.091112468442e-02       1.976310573927e+04 
       3.105714025859e-02       1.968790208466e+04 
       3.120353231615e-02       1.961257323631e+04 
       3.135031030061e-02       1.953718682636e+04 
       3.149748393766e-02       1.946182563663e+04 
       3.164506324559e-02       1.938634339148e+04 
       3.179305854619e-02       1.931081785155e+04 
       3.194148047617e-02       1.923531245107e+04 
       3.209033999906e-02       1.915967989241e+04 
       3.223964841776e-02       1.908410940487e+04 
       3.238941738760e-02       1.900845644200e+04 
       3.253965893010e-02       1.893281578143e+04 
       3.269038544739e-02       1.885711527278e+04 
       3.284160973729e-02       1.878143875916e+04 
       3.299334500921e-02       1.870572162318e+04 
       3.314560490080e-02       1.863009217411e+04 
       3.329840349547e-02       1.855439335467e+04 
       3.345175534078e-02       1.847871712239e+04 
       3.360567546786e-02       1.840300567475e+04 
       3.376017941171e-02       1.832741792229e+04 
       3.391528323272e-02       1.825179157467e+04 
       3.407100353922e-02       1.817620030666e+04 
       3.422735751136e-02       1.810061546022e+04 
       3.438436292620e-02       1.802509634226e+04 
       3.454203818419e-02       1.794960363599e+04 
       3.470040233725e-02       1.787413772307e+04 
       3.485947511822e-02       1.779868775809e+04 
       3.501927697224e-02       1.772331847753e+04 
       3.517982908970e-02       1.764796208106e+04 
       3.534115344131e-02       1.757269451484e+04 
       3.550327281510e-02       1.749742162129e+04 
       3.566621085570e-02       1.742226986414e+04 
       3.582999210602e-02       1.734711286160e+04 
       3.599464205136e-02       1.727201522132e+04 
       3.616018716639e-02       1.719695229381e+04 
       3.632665496497e-02       1.712196801191e+04 
       3.649407405320e-02       1.704708105365e+04 
       3.666247418581e-02       1.697221365203e+04 
       3.683188632629e-02       1.689743654599e+04 
       3.700234271088e-02       1.682262615576e+04 
       3.717387691695e-02       1.674795185270e+04 
       3.734652393587e-02       1.667331221799e+04 
       3.752032025097e-02       1.659875728092e+04 
       3.769530392089e-02       1.652425461897e+04 
       3.787151466869e-02       1.644982161521e+04 
       3.804899397748e-02       1.637543125060e+04 
       3.822778519281e-02       1.630106902735e+04 
       3.840793363262e-02       1.622677489960e+04 
       3.858948670541e-02       1.615256695957e+04 
       3.877249403722e-02       1.607841526237e+04 
       3.895700760840e-02       1.600431852315e+04 
       3.914308190094e-02       1.593024232673e+04 
       3.933077405747e-02       1.585625079271e+04 
       3.952014405293e-02       1.578223191410e+04 
       3.971125488021e-02       1.570828033075e+04 
       3.990417275105e-02       1.563442952921e+04 
       4.009896731388e-02       1.556056157588e+04 
       4.029571189012e-02       1.548674426527e+04 
       4.049448373096e-02       1.541295152531e+04 
       4.069536429676e-02       1.533913946089e+04 
       4.089843956138e-02       1.526535427019e+04 
       4.110380034434e-02       1.519163513029e+04 
       4.131154267354e-02       1.511788521562e+04 
       4.152176818235e-02       1.504415512711e+04 
       4.173458454467e-02       1.497036798725e+04 
       4.195010595251e-02       1.489662801685e+04 
       4.216845364108e-02       1.482285136228e+04 
       4.238975646711e-02       1.474903502493e+04 
       4.261415154690e-02       1.467519205801e+04 
       4.284178496153e-02       1.460130484011e+04 
       4.307281253788e-02       1.452735873324e+04 
       4.330740071514e-02       1.445336932256e+04 
       4.354572750826e-02       1.437925232072e+04 
       4.378798358138e-02       1.430508858551e+04 
       4.403437344635e-02       1.423084067246e+04 
       4.428511680406e-02       1.415646458519e+04 
       4.454045004904e-02       1.408192967245e+04 
       4.480062796129e-02       1.400732619704e+04 
       4.506592561363e-02       1.393251370035e+04 
       4.533664052738e-02       1.385750542624e+04 
       4.561309511578e-02       1.378230771468e+04 
       4.589563946101e-02       1.370692164955e+04 
       4.618465448014e-02       1.363124832243e+04 
       4.648055554522e-02       1.355540547486e+04 
       4.678379663626e-02       1.347923251222e+04 
       4.709487512124e-02       1.340272284050e+04 
       4.741433727710e-02       1.332588327003e+04 
       4.774278468959e-02       1.324867005060e+04 
       4.808088169976e-02       1.317101521648e+04 
       4.842936410232e-02       1.309294752925e+04 
       4.878904934729e-02       1.301438558882e+04 
       4.916084855550e-02       1.293523344813e+04 
       4.954578073176e-02       1.285550680122e+04 
       4.994498965325e-02       1.277512309690e+04 
       5.035976402938e-02       1.269397496571e+04 
       5.079156168005e-02       1.261204530931e+04 
       5.124203867190e-02       1.252920146069e+04 
       5.171308459725e-02       1.244535169532e+04 
       5.220686549247e-02       1.236040621483e+04 
       5.272587628721e-02       1.227414165595e+04 
       5.327300517012e-02       1.218648093931e+04 
       5.385161286438e-02       1.209720381561e+04 
       5.446563052827e-02       1.200600350995e+04 
       5.511968080349e-02       1.191266927948e+04 
       5.581922732395e-02       1.181674703433e+04 
       5.657075852001e-02       1.171780207766e+04 
       5.738201125212e-02       1.161519185224e+04 
       5.826223754178e-02       1.150812293596e+04 
       5.922251120933e-02       1.139552594996e+04 
       6.027605646616e-02       1.127595355274e+04 
       6.143855042986e-02       1.114747048089e+04 
       6.272829571713e-02       1.100741305031e+04 
       6.416606666588e-02       1.085212068735e+04 
       6.577430483500e-02       1.067684110633e+04 
       6.757522617579e-02       1.047536637775e+04 
       6.958746293643e-02       1.024035428760e+04 
       7.182138353825e-02       9.964160362183e+03 
       7.427438163755e-02       9.640711748487e+03 
       7.692861429718e-02       9.268045310559e+03 
       7.975334167169e-02       8.850642328950e+03 
       8.271139746556e-02       8.400059068711e+03 
       8.576654114900e-02       7.933340494710e+03 
       8.888843439287e-02       7.469948253380e+03 
       9.205430585191e-02       7.028409609538e+03 
       9.524830915469e-02       6.623869884085e+03 
       9.845996023531e-02       6.266644715898e+03 
       1.016825458712e-01       5.961889513576e+03 
       1.049118553256e-01       5.709976330678e+03 
       1.081452811827e-01       5.507232828796e+03 
       1.113812214910e-01       5.346937587879e+03 
       1.146186966825e-01       5.220201350818e+03 
       1.178571094144e-01       5.116898115993e+03 
       1.210960959645e-01       5.026616595731e+03 
       1.243354349961e-01       4.939509679853e+03 
       1.275749918086e-01       4.847166654899e+03 
       1.308146843684e-01       4.743360236602e+03 
       1.340544626455e-01       4.624517803802e+03 
       1.372942960570e-01       4.489891554956e+03 
       1.405341658405e-01       4.341336182959e+03 
       1.437740604232e-01       4.182767634546e+03 
       1.470139726102e-01       4.019408376404e+03 
       1.502538978765e-01       3.856966879614e+03 
       1.534938333302e-01       3.700898657125e+03 
       1.567337770813e-01       3.555820096793e+03 
       1.599737278586e-01       3.425106742576e+03 
       1.632136847756e-01       3.310726482760e+03 
       1.664536471878e-01       3.213253606213e+03 
       1.696936146057e-01       3.131962276129e+03 
       1.729335866407e-01       3.065072529149e+03 
       1.761735629721e-01       3.010005338802e+03 
       1.794135433264e-01       2.963655897090e+03 
       1.826535274640e-01       2.922708992041e+03 
       1.858935151711e-01       2.884385258269e+03 
       1.891335062540e-01       2.845568766933e+03 
       1.923735005354e-01       2.803570092771e+03 
       1.956134978519e-01       2.756749951186e+03 
       1.988534980518e-01       2.704394000282e+03 
       2.020935009944e-01       2.646688341971e+03 
       2.053335065479e-01       2.584595940040e+03 
       2.085735145894e-01       2.519643588561e+03 
       2.118135250035e-01       2.453632500131e+03 
       2.150535376820e-01       2.388420259804e+03 
       2.182935525234e-01       2.325646564905e+03 
       2.215335694318e-01       2.266639760805e+03 
       2.247735883173e-01       2.212361280556e+03 
       2.280136090950e-01       2.163362613596e+03 
       2.312536316847e-01       2.119818795035e+03 
       2.344936560108e-01       2.081538871377e+03 
       2.377336820020e-01       2.048003988772e+03 
       2.409737095904e-01       2.018436756517e+03 
       2.442137387122e-01       1.991862957227e+03 
       2.474537693067e-01       1.967226506193e+03 
       2.506938013165e-01       1.943493357967e+03 
       2.539338346870e-01       1.919747625659e+03 
       2.571738693665e-01       1.895273906656e+03 
       2.604139053058e-01       1.869593819497e+03 
       2.636539424582e-01       1.842479497346e+03 
       2.668939807793e-01       1.813936327357e+03 
       2.701340202267e-01       1.784174371534e+03 
       2.733740607601e-01       1.753576471257e+03 
       2.766141023413e-01       1.722633082620e+03 
       2.798541449335e-01       1.691897820471e+03 
       2.830941885019e-01       1.661922168590e+03 
       2.863342330131e-01       1.633190763230e+03 
       2.895742784354e-01       1.606072346301e+03 
       2.928143247383e-01       1.580791664662e+03 
       2.960543718927e-01       1.557417817351e+03 
       2.992944198708e-01       1.535884133716e+03 
       3.025344686461e-01       1.516017285669e+03 
       3.057745181930e-01       1.497566600425e+03 
       3.090145684872e-01       1.480238412543e+03 
       3.122546195053e-01       1.463730293071e+03 
       3.154946712248e-01       1.447734389969e+03 
       3.187347236243e-01       1.431970327883e+03 
       3.219747766831e-01       1.416198838542e+03 
       3.252148303815e-01       1.400247561182e+03 
       3.284548847003e-01       1.384014340132e+03 
       3.316949396214e-01       1.367481171735e+03 
       3.349349951272e-01       1.350701798477e+03 
       3.381750512007e-01       1.333784686538e+03 
       3.414151078258e-01       1.316876849656e+03 
       3.446551649869e-01       1.300128179216e+03 
       3.478952226688e-01       1.283690857151e+03 
       3.511352808571e-01       1.267689324010e+03 
       3.543753395378e-01       1.252231982747e+03 
       3.576153986975e-01       1.237393390635e+03 
       3.608554583233e-01       1.223218392860e+03 
       3.640955184026e-01       1.209712613774e+03 
       3.673355789234e-01       1.196845316927e+03 
       3.705756398740e-01       1.184551727286e+03 
       3.738157012433e-01       1.172742743952e+03 
       3.770557630203e-01       1.161314540128e+03 
       3.802958251947e-01       1.150165608622e+03 
       3.835358877563e-01       1.139207696135e+03 
       3.867759506953e-01       1.128371443181e+03 
       3.900160140023e-01       1.117606810784e+03 
       3.932560776682e-01       1.106885125657e+03 
       3.964961416841e-01       1.096192164651e+03 
       3.997362060415e-01       1.085530831777e+03 
       4.029762707321e-01       1.074915609963e+03 
       4.062163357479e-01       1.064374339026e+03 
       4.094564010812e-01       1.053942691593e+03 
       4.126964667244e-01       1.043663302750e+03 
       4.159365326703e-01       1.033575723147e+03 
       4.191765989118e-01       1.023713404236e+03 
       4.224166654421e-01       1.014093799666e+03 
       4.256567322546e-01       1.004731119593e+03 
       4.288967993429e-01       9.956207912611e+02 
       4.321368667007e-01       9.867570914021e+02 
       4.353769343220e-01       9.781260455324e+02 
       4.386170022010e-01       9.697132588660e+02 
       4.418570703319e-01       9.615017750365e+02 
       4.450971387092e-01       9.534681167627e+02 
       4.483372073276e-01       9.455896347046e+02 
       4.515772761818e-01       9.378391257952e+02 
       4.548173452669e-01       9.301921099504e+02 
       4.580574145778e-01       9.226304049630e+02 
       4.612974841099e-01       9.151441981384e+02 
       4.645375538584e-01       9.077258857412e+02 
       4.677776238188e-01       9.003798571397e+02 
       4.710176939868e-01       8.931065980051e+02 
       4.742577643582e-01       8.859168027289e+02 
       4.774978349286e-01       8.788124789646e+02 
       4.807379056942e-01       8.718016317941e+02 
       4.839779766509e-01       8.648950234196e+02 
       4.872180477950e-01       8.580989171019e+02 
       4.904581191227e-01       8.514247037031e+02 
       4.936981906303e-01       8.448776296197e+02 
       4.969382623145e-01       8.384583585481e+02 
       5.001783341717e-01       8.321657929907e+02 
       5.034184061985e-01       8.259919587778e+02 
       5.066584783917e-01       8.199285059497e+02 
       5.098985507482e-01       8.139642379496e+02 
       5.131386232647e-01       8.080901191324e+02 
       5.163786959384e-01       8.023010287059e+02 
       5.196187687662e-01       7.965881078193e+02 
       5.228588417453e-01       7.909478578370e+02 
       5.260989148729e-01       7.853724898238e+02 
       5.488415966697e-01       7.479564594430e+02 
       5.738147365394e-01       7.106630987107e+02 
       6.016103987712e-01       6.732923086469e+02 
       6.330984571748e-01       6.350960438322e+02 
       6.696215108184e-01       5.956842751657e+02 
       7.133817401109e-01       5.540624957714e+02 
       7.682711019258e-01       5.089228014675e+02 
       8.417910505529e-01       4.581092361313e+02 
       9.495424846739e-01       3.984467890432e+02 
       1.122274439640e+00       3.275528250290e+02 
       1.391291207044e+00       2.528446194855e+02 
       1.750103138830e+00       1.886442351514e+02 
       2.203229341536e+00       1.369059149938e+02 
       2.773701354201e+00       9.622815393777e+01 
       3.491883119514e+00       6.552399878889e+01 
       4.396020394171e+00       4.337581358457e+01 
       5.534261784987e+00       2.805182673139e+01 
       6.967222796641e+00       1.781805682759e+01 
       8.771213828324e+00       1.117632181486e+01 
       1.104230398076e+01       6.960635096023e+00 
       1.390143708613e+01       4.329142317943e+00 
