# Matter power spectrum P(k) at redshift z=0
# for k=1.05202e-05 to 13.9012 h/Mpc,
# number of wavenumbers equal to 548
#    1:k (h/Mpc)              2:P (Mpc/h)^3        
       1.052016662139e-05       5.173229457388e+01 
       2.350616969551e-05       1.119309604087e+02 
       3.653854624941e-05       1.709420372172e+02 
       4.965293652551e-05       2.294580594512e+02 
       6.288557946283e-05       2.878658087581e+02 
       7.627364110084e-05       3.464508729291e+02 
       8.985555364351e-05       4.054547862887e+02 
       1.036713697613e-04       4.650982853153e+02 
       1.177631367434e-04       5.255931866206e+02 
       1.321752951463e-04       5.871494951788e+02 
       1.469551065885e-04       6.499803028424e+02 
       1.621531152702e-04       7.143055438720e+02 
       1.778236475934e-04       7.803551884096e+02 
       1.940253538457e-04       8.483721118456e+02 
       2.108217951736e-04       9.186148422057e+02 
       2.282820778738e-04       9.913602551919e+02 
       2.464815351797e-04       1.066906259506e+03 
       2.655024539742e-04       1.145574507530e+03 
       2.854348399166e-04       1.227713072665e+03 
       3.063772089717e-04       1.313699092340e+03 
       3.284373858503e-04       1.403941252684e+03 
       3.517332799848e-04       1.498881997152e+03 
       3.763935969672e-04       1.598999270736e+03 
       4.025584276335e-04       1.704807570420e+03 
       4.303796382763e-04       1.816857937744e+03 
       4.600209645081e-04       1.935736543539e+03 
       4.916576897371e-04       2.062061394720e+03 
       5.254757701027e-04       2.196476596511e+03 
       5.616702558269e-04       2.339643684176e+03 
       6.004428609971e-04       2.492229528310e+03 
       6.419985580070e-04       2.654890415550e+03 
       6.865411277172e-04       2.828252309672e+03 
       7.342676880174e-04       3.012887530354e+03 
       7.853623520581e-04       3.209288752831e+03 
       8.399893230417e-04       3.417841866168e+03 
       8.982858922608e-04       3.638799551313e+03 
       9.603559361994e-04       3.872258342545e+03 
       1.026264566851e-03       4.118141562486e+03 
       1.096034543998e-03       4.376190549542e+03 
       1.169644897648e-03       4.645965625813e+03 
       1.247031953129e-03       4.926857343347e+03 
       1.328092650396e-03       5.218106955075e+03 
       1.412689768697e-03       5.518806461786e+03 
       1.500658467575e-03       5.827996781332e+03 
       1.591813469837e-03       6.144664473526e+03 
       1.685956242545e-03       6.467758195095e+03 
       1.782881650968e-03       6.796230329334e+03 
       1.882383725987e-03       7.129060375910e+03 
       1.984260356713e-03       7.465273207352e+03 
       2.088316867220e-03       7.803952591569e+03 
       2.194368544056e-03       8.144249054572e+03 
       2.302242247218e-03       8.485385124428e+03 
       2.411777267315e-03       8.826656253424e+03 
       2.522825595194e-03       9.167428924560e+03 
       2.635251757094e-03       9.507138320350e+03 
       2.748932346504e-03       9.845283924249e+03 
       2.863755359140e-03       1.018142496779e+04 
       2.979619413578e-03       1.051517459431e+04 
       3.096432918900e-03       1.084619589113e+04 
       3.214113233190e-03       1.117419587141e+04 
       3.332585842752e-03       1.149892194310e+04 
       3.451783581264e-03       1.182015667413e+04 
       3.571645900182e-03       1.213771100630e+04 
       3.692118196065e-03       1.245142882658e+04 
       3.813151196527e-03       1.276117485168e+04 
       3.934700403930e-03       1.306683941924e+04 
       4.056725594244e-03       1.336832672264e+04 
       4.179190367526e-03       1.366556219879e+04 
       4.302061745975e-03       1.395848611822e+04 
       4.425309815342e-03       1.424704881429e+04 
       4.548907405530e-03       1.453121501051e+04 
       4.672829806384e-03       1.481095559011e+04 
       4.797054514931e-03       1.508625972535e+04 
       4.921561010648e-03       1.535710243898e+04 
       5.046330555606e-03       1.562350701736e+04 
       5.171346016694e-03       1.588546662189e+04 
       5.296591707379e-03       1.614298731887e+04 
       5.422053246767e-03       1.639608394961e+04 
       5.547717433959e-03       1.664477117064e+04 
       5.673572135940e-03       1.688906664502e+04 
       5.799606187440e-03       1.712899909403e+04 
       5.925809301385e-03       1.736458865158e+04 
       6.052171988734e-03       1.759586585178e+04 
       6.178685486626e-03       1.782286597811e+04 
       6.305341693899e-03       1.804561501104e+04 
       6.432133113160e-03       1.826414554451e+04 
       6.559052798658e-03       1.847849869758e+04 
       6.686094309345e-03       1.868870331488e+04 
       6.813251666529e-03       1.889480524295e+04 
       6.940519315645e-03       1.909684113539e+04 
       7.067892091681e-03       1.929484528052e+04 
       7.195365187892e-03       1.948886050473e+04 
       7.322934127428e-03       1.967892673449e+04 
       7.450594737604e-03       1.986507811232e+04 
       7.578343126513e-03       2.004736214681e+04 
       7.706175661756e-03       2.022581926927e+04 
       7.834088951077e-03       2.040049630938e+04 
       7.962079824703e-03       2.057141652538e+04 
       8.090145319228e-03       2.073863651959e+04 
       8.218282662892e-03       2.090219088525e+04 
       8.346489262113e-03       2.106210630631e+04 
       8.474762689159e-03       2.121845235221e+04 
       8.603100670847e-03       2.137125538298e+04 
       8.731501078176e-03       2.152055081657e+04 
       8.859961916811e-03       2.166638423858e+04 
       8.988481318332e-03       2.180878605373e+04 
       9.117057532190e-03       2.194780557477e+04 
       9.245688918290e-03       2.208347677390e+04 
       9.374373940168e-03       2.221584040536e+04 
       9.503111158690e-03       2.234493489850e+04 
       9.631899226241e-03       2.247079454098e+04 
       9.760736881355e-03       2.259345615194e+04 
       9.889622943754e-03       2.271296462311e+04 
       1.001855630975e-02       2.282934089687e+04 
       1.014753594801e-02       2.294263539482e+04 
       1.027656089561e-02       2.305288142803e+04 
       1.040563025438e-02       2.316010902370e+04 
       1.053474318755e-02       2.326436371082e+04 
       1.066389891657e-02       2.336567323648e+04 
       1.079309671825e-02       2.346407471846e+04 
       1.092233592202e-02       2.355960518023e+04 
       1.105161590742e-02       2.365230066342e+04 
       1.118093610179e-02       2.374217700389e+04 
       1.131029597809e-02       2.382930422522e+04 
       1.143969505284e-02       2.391369001978e+04 
       1.156913288434e-02       2.399537839736e+04 
       1.169860907084e-02       2.407438899564e+04 
       1.182812324894e-02       2.415076512343e+04 
       1.195767509212e-02       2.422455108192e+04 
       1.208726430929e-02       2.429575901654e+04 
       1.221689064350e-02       2.436442615736e+04 
       1.234655387074e-02       2.443058816210e+04 
       1.247625379880e-02       2.449426559477e+04 
       1.260599026624e-02       2.455550246120e+04 
       1.273576314138e-02       2.461432505000e+04 
       1.286557232146e-02       2.467076224719e+04 
       1.299541773174e-02       2.472484427173e+04 
       1.312529932478e-02       2.477660472447e+04 
       1.325521707968e-02       2.482606223381e+04 
       1.338517100148e-02       2.487327098250e+04 
       1.351516112046e-02       2.491822943351e+04 
       1.364518749167e-02       2.496097986252e+04 
       1.377525019437e-02       2.500154599626e+04 
       1.390534933156e-02       2.503996277939e+04 
       1.403548502956e-02       2.507624920756e+04 
       1.416565743761e-02       2.511043035862e+04 
       1.429586672754e-02       2.514253921407e+04 
       1.442611309341e-02       2.517260646191e+04 
       1.455639675125e-02       2.520064230880e+04 
       1.468671793881e-02       2.522668666816e+04 
       1.481707691533e-02       2.525075258994e+04 
       1.494747396133e-02       2.527288100094e+04 
       1.507790937847e-02       2.529309101642e+04 
       1.520838348940e-02       2.531140833594e+04 
       1.533889663763e-02       2.532784251454e+04 
       1.546944918746e-02       2.534244424294e+04 
       1.560004152391e-02       2.535522219908e+04 
       1.573067405266e-02       2.536620518271e+04 
       1.586134720005e-02       2.537542246545e+04 
       1.599206141309e-02       2.538287713713e+04 
       1.612281715944e-02       2.538861753834e+04 
       1.625361492748e-02       2.539266505960e+04 
       1.638445522637e-02       2.539500891821e+04 
       1.651533858614e-02       2.539570560093e+04 
       1.664626555775e-02       2.539477979028e+04 
       1.677723671327e-02       2.539223083229e+04 
       1.690825264594e-02       2.538810763907e+04 
       1.703931397039e-02       2.538241205092e+04 
       1.717042132279e-02       2.537518106246e+04 
       1.730157536103e-02       2.536641398027e+04 
       1.743277676491e-02       2.535616226163e+04 
       1.756402623641e-02       2.534442641022e+04 
       1.769532449989e-02       2.533123545936e+04 
       1.782667230236e-02       2.531660153692e+04 
       1.795807041377e-02       2.530055887215e+04 
       1.808951962726e-02       2.528312892265e+04 
       1.822102075949e-02       2.526432160291e+04 
       1.835257465098e-02       2.524416671249e+04 
       1.848418216642e-02       2.522266865671e+04 
       1.861584419504e-02       2.519986695145e+04 
       1.874756165099e-02       2.517576841865e+04 
       1.887933547371e-02       2.515043435938e+04 
       1.901116662836e-02       2.512382623463e+04 
       1.914305610623e-02       2.509600083053e+04 
       1.927500492520e-02       2.506695178463e+04 
       1.940701413017e-02       2.503671689111e+04 
       1.953908479357e-02       2.500530636019e+04 
       1.967121801584e-02       2.497274701408e+04 
       1.980341492594e-02       2.493905863198e+04 
       1.993567668190e-02       2.490427240257e+04 
       2.006800447137e-02       2.486838708725e+04 
       2.020039951215e-02       2.483141901943e+04 
       2.033286305287e-02       2.479339712922e+04 
       2.046539637352e-02       2.475430259633e+04 
       2.059800078610e-02       2.471422601344e+04 
       2.073067763533e-02       2.467316543724e+04 
       2.086342829923e-02       2.463107680772e+04 
       2.099625418992e-02       2.458801737731e+04 
       2.112915675427e-02       2.454404937369e+04 
       2.126213747465e-02       2.449912591423e+04 
       2.139519786975e-02       2.445328038714e+04 
       2.152833949531e-02       2.440655699166e+04 
       2.166156394498e-02       2.435895253518e+04 
       2.179487285112e-02       2.431045373437e+04 
       2.192826788573e-02       2.426114613308e+04 
       2.206175076130e-02       2.421098429693e+04 
       2.219532323175e-02       2.415999918520e+04 
       2.232898709338e-02       2.410822281922e+04 
       2.246274418587e-02       2.405570330479e+04 
       2.259659639327e-02       2.400231409963e+04 
       2.273054564507e-02       2.394826942766e+04 
       2.286459391727e-02       2.389345744760e+04 
       2.299874323350e-02       2.383791741157e+04 
       2.313299566613e-02       2.378162442944e+04 
       2.326735333751e-02       2.372474629119e+04 
       2.340181842118e-02       2.366711879462e+04 
       2.353639314307e-02       2.360877488398e+04 
       2.367107978288e-02       2.354988577887e+04 
       2.380588067537e-02       2.349031326234e+04 
       2.394079821176e-02       2.343008847120e+04 
       2.407583484116e-02       2.336933336695e+04 
       2.421099307201e-02       2.330795106258e+04 
       2.434627547366e-02       2.324598491893e+04 
       2.448168467786e-02       2.318343442959e+04 
       2.461722338045e-02       2.312033253303e+04 
       2.475289434299e-02       2.305677077008e+04 
       2.488870039448e-02       2.299262820012e+04 
       2.502464443319e-02       2.292795278443e+04 
       2.516072942844e-02       2.286282980112e+04 
       2.529695842251e-02       2.279719404725e+04 
       2.543333453266e-02       2.273113012278e+04 
       2.556986095308e-02       2.266451586970e+04 
       2.570654095704e-02       2.259750975206e+04 
       2.584337789904e-02       2.253003662926e+04 
       2.598037521704e-02       2.246221541612e+04 
       2.611753643479e-02       2.239392685361e+04 
       2.625486516424e-02       2.232524821441e+04 
       2.639236510797e-02       2.225617178444e+04 
       2.653004006180e-02       2.218675768513e+04 
       2.666789391742e-02       2.211690164117e+04 
       2.680593066515e-02       2.204675459925e+04 
       2.694415439679e-02       2.197624941745e+04 
       2.708256930851e-02       2.190544263001e+04 
       2.722117970399e-02       2.183426292694e+04 
       2.735998999749e-02       2.176283765546e+04 
       2.749900471719e-02       2.169109986064e+04 
       2.763822850854e-02       2.161903165758e+04 
       2.777766613780e-02       2.154669667000e+04 
       2.791732249569e-02       2.147405992703e+04 
       2.805720260116e-02       2.140115158277e+04 
       2.819731160532e-02       2.132808987251e+04 
       2.833765479554e-02       2.125482441263e+04 
       2.847823759961e-02       2.118124190569e+04 
       2.861906559023e-02       2.110737758293e+04 
       2.876014448950e-02       2.103338073252e+04 
       2.890148017367e-02       2.095917331886e+04 
       2.904307867810e-02       2.088475827816e+04 
       2.918494620233e-02       2.081013072175e+04 
       2.932708911545e-02       2.073536226377e+04 
       2.946951396162e-02       2.066047419256e+04 
       2.961222746583e-02       2.058535059220e+04 
       2.975523653989e-02       2.051006077470e+04 
       2.989854828871e-02       2.043469153907e+04 
       3.004217001676e-02       2.035912797519e+04 
       3.018610923488e-02       2.028343880191e+04 
       3.033037366734e-02       2.020764219363e+04 
       3.047497125919e-02       2.013175232417e+04 
       3.061991018393e-02       2.005572002505e+04 
       3.076519885156e-02       1.997958344641e+04 
       3.091084591692e-02       1.990340186035e+04 
       3.105686028843e-02       1.982710993353e+04 
       3.120325113718e-02       1.975066512288e+04 
       3.135002790651e-02       1.967420949320e+04 
       3.149720032193e-02       1.959768046005e+04 
       3.164477840155e-02       1.952108544249e+04 
       3.179277246697e-02       1.944443322186e+04 
       3.194119315470e-02       1.936777550264e+04 
       3.209005142808e-02       1.929098077397e+04 
       3.223935858978e-02       1.921422714314e+04 
       3.238912629492e-02       1.913743062427e+04 
       3.253936656482e-02       1.906056056065e+04 
       3.269009180134e-02       1.898370633000e+04 
       3.284131480208e-02       1.890677914832e+04 
       3.299304877618e-02       1.882984254986e+04 
       3.314530736105e-02       1.875296450068e+04 
       3.329810463982e-02       1.867601252737e+04 
       3.345145515978e-02       1.859906817507e+04 
       3.360537395175e-02       1.852211947455e+04 
       3.375987655044e-02       1.844520388932e+04 
       3.391497901591e-02       1.836828993018e+04 
       3.407069795620e-02       1.829139321264e+04 
       3.422705055108e-02       1.821452273694e+04 
       3.438405457726e-02       1.813764119328e+04 
       3.454172843485e-02       1.806081474795e+04 
       3.470009117535e-02       1.798395890874e+04 
       3.485916253124e-02       1.790715591655e+04 
       3.501896294720e-02       1.783039667550e+04 
       3.517951361321e-02       1.775366906459e+04 
       3.534083649952e-02       1.767697728002e+04 
       3.550295439368e-02       1.760031206569e+04 
       3.566589093985e-02       1.752370497721e+04 
       3.582967068038e-02       1.744710057615e+04 
       3.599431910006e-02       1.737056432063e+04 
       3.615986267298e-02       1.729407385952e+04 
       3.632632891242e-02       1.721763146285e+04 
       3.649374642385e-02       1.714123742761e+04 
       3.666214496136e-02       1.706486802433e+04 
       3.683155548774e-02       1.698854419017e+04 
       3.700201023852e-02       1.691221635745e+04 
       3.717354279032e-02       1.683601207120e+04 
       3.734618813372e-02       1.675982386622e+04 
       3.751998275124e-02       1.668369929323e+04 
       3.769496470061e-02       1.660760363630e+04 
       3.787117370399e-02       1.653160351258e+04 
       3.804865124352e-02       1.645555997431e+04 
       3.822744066373e-02       1.637957007070e+04 
       3.840758728148e-02       1.630362331219e+04 
       3.858913850413e-02       1.622775980518e+04 
       3.877214395652e-02       1.615192403720e+04 
       3.895665561772e-02       1.607612327336e+04 
       3.914272796839e-02       1.600032840283e+04 
       3.933041814972e-02       1.592459540321e+04 
       3.951978613514e-02       1.584881741239e+04 
       3.971089491593e-02       1.577309229779e+04 
       3.990381070213e-02       1.569743430271e+04 
       4.009860314036e-02       1.562173747986e+04 
       4.029534555010e-02       1.554608015421e+04 
       4.049411518047e-02       1.547041177593e+04 
       4.069499348964e-02       1.539471256056e+04 
       4.089806644914e-02       1.531901277705e+04 
       4.110342487594e-02       1.524332786256e+04 
       4.131116479529e-02       1.516761706597e+04 
       4.152138783767e-02       1.509186916019e+04 
       4.173420167387e-02       1.501607812615e+04 
       4.194972049258e-02       1.494032160390e+04 
       4.216806552543e-02       1.486442964972e+04 
       4.238936562531e-02       1.478845911345e+04 
       4.261375790433e-02       1.471243933276e+04 
       4.284138843907e-02       1.463640045268e+04 
       4.307241305155e-02       1.456018379500e+04 
       4.330699817565e-02       1.448391649914e+04 
       4.354532182058e-02       1.440747647026e+04 
       4.378757464422e-02       1.433094791437e+04 
       4.403396115158e-02       1.425431026468e+04 
       4.428470103612e-02       1.417743367265e+04 
       4.454003068417e-02       1.410038733119e+04 
       4.480020486679e-02       1.402320657987e+04 
       4.506549864693e-02       1.394576456972e+04 
       4.533620953506e-02       1.386806046966e+04 
       4.561265993239e-02       1.379012025615e+04 
       4.589519990783e-02       1.371188189874e+04 
       4.618421036368e-02       1.363332227671e+04 
       4.648010665555e-02       1.355447116379e+04 
       4.678334274508e-02       1.347522953111e+04 
       4.709441597969e-02       1.339553808944e+04 
       4.741387261322e-02       1.331542569637e+04 
       4.774231420535e-02       1.323483668384e+04 
       4.808040506770e-02       1.315370618482e+04 
       4.842888096149e-02       1.307199894504e+04 
       4.878855929867e-02       1.298967948480e+04 
       4.916035115646e-02       1.290661840544e+04 
       4.954527548958e-02       1.282280455811e+04 
       4.994447601747e-02       1.273819445809e+04 
       5.035924138260e-02       1.265260483661e+04 
       5.079102932696e-02       1.256604122414e+04 
       5.124149582606e-02       1.247831057014e+04 
       5.171253036508e-02       1.238932142713e+04 
       5.220629885383e-02       1.229893911014e+04 
       5.272529607165e-02       1.220692118832e+04 
       5.327241002779e-02       1.211313819273e+04 
       5.385100123019e-02       1.201733156334e+04 
       5.446500057776e-02       1.191914004224e+04 
       5.511903039834e-02       1.181828902070e+04 
       5.581855394482e-02       1.171425033347e+04 
       5.657005918437e-02       1.160647959010e+04 
       5.738128241499e-02       1.149428486432e+04 
       5.826147497861e-02       1.137670802271e+04 
       5.922170988394e-02       1.125254060858e+04 
       6.027521039468e-02       1.112019168231e+04 
       6.143765256660e-02       1.097752455181e+04 
       6.272733791633e-02       1.082169383840e+04 
       6.416503981584e-02       1.064891205584e+04 
       6.577319931382e-02       1.045427902598e+04 
       6.757403280472e-02       1.023163334919e+04 
       6.958617452265e-02       9.973894306068e+03 
       7.181999678698e-02       9.674009419557e+03 
       7.427289870215e-02       9.326826084441e+03 
       7.692704295136e-02       8.931523215989e+03 
       7.975169364691e-02       8.493625216091e+03 
       8.270968571077e-02       8.025310973849e+03 
       8.576477741349e-02       7.543629112688e+03 
       8.888662798140e-02       7.067477240103e+03 
       9.205246347177e-02       6.614522808459e+03 
       9.524643534514e-02       6.198957797684e+03 
       9.845805794484e-02       5.830297308117e+03 
       1.016806169657e-01       5.513096727341e+03 
       1.049099009669e-01       5.247442921306e+03 
       1.081433020870e-01       5.029495958704e+03 
       1.113792180972e-01       4.852619473914e+03 
       1.146166692585e-01       4.708192370222e+03 
       1.178550581236e-01       4.586578981008e+03 
       1.210940209062e-01       4.477985435654e+03 
       1.243333362309e-01       4.373340032214e+03 
       1.275728693734e-01       4.265041713955e+03 
       1.308125382857e-01       4.147578645518e+03 
       1.340522929291e-01       4.017894714546e+03 
       1.372921027154e-01       3.875450449256e+03 
       1.405319488788e-01       3.721974485541e+03 
       1.437718198448e-01       3.560946246018e+03 
       1.470117084170e-01       3.396952741579e+03 
       1.502516100699e-01       3.234976350307e+03 
       1.534915219110e-01       3.079771160731e+03 
       1.567314420502e-01       2.935344255657e+03 
       1.599713692160e-01       2.804636768088e+03 
       1.632113025218e-01       2.689348541475e+03 
       1.664512413230e-01       2.589924168874e+03 
       1.696911851301e-01       2.505658374026e+03 
       1.729311335545e-01       2.434884203509e+03 
       1.761710862754e-01       2.375218126803e+03 
       1.794110430193e-01       2.323835103993e+03 
       1.826510035467e-01       2.277736846073e+03 
       1.858909676436e-01       2.234419553014e+03 
       1.891309351165e-01       2.191131444964e+03 
       1.923709057879e-01       2.145511725281e+03 
       1.956108794944e-01       2.096149494338e+03 
       1.988508560846e-01       2.042419412390e+03 
       2.020908354174e-01       1.984485851104e+03 
       2.053308173612e-01       1.923161010127e+03 
       2.085708017931e-01       1.859757335144e+03 
       2.118107885976e-01       1.795806178690e+03 
       2.150507776666e-01       1.732886484363e+03 
       2.182907688985e-01       1.672411021472e+03 
       2.215307621975e-01       1.615528046266e+03 
       2.247707574737e-01       1.563066237517e+03 
       2.280107546420e-01       1.515504569353e+03 
       2.312507536224e-01       1.473000081402e+03 
       2.344907543394e-01       1.435372493779e+03 
       2.377307567213e-01       1.402159983532e+03 
       2.409707607005e-01       1.372665551529e+03 
       2.442107662132e-01       1.346022460803e+03 
       2.474507731986e-01       1.321284976216e+03 
       2.506907815993e-01       1.297534172452e+03 
       2.539307913608e-01       1.273959351779e+03 
       2.571708024313e-01       1.249921087000e+03 
       2.604108147616e-01       1.224995832058e+03 
       2.636508283051e-01       1.198970045611e+03 
       2.668908430172e-01       1.171840311011e+03 
       2.701308588557e-01       1.143780874601e+03 
       2.733708757803e-01       1.115109670254e+03 
       2.766108937525e-01       1.086249015009e+03 
       2.798509127359e-01       1.057675792882e+03 
       2.830909326955e-01       1.029870058142e+03 
       2.863309535979e-01       1.003258569905e+03 
       2.895709754114e-01       9.781693620934e+02 
       2.928109981055e-01       9.548018357103e+02 
       2.960510216511e-01       9.332222542028e+02 
       2.992910460205e-01       9.133729052903e+02 
       3.025310711871e-01       8.951005432216e+02 
       3.057710971253e-01       8.781794217429e+02 
       3.090111238108e-01       8.623489485087e+02 
       3.122511512202e-01       8.473278677998e+02 
       3.154911793310e-01       8.328397282664e+02 
       3.187312081219e-01       8.186300238192e+02 
       3.219712375721e-01       8.044772672087e+02 
       3.252112676618e-01       7.902215902862e+02 
       3.284512983720e-01       7.757577885264e+02 
       3.316913296845e-01       7.610723606709e+02 
       3.349313615817e-01       7.462045924758e+02 
       3.381713940466e-01       7.312505959194e+02 
       3.414114270631e-01       7.163330944735e+02 
       3.446514606156e-01       7.015938009605e+02 
       3.478914946889e-01       6.871647973453e+02 
       3.511315292687e-01       6.731614509828e+02 
       3.543715643409e-01       6.596849737518e+02 
       3.576115998921e-01       6.468043610668e+02 
       3.608516359093e-01       6.345615919101e+02 
       3.640916723801e-01       6.229629027399e+02 
       3.673317092924e-01       6.119878347490e+02 
       3.705717466345e-01       6.015717106604e+02 
       3.738117843953e-01       5.916306866777e+02 
       3.770518225638e-01       5.820704193623e+02 
       3.802918611297e-01       5.727958743698e+02 
       3.835319000828e-01       5.637137427235e+02 
       3.867719394134e-01       5.547638212411e+02 
       3.900119791119e-01       5.458959711048e+02 
       3.932520191694e-01       5.370817588776e+02 
       3.964920595768e-01       5.283015336201e+02 
       3.997321003258e-01       5.195606267277e+02 
       4.029721414079e-01       5.108666357525e+02 
       4.062121828153e-01       5.022454646345e+02 
       4.094522245401e-01       4.937328714268e+02 
       4.126922665749e-01       4.853680549670e+02 
       4.159323089124e-01       4.771912126684e+02 
       4.191723515455e-01       4.692303317817e+02 
       4.224123944674e-01       4.615085713401e+02 
       4.256524376715e-01       4.540368275068e+02 
       4.288924811514e-01       4.468123575466e+02 
       4.321325249008e-01       4.398307778069e+02 
       4.353725689137e-01       4.330794030119e+02 
       4.386126131843e-01       4.265442713071e+02 
       4.418526577068e-01       4.202092173623e+02 
       4.450927024757e-01       4.140494253465e+02 
       4.483327474857e-01       4.080405160606e+02 
       4.515727927316e-01       4.021576339477e+02 
       4.548128382083e-01       3.963756541168e+02 
       4.580528839109e-01       3.906751256542e+02 
       4.612929298345e-01       3.850429301920e+02 
       4.645329759747e-01       3.794730878846e+02 
       4.677730223268e-01       3.739686740403e+02 
       4.710130688864e-01       3.685300980736e+02 
       4.742531156494e-01       3.631667087046e+02 
       4.774931626115e-01       3.578827479530e+02 
       4.807332097687e-01       3.526844107118e+02 
       4.839732571171e-01       3.475831971042e+02 
       4.872133046528e-01       3.425875030223e+02 
       4.904533523722e-01       3.377081868884e+02 
       4.936934002715e-01       3.329518028213e+02 
       4.969334483474e-01       3.283229451007e+02 
       5.001734965962e-01       3.238153970815e+02 
       5.034135450147e-01       3.194242729737e+02 
       5.066535935996e-01       3.151397156067e+02 
       5.098936423477e-01       3.109506224271e+02 
       5.131336912560e-01       3.068480559488e+02 
       5.163737403213e-01       3.028241950640e+02 
       5.196137895408e-01       2.988716908600e+02 
       5.228538389116e-01       2.949844105318e+02 
       5.260938884308e-01       2.911562008599e+02 
       5.488362950554e-01       2.657749826263e+02 
       5.738091164946e-01       2.413432200663e+02 
       6.016044009396e-01       2.178827207621e+02 
       6.330919964338e-01       1.948291489627e+02 
       6.696144582600e-01       1.722423830726e+02 
       7.133738868698e-01       1.496870344556e+02 
       7.682620804044e-01       1.268531351144e+02 
       8.417801506829e-01       1.032434677993e+02 
       9.495282437536e-01       7.846286461581e+01 
       1.122254289168e+00       5.333030058225e+01 
       1.391263753975e+00       3.219011484089e+01 
       1.750068313288e+00       1.859886823504e+01 
       2.203185493382e+00       1.063010443959e+01 
       2.773646152626e+00       6.026614831923e+00 
       3.491813624848e+00       3.391812867291e+00 
       4.395932905571e+00       1.896283214911e+00 
       5.534151643365e+00       1.053762588970e+00 
       6.967084136555e+00       5.823393200232e-01 
       8.771039265617e+00       3.201839583292e-01 
       1.104208421933e+01       1.752216751076e-01 
       1.390116042289e+01       9.547628608212e-02 
