# Matter power spectrum P(k) at redshift z=0
# for k=1.05508e-05 to 14.4399 h/Mpc,
# number of wavenumbers equal to 549
#    1:k (h/Mpc)              2:P (Mpc/h)^3        
       1.055080690644e-05       5.129199137714e+01 
       2.356003392858e-05       1.109123193047e+02 
       3.661591552897e-05       1.693581657103e+02 
       4.975428444995e-05       2.273154454184e+02 
       6.301157778936e-05       2.851676617829e+02 
       7.642516837764e-05       3.431981931140e+02 
       9.003370695237e-05       4.016468559029e+02 
       1.038774797649e-04       4.607329214295e+02 
       1.179987862887e-04       5.206668963043e+02 
       1.324423417338e-04       5.816575655190e+02 
       1.472557090719e-04       6.439168598314e+02 
       1.624897652070e-04       7.076635920285e+02 
       1.781992057143e-04       7.731266272660e+02 
       1.944430921470e-04       8.405477516879e+02 
       2.112854451575e-04       9.101844168404e+02 
       2.287958854520e-04       9.823124099010e+02 
       2.470503227007e-04       1.057228560602e+03 
       2.661316897176e-04       1.135253425321e+03 
       2.861307151886e-04       1.216733984180e+03 
       3.071467225975e-04       1.302046262126e+03 
       3.292884353538e-04       1.391597811307e+03 
       3.526747580158e-04       1.485829922680e+03 
       3.774354905336e-04       1.585219337986e+03 
       4.037119163639e-04       1.690279283008e+03 
       4.316571862498e-04       1.801559427808e+03 
       4.614363981488e-04       1.919644433902e+03 
       4.932262519683e-04       2.045150567966e+03 
       5.272141385854e-04       2.178719911141e+03 
       5.635965110450e-04       2.321011575062e+03 
       6.025763887488e-04       2.472689475469e+03 
       6.443598712716e-04       2.634406322014e+03 
       6.891515957389e-04       2.806783700235e+03 
       7.371491665340e-04       2.990388718608e+03 
       7.885367182288e-04       3.185707946918e+03 
       8.434779313219e-04       3.393120327068e+03 
       9.021089816365e-04       3.612870936679e+03 
       9.645320321054e-04       3.845048366809e+03 
       1.030809929392e-03       4.089568098540e+03 
       1.100962714739e-03       4.346164220932e+03 
       1.174966388758e-03       4.614391021551e+03 
       1.252754105989e-03       4.893634714615e+03 
       1.334219669249e-03       5.183134368521e+03 
       1.419222913324e-03       5.481980553616e+03 
       1.507596371910e-03       5.789219501449e+03 
       1.599152543806e-03       6.103841160614e+03 
       1.693691112894e-03       6.424800675814e+03 
       1.791005601929e-03       6.751058444052e+03 
       1.890889109819e-03       7.081602961249e+03 
       1.993138954696e-03       7.415468762376e+03 
       2.097560191432e-03       7.751749252690e+03 
       2.203968078109e-03       8.089604712916e+03 
       2.312189629507e-03       8.428266876485e+03 
       2.422064423544e-03       8.767040016860e+03 
       2.533444828325e-03       9.105298586873e+03 
       2.646195803030e-03       9.442485282298e+03 
       2.760194403199e-03       9.778106378343e+03 
       2.875329095825e-03       1.011172693716e+04 
       2.991498965644e-03       1.044296597951e+04 
       3.108612872888e-03       1.077149105455e+04 
       3.226588605320e-03       1.109701387543e+04 
       3.345352053597e-03       1.141928547604e+04 
       3.464836428471e-03       1.173809217718e+04 
       3.584981530616e-03       1.205324783572e+04 
       3.705733078305e-03       1.236459907933e+04 
       3.827042094357e-03       1.267201296712e+04 
       3.948864351210e-03       1.297538183918e+04 
       4.071159871382e-03       1.327461166860e+04 
       4.193892479663e-03       1.356962967089e+04 
       4.317029402888e-03       1.386037728020e+04 
       4.440540913041e-03       1.414680608399e+04 
       4.564400009467e-03       1.442888135570e+04 
       4.688582136183e-03       1.470657484733e+04 
       4.813064930531e-03       1.497987855877e+04 
       4.937827999751e-03       1.524876499699e+04 
       5.062852722318e-03       1.551325993291e+04 
       5.188122071250e-03       1.577335433918e+04 
       5.313620456862e-03       1.597072875424e+04 
       5.439333586714e-03       1.621979389199e+04 
       5.565248340778e-03       1.646447435269e+04 
       5.691352660050e-03       1.670478712082e+04 
       5.817635447066e-03       1.694076487928e+04 
       5.944086476943e-03       1.717242625961e+04 
       6.070696317746e-03       1.739980586803e+04 
       6.197456259110e-03       1.762293721839e+04 
       6.324358248186e-03       1.784185006399e+04 
       6.451394832100e-03       1.805657577987e+04 
       6.578559106169e-03       1.826715676893e+04 
       6.705844667276e-03       1.847362320330e+04 
       6.833245571803e-03       1.867602682486e+04 
       6.960756297655e-03       1.887438583860e+04 
       7.088371709918e-03       1.906875456562e+04 
       7.216087029773e-03       1.925916935171e+04 
       7.343897806319e-03       1.944567162675e+04 
       7.471799891005e-03       1.962829468560e+04 
       7.599789414396e-03       1.980708613382e+04 
       7.727862765049e-03       1.998209070754e+04 
       7.856016570262e-03       2.015334847746e+04 
       7.984247678536e-03       2.032089042033e+04 
       8.112553143563e-03       2.048476770912e+04 
       8.240930209595e-03       2.064501608190e+04 
       8.369376298065e-03       2.080167295500e+04 
       8.497888995334e-03       2.095479533762e+04 
       8.626466041464e-03       2.110441232657e+04 
       8.755105319919e-03       2.125056636615e+04 
       8.883804848104e-03       2.139329338819e+04 
       9.012562768670e-03       2.153263813291e+04 
       9.141377341518e-03       2.166864086102e+04 
       9.270246936434e-03       2.180133877896e+04 
       9.399170026302e-03       2.193077144164e+04 
       9.528145180848e-03       2.205698006153e+04 
       9.657171060856e-03       2.217999896557e+04 
       9.786246412839e-03       2.229986468404e+04 
       9.915370064103e-03       2.241661869307e+04 
       1.004454091818e-02       2.253029401139e+04 
       1.017375795062e-02       2.264092558606e+04 
       1.030302020506e-02       2.274855624447e+04 
       1.043232678960e-02       2.285321502247e+04 
       1.056167687347e-02       2.295494750809e+04 
       1.069106968388e-02       2.305377687107e+04 
       1.082050450312e-02       2.314974779349e+04 
       1.094998066593e-02       2.324288146794e+04 
       1.107949755694e-02       2.333323683033e+04 
       1.120905460836e-02       2.342082523548e+04 
       1.133865129787e-02       2.350568723107e+04 
       1.146828714656e-02       2.358786232108e+04 
       1.159796171710e-02       2.366737926453e+04 
       1.172767461201e-02       2.374427671442e+04 
       1.185742547201e-02       2.381857144392e+04 
       1.198721397457e-02       2.389032257074e+04 
       1.211703983249e-02       2.395953735330e+04 
       1.224690279258e-02       2.402626353255e+04 
       1.237680263453e-02       2.409051821340e+04 
       1.250673916971e-02       2.415234368313e+04 
       1.263671224016e-02       2.421177017336e+04 
       1.276672171765e-02       2.426883730276e+04 
       1.289676750275e-02       2.432354839808e+04 
       1.302684952403e-02       2.437596046475e+04 
       1.315696773725e-02       2.442608753388e+04 
       1.328712212470e-02       2.447397332314e+04 
       1.341731269452e-02       2.451963465300e+04 
       1.354753948007e-02       2.456310616723e+04 
       1.367780253943e-02       2.460441740473e+04 
       1.380810195486e-02       2.464359536126e+04 
       1.393843783231e-02       2.468066203977e+04 
       1.406881030105e-02       2.471564797158e+04 
       1.419921951321e-02       2.474858317546e+04 
       1.432966564350e-02       2.477949069065e+04 
       1.446014888885e-02       2.480839721008e+04 
       1.459066946815e-02       2.483532312550e+04 
       1.472122762198e-02       2.486030793259e+04 
       1.485182361241e-02       2.488336392169e+04 
       1.498245772278e-02       2.490453264329e+04 
       1.511313025757e-02       2.492382461261e+04 
       1.524384154224e-02       2.494127107519e+04 
       1.537459192312e-02       2.495689010605e+04 
       1.550538176734e-02       2.497071772092e+04 
       1.563621146274e-02       2.498276378503e+04 
       1.576708141785e-02       2.499306739090e+04 
       1.589799206187e-02       2.500164730792e+04 
       1.602894384464e-02       2.500852317913e+04 
       1.615993723673e-02       2.501371230219e+04 
       1.629097272942e-02       2.501726322265e+04 
       1.642205083478e-02       2.501917226693e+04 
       1.655317208578e-02       2.501946819931e+04 
       1.668433703636e-02       2.501817496576e+04 
       1.681554626158e-02       2.501532545110e+04 
       1.694680035770e-02       2.501092941897e+04 
       1.707809994242e-02       2.500501648633e+04 
       1.720944565499e-02       2.499759516453e+04 
       1.734083815641e-02       2.498870074845e+04 
       1.747227812968e-02       2.497835229998e+04 
       1.760376627995e-02       2.496656956009e+04 
       1.773530333484e-02       2.495337680212e+04 
       1.786689004464e-02       2.493878833439e+04 
       1.799852718264e-02       2.492283225421e+04 
       1.813021554535e-02       2.490551521672e+04 
       1.826195595288e-02       2.488688728499e+04 
       1.839374924921e-02       2.486691442499e+04 
       1.852559630259e-02       2.484566789563e+04 
       1.865749800583e-02       2.482316123755e+04 
       1.878945527673e-02       2.479938745982e+04 
       1.892146905846e-02       2.477439740166e+04 
       1.905354031993e-02       2.474819909745e+04 
       1.918567005630e-02       2.472081120632e+04 
       1.931785928933e-02       2.469225078345e+04 
       1.945010906791e-02       2.466252140933e+04 
       1.958242046853e-02       2.463164826849e+04 
       1.971479459573e-02       2.459966501273e+04 
       1.984723258269e-02       2.456659555647e+04 
       1.997973559171e-02       2.453246456435e+04 
       2.011230481480e-02       2.449726134451e+04 
       2.024494147422e-02       2.446101454078e+04 
       2.037764682311e-02       2.442372654300e+04 
       2.051042214608e-02       2.438545822576e+04 
       2.064326875987e-02       2.434618524365e+04 
       2.077618801397e-02       2.430594978139e+04 
       2.090918129135e-02       2.426475927015e+04 
       2.104225000910e-02       2.422263327461e+04 
       2.117539561922e-02       2.417961609295e+04 
       2.130861960929e-02       2.413564844221e+04 
       2.144192350333e-02       2.409082769116e+04 
       2.157530886252e-02       2.404514153461e+04 
       2.170877728605e-02       2.399861995306e+04 
       2.184233041197e-02       2.395119381882e+04 
       2.197596991809e-02       2.390300986740e+04 
       2.210969752280e-02       2.385401683985e+04 
       2.224351498609e-02       2.380421367952e+04 
       2.237742411044e-02       2.375365439519e+04 
       2.251142674187e-02       2.370233652942e+04 
       2.264552477089e-02       2.365029798654e+04 
       2.277972013362e-02       2.359752621975e+04 
       2.291401481280e-02       2.354402832656e+04 
       2.304841083899e-02       2.348986196303e+04 
       2.318291029164e-02       2.343494240896e+04 
       2.331751530036e-02       2.337938135624e+04 
       2.345222804606e-02       2.332324225818e+04 
       2.358705076229e-02       2.326643807545e+04 
       2.372198573650e-02       2.320898426709e+04 
       2.385703531140e-02       2.315092421089e+04 
       2.399220188633e-02       2.309227027857e+04 
       2.412748791874e-02       2.303302844904e+04 
       2.426289592560e-02       2.297323349529e+04 
       2.439842848498e-02       2.291286504788e+04 
       2.453408823760e-02       2.285195901615e+04 
       2.466987788844e-02       2.279056277927e+04 
       2.480580020847e-02       2.272855731998e+04 
       2.494185803630e-02       2.266611872750e+04 
       2.507805428007e-02       2.260315951169e+04 
       2.521439191918e-02       2.253977480597e+04 
       2.535087400631e-02       2.247587282568e+04 
       2.548750366930e-02       2.241151590360e+04 
       2.562428411326e-02       2.234676407656e+04 
       2.576121862262e-02       2.228150068134e+04 
       2.589831056332e-02       2.221590313659e+04 
       2.603556338508e-02       2.214985902550e+04 
       2.617298062370e-02       2.208342606917e+04 
       2.631056590349e-02       2.201658521924e+04 
       2.644832293973e-02       2.194942142519e+04 
       2.658625554125e-02       2.188185553977e+04 
       2.672436761312e-02       2.181399378990e+04 
       2.686266315939e-02       2.174572820916e+04 
       2.700114628593e-02       2.167718051466e+04 
       2.713982120340e-02       2.160827801756e+04 
       2.727869223033e-02       2.153907045789e+04 
       2.741776379627e-02       2.146955319664e+04 
       2.755704044506e-02       2.139985197297e+04 
       2.769652683828e-02       2.132981873535e+04 
       2.783622775876e-02       2.125945581997e+04 
       2.797614811425e-02       2.118888186248e+04 
       2.811629294121e-02       2.111810500585e+04 
       2.825666740874e-02       2.104701006445e+04 
       2.839727682271e-02       2.097575739108e+04 
       2.853812663000e-02       2.090424857709e+04 
       2.867922242286e-02       2.083248485642e+04 
       2.882056994355e-02       2.076062045353e+04 
       2.896217508909e-02       2.068854093900e+04 
       2.910404391618e-02       2.061618730294e+04 
       2.924618264636e-02       2.054368805977e+04 
       2.938859767135e-02       2.047108773660e+04 
       2.953129555865e-02       2.039825940275e+04 
       2.967428305726e-02       2.032530771703e+04 
       2.981756710375e-02       2.025220280673e+04 
       2.996115482855e-02       2.017898705836e+04 
       3.010505356243e-02       2.010569679535e+04 
       3.024927084336e-02       2.003221967379e+04 
       3.039381442357e-02       1.995856818231e+04 
       3.053869227695e-02       1.988486876817e+04 
       3.068391260679e-02       1.981104294037e+04 
       3.082948385380e-02       1.973713484557e+04 
       3.097541470455e-02       1.966320343826e+04 
       3.112171410019e-02       1.958908841846e+04 
       3.126839124564e-02       1.951495114175e+04 
       3.141545561918e-02       1.944071946744e+04 
       3.156291698243e-02       1.936646270916e+04 
       3.171078539081e-02       1.929212615594e+04 
       3.185907120454e-02       1.921774457147e+04 
       3.200778510000e-02       1.914331593519e+04 
       3.215693808184e-02       1.906878125526e+04 
       3.230654149546e-02       1.899434269624e+04 
       3.245660704019e-02       1.891980298921e+04 
       3.260714678315e-02       1.884518809215e+04 
       3.275817317364e-02       1.877064142251e+04 
       3.290969905840e-02       1.869606148313e+04 
       3.306173769753e-02       1.862147166408e+04 
       3.321430278123e-02       1.854686104388e+04 
       3.336740844743e-02       1.847227432126e+04 
       3.352106930025e-02       1.839766463883e+04 
       3.367530042950e-02       1.832304961358e+04 
       3.383011743115e-02       1.824847582827e+04 
       3.398553642888e-02       1.817388396229e+04 
       3.414157409684e-02       1.809939912821e+04 
       3.429824768354e-02       1.802478375548e+04 
       3.445557503715e-02       1.795027505777e+04 
       3.461357463213e-02       1.787582015623e+04 
       3.477226559737e-02       1.780138264474e+04 
       3.493166774595e-02       1.772689892578e+04 
       3.509180160650e-02       1.765259407838e+04 
       3.525268845648e-02       1.757824173355e+04 
       3.541435035738e-02       1.750390419693e+04 
       3.557681019193e-02       1.742967844795e+04 
       3.574009170361e-02       1.735546792565e+04 
       3.590421953851e-02       1.728128921556e+04 
       3.606921928979e-02       1.720720509638e+04 
       3.623511754485e-02       1.713313219061e+04 
       3.640194193545e-02       1.705910871325e+04 
       3.656972119106e-02       1.698505549302e+04 
       3.673848519564e-02       1.691114319665e+04 
       3.690826504801e-02       1.683734451024e+04 
       3.707909312635e-02       1.676346057553e+04 
       3.725100315686e-02       1.668971451837e+04 
       3.742403028721e-02       1.661604376411e+04 
       3.759821116484e-02       1.654236388116e+04 
       3.777358402091e-02       1.646876345337e+04 
       3.795018875994e-02       1.639521199030e+04 
       3.812806705601e-02       1.632166493718e+04 
       3.830726245587e-02       1.624826050184e+04 
       3.848782048951e-02       1.617483547248e+04 
       3.866978878915e-02       1.610152373345e+04 
       3.885321721702e-02       1.602819678568e+04 
       3.903815800304e-02       1.595493971621e+04 
       3.922466589314e-02       1.588173591215e+04 
       3.941279830934e-02       1.580855302063e+04 
       3.960261552253e-02       1.573544871929e+04 
       3.979418083944e-02       1.566233185653e+04 
       3.998756080495e-02       1.558921026322e+04 
       4.018282542143e-02       1.551616045452e+04 
       4.038004838672e-02       1.544314391047e+04 
       4.057930735276e-02       1.537020715161e+04 
       4.078068420707e-02       1.529714615619e+04 
       4.098426537929e-02       1.522419983332e+04 
       4.119014217579e-02       1.515124619647e+04 
       4.139841114524e-02       1.507827316219e+04 
       4.160917447863e-02       1.500534743883e+04 
       4.182254044778e-02       1.493230288032e+04 
       4.203862388666e-02       1.485929560615e+04 
       4.225754672069e-02       1.478627170100e+04 
       4.247943854972e-02       1.471317350078e+04 
       4.270443729135e-02       1.464007483770e+04 
       4.293268989200e-02       1.456692761020e+04 
       4.316435311453e-02       1.449368751053e+04 
       4.339959441225e-02       1.442037208613e+04 
       4.363859290070e-02       1.434704031615e+04 
       4.388154044066e-02       1.427354736254e+04 
       4.412864284745e-02       1.419995537289e+04 
       4.438012124455e-02       1.412630760981e+04 
       4.463621358218e-02       1.405240358122e+04 
       4.489717634527e-02       1.397845895459e+04 
       4.516328647909e-02       1.390425715030e+04 
       4.543484356619e-02       1.382990188259e+04 
       4.571217229422e-02       1.375534175856e+04 
       4.599562526132e-02       1.368060483957e+04 
       4.628558617489e-02       1.360554960929e+04 
       4.658247351009e-02       1.353029301518e+04 
       4.688674470772e-02       1.345468290488e+04 
       4.719890100696e-02       1.337876787990e+04 
       4.751949302854e-02       1.330251195981e+04 
       4.784912724824e-02       1.322585874033e+04 
       4.818847353094e-02       1.314877131355e+04 
       4.853827393343e-02       1.307121398836e+04 
       4.889935303150e-02       1.299315125101e+04 
       4.927263008636e-02       1.291455710976e+04 
       4.965913344055e-02       1.283531151258e+04 
       5.006001762846e-02       1.275535317722e+04 
       5.047658380748e-02       1.267470401145e+04 
       5.091030426919e-02       1.259322416987e+04 
       5.136285198580e-02       1.251082370244e+04 
       5.183613639694e-02       1.242737818761e+04 
       5.233234695873e-02       1.234277909799e+04 
       5.285400637890e-02       1.225692672439e+04 
       5.340403596355e-02       1.216960232401e+04 
       5.398583611747e-02       1.208059712943e+04 
       5.460338577026e-02       1.198968215866e+04 
       5.526136531208e-02       1.189656179201e+04 
       5.596530840723e-02       1.180082109733e+04 
       5.672178854470e-02       1.170199206292e+04 
       5.753864579922e-02       1.159948744910e+04 
       5.842525681805e-02       1.149238450371e+04 
       5.939284419161e-02       1.137970417974e+04 
       6.045480583631e-02       1.125995194749e+04 
       6.162701356904e-02       1.113112242719e+04 
       6.292797206280e-02       1.099054150624e+04 
       6.437863400625e-02       1.083454358446e+04 
       6.600153777185e-02       1.065829365978e+04 
       6.781882534794e-02       1.045555860044e+04 
       6.984877925476e-02       1.021904728669e+04 
       7.210107793366e-02       9.941221964276e+03 
       7.457215160500e-02       9.616243595361e+03 
       7.724316631828e-02       9.242526761238e+03 
       8.008268604018e-02       8.824980471016e+03 
       8.305332816020e-02       8.375426016336e+03 
       8.611905535462e-02       7.911028291849e+03 
       8.924994683671e-02       7.451060404126e+03 
       9.242367460608e-02       7.013767791892e+03 
       9.562476186095e-02       6.613870770408e+03 
       9.884299542309e-02       6.261361894327e+03 
       1.020718462771e-01       5.961026371932e+03 
       1.053072234396e-01       5.712989629447e+03 
       1.085465952567e-01       5.513444006388e+03 
       1.117884069239e-01       5.355542929455e+03 
       1.150317079215e-01       5.230382583146e+03 
       1.182759186965e-01       5.127880674851e+03 
       1.215206863823e-01       5.037700398847e+03 
       1.247657962527e-01       4.950142021425e+03 
       1.280111176276e-01       4.856929683805e+03 
       1.312565709174e-01       4.752064194020e+03 
       1.345021075779e-01       4.632167943666e+03 
       1.377476979296e-01       4.496650922436e+03 
       1.409933237596e-01       4.347500616321e+03 
       1.442389738302e-01       4.188705836348e+03 
       1.474846411508e-01       4.025509268048e+03 
       1.507303213219e-01       3.863592056924e+03 
       1.539760115283e-01       3.708334894824e+03 
       1.572217099279e-01       3.564263700724e+03 
       1.604674152792e-01       3.434653121644e+03 
       1.637131267145e-01       3.321385239025e+03 
       1.669588436015e-01       3.224938801688e+03 
       1.702045654587e-01       3.144529127243e+03 
       1.734502919031e-01       3.078328101596e+03 
       1.766960226178e-01       3.023718487354e+03 
       1.799417573320e-01       2.977597112265e+03 
       1.831874958086e-01       2.936654754315e+03 
       1.864332378354e-01       2.898164757085e+03 
       1.896789832201e-01       2.858992169145e+03 
       1.929247317868e-01       2.816516674502e+03 
       1.961704833730e-01       2.769181671851e+03 
       1.994162378283e-01       2.716319143528e+03 
       2.026619950126e-01       2.658168113866e+03 
       2.059077547950e-01       2.595729987315e+03 
       2.091535170534e-01       2.530555555720e+03 
       2.123992816729e-01       2.464458865049e+03 
       2.156450485462e-01       2.399261858231e+03 
       2.188908175720e-01       2.336601077733e+03 
       2.221365886553e-01       2.277780008228e+03 
       2.253823617066e-01       2.223726438179e+03 
       2.286281366414e-01       2.174965469490e+03 
       2.318739133800e-01       2.131647430797e+03 
       2.351196918472e-01       2.093559257290e+03 
       2.383654719720e-01       2.060165242691e+03 
       2.416112536870e-01       2.030672720587e+03 
       2.448570369287e-01       2.004105536261e+03 
       2.481028216366e-01       1.979405644777e+03 
       2.513486077538e-01       1.955544921120e+03 
       2.545943952258e-01       1.931624410410e+03 
       2.578401840012e-01       1.906940358752e+03 
       2.610859740312e-01       1.881031764295e+03 
       2.643317652691e-01       1.853688094033e+03 
       2.675775576709e-01       1.824929299887e+03 
       2.708233511943e-01       1.794979335212e+03 
       2.740691457994e-01       1.764227389464e+03 
       2.773149414478e-01       1.733166466794e+03 
       2.805607381033e-01       1.702351495193e+03 
       2.838065357310e-01       1.672333502243e+03 
       2.870523342977e-01       1.643590269146e+03 
       2.902981337719e-01       1.616474995493e+03 
       2.935439341232e-01       1.591207661904e+03 
       2.967897353227e-01       1.567847581664e+03 
       3.000355373427e-01       1.546319202760e+03 
       3.032813401568e-01       1.526443365241e+03 
       3.065271437396e-01       1.507966283976e+03 
       3.097729480667e-01       1.490594594305e+03 
       3.130187531150e-01       1.474020094625e+03 
       3.162645588621e-01       1.457938905649e+03 
       3.195103652866e-01       1.442074369620e+03 
       3.227561723679e-01       1.426192258243e+03 
       3.260019800864e-01       1.410122062264e+03 
       3.292477884231e-01       1.393768403534e+03 
       3.324935973598e-01       1.377117891046e+03 
       3.357394068790e-01       1.360230116405e+03 
       3.389852169640e-01       1.343214658189e+03 
       3.422310275985e-01       1.326219008959e+03 
       3.454768387670e-01       1.309397292023e+03 
       3.487226504544e-01       1.292894708332e+03 
       3.519684626465e-01       1.276839255792e+03 
       3.552142753293e-01       1.261334739322e+03 
       3.584600884893e-01       1.246452867916e+03 
       3.617059021137e-01       1.232239245157e+03 
       3.649517161901e-01       1.218692476409e+03 
       3.681975307064e-01       1.205781531040e+03 
       3.714433456511e-01       1.193441061261e+03 
       3.746891610129e-01       1.181580225943e+03 
       3.779349767812e-01       1.170094040049e+03 
       3.811807929454e-01       1.158881989311e+03 
       3.844266094954e-01       1.147855904957e+03 
       3.876724264216e-01       1.136947670222e+03 
       3.909182437146e-01       1.126111661093e+03 
       3.941640613652e-01       1.115317396923e+03 
       3.974098793647e-01       1.104552624133e+03 
       4.006556977045e-01       1.093820950021e+03 
       4.039015163764e-01       1.083137820058e+03 
       4.071473353724e-01       1.072531655902e+03 
       4.103931546848e-01       1.062040051430e+03 
       4.136389743061e-01       1.051704229948e+03 
       4.168847942291e-01       1.041563910685e+03 
       4.201306144468e-01       1.031651203379e+03 
       4.233764349523e-01       1.021984278334e+03 
       4.266222557391e-01       1.012573749042e+03 
       4.298680768008e-01       1.003417863568e+03 
       4.331138981312e-01       9.945054617712e+02 
       4.363597197241e-01       9.858277476045e+02 
       4.396055415739e-01       9.773699091832e+02 
       4.428513636749e-01       9.691102926932e+02 
       4.460971860214e-01       9.610282966213e+02 
       4.493430086083e-01       9.530992979839e+02 
       4.525888314303e-01       9.452978989245e+02 
       4.558346544824e-01       9.376001841582e+02 
       4.590804777596e-01       9.299859965944e+02 
       4.623263012572e-01       9.224475041562e+02 
       4.655721249706e-01       9.149799867827e+02 
       4.688179488954e-01       9.075840475479e+02 
       4.720637730270e-01       9.002627043141e+02 
       4.753095973613e-01       8.930250800469e+02 
       4.785554218941e-01       8.858752879372e+02 
       4.818012466214e-01       8.788202762102e+02 
       4.850470715393e-01       8.718695292119e+02 
       4.882928966440e-01       8.650313600148e+02 
       4.915387219317e-01       8.583158290658e+02 
       4.947845473989e-01       8.517277908414e+02 
       4.980303730419e-01       8.452687954749e+02 
       5.012761988575e-01       8.389366772000e+02 
       5.045220248423e-01       8.327237130557e+02 
       5.077678509929e-01       8.266205474958e+02 
       5.110136773063e-01       8.206165937703e+02 
       5.142595037793e-01       8.147030515355e+02 
       5.175053304089e-01       8.088725112730e+02 
       5.207511571922e-01       8.031206591702e+02 
       5.239969841263e-01       7.974400641071e+02 
       5.272428112085e-01       7.918268432081e+02 
       5.304886384360e-01       7.862741232786e+02 
       5.535918846437e-01       7.485483502709e+02 
       5.790093998718e-01       7.109997716316e+02 
       6.073695075555e-01       6.732324420492e+02 
       6.396019274794e-01       6.345738114075e+02 
       6.771542210588e-01       5.945604495825e+02 
       7.224264884434e-01       5.521469236907e+02 
       7.797160593363e-01       5.058992439775e+02 
       8.574216552815e-01       4.534888918692e+02 
       9.731155824234e-01       3.915876482265e+02 
       1.159996295880e+00       3.185194442706e+02 
       1.444636797478e+00       2.440164882019e+02 
       1.817880989481e+00       1.811912598672e+02 
       2.288567735602e+00       1.307180349657e+02 
       2.881136061871e+00       9.129146858351e+01 
       3.627135403123e+00       6.178973214187e+01 
       4.566292931009e+00       4.069200372352e+01 
       5.748622208544e+00       2.620629202607e+01 
       7.237086581140e+00       1.659394990700e+01 
       9.110952204351e+00       1.038713971826e+01 
       1.147000925570e+01       6.462781786925e+00 
       1.443988612552e+01       4.020103706149e+00 
