# Matter power spectrum P(k) at redshift z=0
# for k=1.03961e-05 to 13.9165 h/Mpc,
# number of wavenumbers equal to 549
#    1:k (h/Mpc)              2:P (Mpc/h)^3        
       1.039609977471e-05       5.347010521886e+01 
       2.319095722733e-05       1.155092930556e+02 
       3.603025423457e-05       1.763208622366e+02 
       4.894807484163e-05       2.366125706407e+02 
       6.197905976575e-05       2.967780356435e+02 
       7.515871117816e-05       3.571066315485e+02 
       8.852370711232e-05       4.178421434729e+02 
       1.021122296285e-04       4.792066091056e+02 
       1.159643108966e-04       5.414124366768e+02 
       1.301222013934e-04       6.046696337862e+02 
       1.446307644153e-04       6.691907333508e+02 
       1.595379010616e-04       7.351945584600e+02 
       1.748950096763e-04       8.029093709691e+02 
       1.907574834033e-04       8.725757032468e+02 
       2.071852489065e-04       9.444490417122e+02 
       2.242433483185e-04       1.018802439539e+03 
       2.420025649508e-04       1.095929137448e+03 
       2.605400910284e-04       1.176145174016e+03 
       2.799402324436e-04       1.259792009794e+03 
       3.002951409599e-04       1.347239097667e+03 
       3.217055580821e-04       1.438886346232e+03 
       3.442815465670e-04       1.535166346313e+03 
       3.681431749122e-04       1.636546204312e+03 
       3.934211068863e-04       1.743528784401e+03 
       4.202570322041e-04       1.856653045700e+03 
       4.488038562500e-04       1.976493157479e+03 
       4.792255474388e-04       2.103655929011e+03 
       5.116965225900e-04       2.238776134872e+03 
       5.464004372002e-04       2.382509173044e+03 
       5.835282439696e-04       2.535520591276e+03 
       6.232753961265e-04       2.698472080412e+03 
       6.658381094595e-04       2.872003781090e+03 
       7.114086650089e-04       3.056712953826e+03 
       7.601698358072e-04       3.253129694006e+03 
       8.122886513773e-04       3.461690762992e+03 
       8.679098580840e-04       3.682713274546e+03 
       9.271495658526e-04       3.916370408778e+03 
       9.900896583778e-04       4.162671660701e+03 
       1.056773551527e-03       4.421449994677e+03 
       1.127203792618e-03       4.692357762713e+03 
       1.201341804715e-03       4.974872326374e+03 
       1.279109825853e-03       5.268311447873e+03 
       1.360394825218e-03       5.571844095913e+03 
       1.445053953976e-03       5.884525171543e+03 
       1.532920951564e-03       6.205381592593e+03 
       1.623812896495e-03       6.533368978047e+03 
       1.717536753543e-03       6.867429794635e+03 
       1.813895296106e-03       7.206519246201e+03 
       1.912692136122e-03       7.549626495271e+03 
       2.013735741420e-03       7.895790710957e+03 
       2.116842440477e-03       8.244112500969e+03 
       2.221838498128e-03       8.593760726044e+03 
       2.328561393747e-03       8.943976473777e+03 
       2.436860452076e-03       9.294072438793e+03 
       2.546596974938e-03       9.643432105217e+03 
       2.657644007469e-03       9.991504815897e+03 
       2.769885851963e-03       1.033780438573e+04 
       2.883217420278e-03       1.068190110592e+04 
       2.997543494897e-03       1.102341934733e+04 
       3.112777950577e-03       1.136203100431e+04 
       3.228842973503e-03       1.169745130041e+04 
       3.345668303031e-03       1.202943455902e+04 
       3.463190512065e-03       1.235776801277e+04 
       3.581352335409e-03       1.268226971736e+04 
       3.700102050656e-03       1.300278791718e+04 
       3.819392912821e-03       1.331919103010e+04 
       3.939182641726e-03       1.363137256504e+04 
       4.059432959690e-03       1.393924062719e+04 
       4.180109176307e-03       1.424272491186e+04 
       4.301179816603e-03       1.454176516652e+04 
       4.422616288785e-03       1.483631922093e+04 
       4.544392587817e-03       1.512634884833e+04 
       4.666485031201e-03       1.541183428508e+04 
       4.788872023608e-03       1.569275277710e+04 
       4.911533847241e-03       1.596909526073e+04 
       5.034452475099e-03       1.624088922959e+04 
       5.157611404580e-03       1.650811420419e+04 
       5.280995509139e-03       1.677079102665e+04 
       5.404590905946e-03       1.702892993129e+04 
       5.528384837713e-03       1.728254614127e+04 
       5.652365567099e-03       1.753166341640e+04 
       5.776522282237e-03       1.777630821773e+04 
       5.900845012137e-03       1.801650034130e+04 
       6.025324550842e-03       1.825227988684e+04 
       6.149952389355e-03       1.848367415310e+04 
       6.274720654468e-03       1.871071163829e+04 
       6.399622053729e-03       1.893343800548e+04 
       6.524649825870e-03       1.915188029950e+04 
       6.649797696099e-03       1.936607440530e+04 
       6.775059835734e-03       1.957607094108e+04 
       6.900430825703e-03       1.978189954098e+04 
       7.025905623511e-03       1.998359802997e+04 
       7.151479533310e-03       2.018121931118e+04 
       7.277148178727e-03       2.037478804514e+04 
       7.402907478199e-03       2.056434979188e+04 
       7.528753622533e-03       2.074995573428e+04 
       7.654683054475e-03       2.093164106157e+04 
       7.780692450091e-03       2.110945402547e+04 
       7.906778701778e-03       2.128341590770e+04 
       8.032938902741e-03       2.145359184241e+04 
       8.159170332803e-03       2.162000322902e+04 
       8.285470445409e-03       2.178270185257e+04 
       8.411836855732e-03       2.194174282769e+04 
       8.538267329746e-03       2.209715309926e+04 
       8.664759774206e-03       2.224897578603e+04 
       8.791312227440e-03       2.239724263296e+04 
       8.917922850874e-03       2.254200521203e+04 
       9.044589921234e-03       2.268330561126e+04 
       9.171311823364e-03       2.282117746136e+04 
       9.298087043597e-03       2.295565955109e+04 
       9.424914163642e-03       2.308680073668e+04 
       9.551791854939e-03       2.321463226903e+04 
       9.678718873436e-03       2.333918338278e+04 
       9.805694054768e-03       2.346050849452e+04 
       9.932716309785e-03       2.357863035837e+04 
       1.005978462042e-02       2.369359918215e+04 
       1.018689803584e-02       2.380544354421e+04 
       1.031405566893e-02       2.391420285195e+04 
       1.044125669295e-02       2.401991451361e+04 
       1.056850033849e-02       2.412260708612e+04 
       1.069578589065e-02       2.422232543587e+04 
       1.082311268638e-02       2.431910371724e+04 
       1.095048011202e-02       2.441297561970e+04 
       1.107788760104e-02       2.450396665810e+04 
       1.120533463190e-02       2.459213634576e+04 
       1.133282072611e-02       2.467750108981e+04 
       1.146034544634e-02       2.476008838913e+04 
       1.158790839478e-02       2.483994639544e+04 
       1.171550921150e-02       2.491711167920e+04 
       1.184314757300e-02       2.499159716885e+04 
       1.197082319083e-02       2.506345461227e+04 
       1.209853581029e-02       2.513271577863e+04 
       1.222628520930e-02       2.519940252179e+04 
       1.235407119723e-02       2.526354948004e+04 
       1.248189361391e-02       2.532518753398e+04 
       1.260975232867e-02       2.538436089115e+04 
       1.273764723946e-02       2.544109082373e+04 
       1.286557827200e-02       2.549540836947e+04 
       1.299354537909e-02       2.554734487234e+04 
       1.312154853984e-02       2.559692571024e+04 
       1.324958775905e-02       2.564419995774e+04 
       1.337766306660e-02       2.568917507162e+04 
       1.350577451694e-02       2.573189301558e+04 
       1.363392218852e-02       2.577237659296e+04 
       1.376210618338e-02       2.581065970825e+04 
       1.389032662671e-02       2.584675750363e+04 
       1.401858366647e-02       2.588070409222e+04 
       1.414687747302e-02       2.591253362861e+04 
       1.427520823885e-02       2.594226748987e+04 
       1.440357617826e-02       2.596993044426e+04 
       1.453198152714e-02       2.599555868263e+04 
       1.466042454271e-02       2.601916525519e+04 
       1.478890550340e-02       2.604078788453e+04 
       1.491742470861e-02       2.606044402403e+04 
       1.504598247862e-02       2.607816927548e+04 
       1.517457915447e-02       2.609398045610e+04 
       1.530321509788e-02       2.610790781521e+04 
       1.543189069116e-02       2.611997408248e+04 
       1.556060633718e-02       2.613020361304e+04 
       1.568936245938e-02       2.613862512681e+04 
       1.581815950173e-02       2.614525604510e+04 
       1.594699792879e-02       2.615012897394e+04 
       1.607587822571e-02       2.615326112031e+04 
       1.620480089834e-02       2.615467446399e+04 
       1.633376647329e-02       2.615439524567e+04 
       1.646277549801e-02       2.615245267714e+04 
       1.659182854094e-02       2.614887241403e+04 
       1.672092619163e-02       2.614366227714e+04 
       1.685006906091e-02       2.613685484311e+04 
       1.697925778104e-02       2.612847614048e+04 
       1.710849300591e-02       2.611853187951e+04 
       1.723777541125e-02       2.610707082338e+04 
       1.736710569484e-02       2.609409447653e+04 
       1.749648457678e-02       2.607962394565e+04 
       1.762591279969e-02       2.606369585035e+04 
       1.775539112905e-02       2.604631939358e+04 
       1.788492035343e-02       2.602751711150e+04 
       1.801450128483e-02       2.600734119181e+04 
       1.814413475901e-02       2.598575073072e+04 
       1.827382163580e-02       2.596282259322e+04 
       1.840356279947e-02       2.593855354503e+04 
       1.853335915911e-02       2.591296519379e+04 
       1.866321164900e-02       2.588609577282e+04 
       1.879312122903e-02       2.585791829577e+04 
       1.892308888515e-02       2.582850516769e+04 
       1.905311562975e-02       2.579786046378e+04 
       1.918320250217e-02       2.576597931530e+04 
       1.931335056915e-02       2.573291487955e+04 
       1.944356092536e-02       2.569867965986e+04 
       1.957383469387e-02       2.566329514842e+04 
       1.970417302669e-02       2.562677298149e+04 
       1.983457710535e-02       2.558913578498e+04 
       1.996504814146e-02       2.555039534134e+04 
       2.009558737728e-02       2.551055194049e+04 
       2.022619608635e-02       2.546968204526e+04 
       2.035687557411e-02       2.542775846407e+04 
       2.048762717856e-02       2.538480762973e+04 
       2.061845227096e-02       2.534083132322e+04 
       2.074935225646e-02       2.529592076486e+04 
       2.088032857489e-02       2.524997645937e+04 
       2.101138270146e-02       2.520314581436e+04 
       2.114251614753e-02       2.515536222364e+04 
       2.127373046143e-02       2.510664409031e+04 
       2.140502722924e-02       2.505703718677e+04 
       2.153640807565e-02       2.500657889450e+04 
       2.166787466482e-02       2.495522667180e+04 
       2.179942870129e-02       2.490303899532e+04 
       2.193107193090e-02       2.484994023017e+04 
       2.206280614172e-02       2.479615455585e+04 
       2.219463316506e-02       2.474152108164e+04 
       2.232655487647e-02       2.468606476742e+04 
       2.245857319680e-02       2.462990926762e+04 
       2.259069009326e-02       2.457298735346e+04 
       2.272290758053e-02       2.451534328498e+04 
       2.285522772193e-02       2.445691278252e+04 
       2.298765263057e-02       2.439783068686e+04 
       2.312018447061e-02       2.433808501950e+04 
       2.325282545847e-02       2.427766558592e+04 
       2.338557786417e-02       2.421651154005e+04 
       2.351844401264e-02       2.415474800930e+04 
       2.365142628513e-02       2.409237931214e+04 
       2.378452712059e-02       2.402939269462e+04 
       2.391774901721e-02       2.396578452540e+04 
       2.405109453385e-02       2.390161567435e+04 
       2.418456629169e-02       2.383684722919e+04 
       2.431816697580e-02       2.377153306000e+04 
       2.445189933682e-02       2.370565807110e+04 
       2.458576619268e-02       2.363928615896e+04 
       2.471977043040e-02       2.357235928248e+04 
       2.485391500791e-02       2.350496418856e+04 
       2.498820295596e-02       2.343700229579e+04 
       2.512263738006e-02       2.336861612636e+04 
       2.525722146257e-02       2.329980801497e+04 
       2.539195846471e-02       2.323046840356e+04 
       2.552685172881e-02       2.316073933398e+04 
       2.566190468049e-02       2.309051976915e+04 
       2.579712083101e-02       2.301997106510e+04 
       2.593250377968e-02       2.294896581779e+04 
       2.606805721629e-02       2.287757447355e+04 
       2.620378492372e-02       2.280578599873e+04 
       2.633969078058e-02       2.273366482646e+04 
       2.647577876398e-02       2.266117191501e+04 
       2.661205295233e-02       2.258834781963e+04 
       2.674851752834e-02       2.251515863479e+04 
       2.688517678204e-02       2.244166412576e+04 
       2.702203511398e-02       2.236784116277e+04 
       2.715909703844e-02       2.229369773143e+04 
       2.729636718693e-02       2.221933982426e+04 
       2.743385031162e-02       2.214468032938e+04 
       2.757155128905e-02       2.206969639097e+04 
       2.770947512392e-02       2.199444893934e+04 
       2.784762695300e-02       2.191898781915e+04 
       2.798601204924e-02       2.184329683479e+04 
       2.812463582598e-02       2.176731169259e+04 
       2.826350384140e-02       2.169116056882e+04 
       2.840262180305e-02       2.161480654922e+04 
       2.854199557264e-02       2.153824078403e+04 
       2.868163117095e-02       2.146142317336e+04 
       2.882153478299e-02       2.138447891697e+04 
       2.896171276333e-02       2.130730389878e+04 
       2.910217164167e-02       2.123004650291e+04 
       2.924291812863e-02       2.115254583309e+04 
       2.938395912172e-02       2.107494644090e+04 
       2.952530171170e-02       2.099717031831e+04 
       2.966695318904e-02       2.091927108906e+04 
       2.980892105075e-02       2.084118561397e+04 
       2.995121300749e-02       2.076304964728e+04 
       3.009383699094e-02       2.068476644807e+04 
       3.023680116153e-02       2.060640472767e+04 
       3.038011391653e-02       2.052790230961e+04 
       3.052378389839e-02       2.044936958888e+04 
       3.066782000355e-02       2.037067403864e+04 
       3.081223139165e-02       2.029198030502e+04 
       3.095702749503e-02       2.021307275210e+04 
       3.110221802883e-02       2.013426144026e+04 
       3.124781300142e-02       2.005531868803e+04 
       3.139382272539e-02       1.997630167587e+04 
       3.154025782901e-02       1.989728830567e+04 
       3.168712926826e-02       1.981818730569e+04 
       3.183444833943e-02       1.973910006907e+04 
       3.198222669227e-02       1.965993067074e+04 
       3.213047634390e-02       1.958068292317e+04 
       3.227920969327e-02       1.950149632900e+04 
       3.242843953640e-02       1.942229847321e+04 
       3.257817908239e-02       1.934307777132e+04 
       3.272844197023e-02       1.926378122700e+04 
       3.287924228643e-02       1.918450253201e+04 
       3.303059458363e-02       1.910527499020e+04 
       3.318251390009e-02       1.902601919555e+04 
       3.333501578030e-02       1.894682711264e+04 
       3.348811629661e-02       1.886755213936e+04 
       3.364183207203e-02       1.878838128296e+04 
       3.379618030435e-02       1.870916981753e+04 
       3.395117879147e-02       1.862999295709e+04 
       3.410684595820e-02       1.855085519653e+04 
       3.426320088456e-02       1.847171935631e+04 
       3.442026333565e-02       1.839261809361e+04 
       3.457805379329e-02       1.831355888543e+04 
       3.473659348943e-02       1.823454761734e+04 
       3.489590444159e-02       1.815555818149e+04 
       3.505600949031e-02       1.807663422817e+04 
       3.521693233897e-02       1.799777678122e+04 
       3.537869759592e-02       1.791890509271e+04 
       3.554133081926e-02       1.784006809030e+04 
       3.570485856438e-02       1.776131446372e+04 
       3.586930843452e-02       1.768253674990e+04 
       3.603470913452e-02       1.760391602373e+04 
       3.620109052809e-02       1.752528552068e+04 
       3.636848369875e-02       1.744664994671e+04 
       3.653692101490e-02       1.736815497435e+04 
       3.670643619918e-02       1.728966611092e+04 
       3.687706440256e-02       1.721124914226e+04 
       3.704884228357e-02       1.713283440887e+04 
       3.722180809299e-02       1.705446475347e+04 
       3.739600176464e-02       1.697617699643e+04 
       3.757146501256e-02       1.689789545525e+04 
       3.774824143532e-02       1.681967594482e+04 
       3.792637662805e-02       1.674149246371e+04 
       3.810591830276e-02       1.666336970636e+04 
       3.828691641792e-02       1.658531294653e+04 
       3.846942331789e-02       1.650720776970e+04 
       3.865349388332e-02       1.642919606633e+04 
       3.883918569350e-02       1.635119900610e+04 
       3.902655920171e-02       1.627320213906e+04 
       3.921567792500e-02       1.619522169903e+04 
       3.940660864969e-02       1.611727233910e+04 
       3.959942165424e-02       1.603934935411e+04 
       3.979419095123e-02       1.596141407652e+04 
       3.999099455046e-02       1.588352208319e+04 
       4.018991474538e-02       1.580554444265e+04 
       4.039103842534e-02       1.572763011884e+04 
       4.059445741648e-02       1.564967000134e+04 
       4.080026885446e-02       1.557164327866e+04 
       4.100857559258e-02       1.549362105069e+04 
       4.121948664941e-02       1.541558809607e+04 
       4.143311770044e-02       1.533746478043e+04 
       4.164959161916e-02       1.525934972111e+04 
       4.186903907340e-02       1.518109465266e+04 
       4.209159918382e-02       1.510278244971e+04 
       4.231742025239e-02       1.502438393779e+04 
       4.254666056987e-02       1.494592169503e+04 
       4.277948931255e-02       1.486728726732e+04 
       4.301608754022e-02       1.478855487950e+04 
       4.325664930923e-02       1.470970112042e+04 
       4.350138291655e-02       1.463064285342e+04 
       4.375051229355e-02       1.455139974942e+04 
       4.400427857115e-02       1.447199097183e+04 
       4.426294184194e-02       1.439236899350e+04 
       4.452678314895e-02       1.431252834765e+04 
       4.479610673642e-02       1.423239827034e+04 
       4.507124260416e-02       1.415201541365e+04 
       4.535254941479e-02       1.407132925064e+04 
       4.564041781264e-02       1.399029036217e+04 
       4.593527422456e-02       1.390888030090e+04 
       4.623758522675e-02       1.382709971479e+04 
       4.654786257903e-02       1.374482886903e+04 
       4.686666904923e-02       1.366213585071e+04 
       4.719462517630e-02       1.357887806061e+04 
       4.753241715377e-02       1.349507172718e+04 
       4.788080605564e-02       1.341065461598e+04 
       4.824063867786e-02       1.332553045308e+04 
       4.861286033289e-02       1.323968371109e+04 
       4.899853001585e-02       1.315302224962e+04 
       4.939883846371e-02       1.306541348145e+04 
       4.981512975963e-02       1.297683464438e+04 
       5.024892730110e-02       1.288717811645e+04 
       5.070196516278e-02       1.279623528860e+04 
       5.117622615532e-02       1.270395980283e+04 
       5.167398822482e-02       1.261012031238e+04 
       5.219788126984e-02       1.251458366410e+04 
       5.275095699105e-02       1.241706871148e+04 
       5.333677504036e-02       1.231728894557e+04 
       5.395950949389e-02       1.221499232077e+04 
       5.462408047959e-02       1.210965347836e+04 
       5.533631649025e-02       1.200081353519e+04 
       5.610315314421e-02       1.188783606072e+04 
       5.693287314850e-02       1.176987461643e+04 
       5.783538842745e-02       1.164579224973e+04 
       5.882255586174e-02       1.151428522866e+04 
       5.990849758118e-02       1.137337279404e+04 
       6.110985676323e-02       1.122057894188e+04 
       6.244584912137e-02       1.105259017250e+04 
       6.393786092288e-02       1.086494991805e+04 
       6.560821393942e-02       1.065201379145e+04 
       6.747765768352e-02       1.040694598387e+04 
       6.956138133878e-02       1.012230787180e+04 
       7.186414541420e-02       9.791454940528e+03 
       7.437642453682e-02       9.410851598180e+03 
       7.707413894966e-02       8.982523454320e+03 
       7.992311652380e-02       8.515448837703e+03 
       8.288635059686e-02       8.024821206244e+03 
       8.593043731692e-02       7.529499303763e+03 
       8.902892365345e-02       7.048662355298e+03 
       9.216271108777e-02       6.599053982154e+03 
       9.531885236304e-02       6.193101902432e+03 
       9.848892621598e-02       5.838226862375e+03 
       1.016675983116e-01       5.536870942999e+03 
       1.048515452696e-01       5.287109858852e+03 
       1.080387176454e-01       5.083576391602e+03 
       1.112278594317e-01       4.918348348336e+03 
       1.144182037183e-01       4.781965123692e+03 
       1.176092832113e-01       4.664314985999e+03 
       1.208008134710e-01       4.555578963418e+03 
       1.239926214040e-01       4.447023774963e+03 
       1.271846016350e-01       4.331782932695e+03 
       1.303766899453e-01       4.205325784736e+03 
       1.335688471255e-01       4.065729525267e+03 
       1.367610491652e-01       3.913580600713e+03 
       1.399532812951e-01       3.751565364754e+03 
       1.431455343699e-01       3.583885804085e+03 
       1.463378026716e-01       3.415537428104e+03 
       1.495300825754e-01       3.251606003427e+03 
       1.527223717386e-01       3.096680913553e+03 
       1.559146686077e-01       2.954401714754e+03 
       1.591069721182e-01       2.827214049926e+03 
       1.622992815116e-01       2.716254360312e+03 
       1.654915962234e-01       2.621411620627e+03 
       1.686839158143e-01       2.541467000869e+03 
       1.718762399282e-01       2.474333663012e+03 
       1.750685682657e-01       2.417312339766e+03 
       1.782609005677e-01       2.367376177479e+03 
       1.814532366046e-01       2.321509040263e+03 
       1.846455761699e-01       2.277420615163e+03 
       1.878379190754e-01       2.232008301003e+03 
       1.910302651481e-01       2.183427339977e+03 
       1.942226142279e-01       2.130595736342e+03 
       1.974149661664e-01       2.073255743375e+03 
       2.006073208251e-01       2.011901238200e+03 
       2.037996780746e-01       1.947649491970e+03 
       2.069920377937e-01       1.881973821218e+03 
       2.101843998688e-01       1.816499848696e+03 
       2.133767641934e-01       1.752793771132e+03 
       2.165691306671e-01       1.692186176305e+03 
       2.197614991955e-01       1.635718199616e+03 
       2.229538696898e-01       1.584071686837e+03 
       2.261462420661e-01       1.537581300890e+03 
       2.293386162452e-01       1.496241174797e+03 
       2.325309921523e-01       1.459732298500e+03 
       2.357233697169e-01       1.427459535497e+03 
       2.389157488720e-01       1.398609175395e+03 
       2.421081295542e-01       1.372240656927e+03 
       2.453005117036e-01       1.347385475337e+03 
       2.484928952633e-01       1.323136740635e+03 
       2.516852801792e-01       1.298738204872e+03 
       2.548776664002e-01       1.273632096753e+03 
       2.580700538773e-01       1.247482996441e+03 
       2.612624425644e-01       1.220177381277e+03 
       2.644548324174e-01       1.191798053960e+03 
       2.676472233942e-01       1.162601426310e+03 
       2.708396154550e-01       1.132963766816e+03 
       2.740320085615e-01       1.103356649837e+03 
       2.772244026775e-01       1.074278248959e+03 
       2.804167977683e-01       1.046205376281e+03 
       2.836091938008e-01       1.019531366613e+03 
       2.868015907434e-01       9.945367651202e+02 
       2.899939885659e-01       9.713590416637e+02 
       2.931863872393e-01       9.500105061891e+02 
       2.963787867360e-01       9.303763144015e+02 
       2.995711870296e-01       9.122637767822e+02 
       3.027635880947e-01       8.954183968804e+02 
       3.059559899070e-01       8.795631643356e+02 
       3.091483924433e-01       8.644041410985e+02 
       3.123407956813e-01       8.496689800598e+02 
       3.155331995995e-01       8.351067697825e+02 
       3.187256041775e-01       8.205186492175e+02 
       3.219180093954e-01       8.057656962681e+02 
       3.251104152344e-01       7.907852791956e+02 
       3.283028216762e-01       7.755852531356e+02 
       3.314952287034e-01       7.602370459571e+02 
       3.346876362991e-01       7.448594290614e+02 
       3.378800444471e-01       7.295876500092e+02 
       3.410724531318e-01       7.145595673011e+02 
       3.442648623383e-01       6.999099276932e+02 
       3.474572720521e-01       6.857505696187e+02 
       3.506496822592e-01       6.721701155138e+02 
       3.538420929463e-01       6.592242355245e+02 
       3.570345041005e-01       6.469446534740e+02 
       3.602269157092e-01       6.353209362537e+02 
       3.634193277604e-01       6.243088403753e+02 
       3.666117402425e-01       6.138374032724e+02 
       3.698041531444e-01       6.038095669932e+02 
       3.729965664551e-01       5.941239415314e+02 
       3.761889801643e-01       5.846884186596e+02 
       3.793813942618e-01       5.754205724000e+02 
       3.825738087379e-01       5.662615284998e+02 
       3.857662235831e-01       5.571695783529e+02 
       3.889586387883e-01       5.481226245798e+02 
       3.921510543447e-01       5.391111945714e+02 
       3.953434702437e-01       5.301407504908e+02 
       3.985358864771e-01       5.212313273790e+02 
       4.017283030369e-01       5.124123314496e+02 
       4.049207199152e-01       5.037253369888e+02 
       4.081131371047e-01       4.952066728473e+02 
       4.113055545981e-01       4.868960555501e+02 
       4.144979723882e-01       4.788225784329e+02 
       4.176903904683e-01       4.709999241913e+02 
       4.208828088317e-01       4.634347717645e+02 
       4.240752274721e-01       4.561248918868e+02 
       4.272676463831e-01       4.490558037875e+02 
       4.304600655588e-01       4.422182446588e+02 
       4.336524849932e-01       4.355948769437e+02 
       4.368449046807e-01       4.291668223222e+02 
       4.400373246158e-01       4.229087820112e+02 
       4.432297447931e-01       4.167927872087e+02 
       4.464221652073e-01       4.107939521690e+02 
       4.496145858535e-01       4.048902265858e+02 
       4.528070067266e-01       3.990608426938e+02 
       4.559994278219e-01       3.932991459420e+02 
       4.591918491348e-01       3.876003249103e+02 
       4.623842706607e-01       3.819717150276e+02 
       4.655766923952e-01       3.764144970769e+02 
       4.687691143341e-01       3.709350919323e+02 
       4.719615364731e-01       3.655400594932e+02 
       4.751539588083e-01       3.602401378070e+02 
       4.783463813358e-01       3.550436891651e+02 
       4.815388040515e-01       3.499615866804e+02 
       4.847312269520e-01       3.450017550457e+02 
       4.879236500334e-01       3.401705637744e+02 
       4.911160732922e-01       3.354680025820e+02 
       4.943084967251e-01       3.308895891643e+02 
       4.975009203286e-01       3.264266686910e+02 
       5.006933440995e-01       3.220673447732e+02 
       5.038857680346e-01       3.178019896228e+02 
       5.070781921308e-01       3.136221200966e+02 
       5.102706163850e-01       3.095190645770e+02 
       5.134630407942e-01       3.054855138271e+02 
       5.166554653557e-01       3.015178310349e+02 
       5.198478900665e-01       2.976063743379e+02 
       5.423930178917e-01       2.715434166431e+02 
       5.671697373291e-01       2.465046816195e+02 
       5.947762801929e-01       2.224162501843e+02 
       6.260942976586e-01       1.987428400125e+02 
       6.624897447671e-01       1.755288955589e+02 
       7.062136460816e-01       1.523285579555e+02 
       7.612669147576e-01       1.288063730074e+02 
       8.354083730716e-01       1.044525537813e+02 
       9.448227144704e-01       7.888884720833e+01 
       1.120878683409e+00       5.313508239655e+01 
       1.392531844143e+00       3.189224522282e+01 
       1.751992746176e+00       1.840659091310e+01 
       2.205614368676e+00       1.051405487441e+01 
       2.776703945774e+00       5.957653588310e+00 
       3.495663158354e+00       3.351385436229e+00 
       4.400779181125e+00       1.872840859937e+00 
       5.540252742813e+00       1.040333543365e+00 
       6.974764965689e+00       5.747074038850e-01 
       8.780708856598e+00       3.158817810350e-01 
       1.105425751314e+01       1.728137688254e-01 
       1.391648569181e+01       9.413661284971e-02 
