# Matter power spectrum P(k) at redshift z=0
# for k=1.05187e-05 to 14.3657 h/Mpc,
# number of wavenumbers equal to 549
#    1:k (h/Mpc)              2:P (Mpc/h)^3        
       1.051869541590e-05       5.175122345075e+01 
       2.349775499059e-05       1.119484680253e+02 
       3.652312506126e-05       1.709582649799e+02 
       4.963038857034e-05       2.294727909762e+02 
       6.285572566156e-05       2.878786126468e+02 
       7.623624120186e-05       3.464611291462e+02 
       8.981030292540e-05       4.054616848658e+02 
       1.036178947603e-04       4.651008187744e+02 
       1.177009899336e-04       5.255901379509e+02 
       1.321039484833e-04       5.871394234770e+02 
       1.468739438105e-04       6.499615188759e+02 
       1.620614228339e-04       7.142760847371e+02 
       1.777206041087e-04       7.803127873995e+02 
       1.939100178599e-04       8.483141603221e+02 
       2.106930911511e-04       9.185383607103e+02 
       2.281387802185e-04       9.912618331175e+02 
       2.463222501614e-04       1.066782017664e+03 
       2.653255994530e-04       1.145420031893e+03 
       2.852386228197e-04       1.227523359303e+03 
       3.061596005702e-04       1.313468487766e+03 
       3.281960950316e-04       1.403663376174e+03 
       3.514657249216e-04       1.498549686316e+03 
       3.760968758758e-04       1.598604510372e+03 
       4.022292896946e-04       1.704341448377e+03 
       4.300144562828e-04       1.816310587544e+03 
       4.596157113937e-04       1.935097157025e+03 
       4.912079218150e-04       2.061318224651e+03 
       5.249766205345e-04       2.195617039805e+03 
       5.611164424630e-04       2.338654412116e+03 
       5.998287131019e-04       2.491096701522e+03 
       6.413180663012e-04       2.653599995876e+03 
       6.857880213871e-04       2.826790457638e+03 
       7.334355406261e-04       3.011241118124e+03 
       7.844447155502e-04       3.207445956086e+03 
       8.389798853738e-04       3.415792788286e+03 
       8.971786500673e-04       3.636536915195e+03 
       9.591453700874e-04       3.869778055716e+03 
       1.024945804380e-03       4.115443270949e+03 
       1.094603495049e-03       4.373277892252e+03 
       1.168098349168e-03       4.642846388910e+03 
       1.245367614954e-03       4.923543243781e+03 
       1.326309150046e-03       5.214613313474e+03 
       1.410786599351e-03       5.515154440858e+03 
       1.498635898519e-03       5.824204443724e+03 
       1.589672431628e-03       6.140753701749e+03 
       1.683698199762e-03       6.463751326863e+03 
       1.780508474053e-03       6.792149410728e+03 
       1.879897571101e-03       7.124926382364e+03 
       1.981663559495e-03       7.461105452408e+03 
       2.085611853470e-03       7.799768173050e+03 
       2.191557758065e-03       8.140062793238e+03 
       2.299328096839e-03       8.481208939445e+03 
       2.408762083904e-03       8.822499344354e+03 
       2.519711606089e-03       9.163297776861e+03 
       2.632041068249e-03       9.503036807742e+03 
       2.745626933029e-03       9.841213349881e+03 
       2.860357061799e-03       1.017738452467e+04 
       2.976129939606e-03       1.051116151485e+04 
       3.092853845834e-03       1.084220551229e+04 
       3.210446014684e-03       1.117022231596e+04 
       3.328831815614e-03       1.149495816819e+04 
       3.447943973123e-03       1.181619469755e+04 
       3.567721837397e-03       1.213374243608e+04 
       3.688110711566e-03       1.244744434484e+04 
       3.809061237414e-03       1.275716486539e+04 
       3.930528838699e-03       1.306279418642e+04 
       4.052473219567e-03       1.336423651638e+04 
       4.174857914551e-03       1.366141749152e+04 
       4.297649886143e-03       1.395427695808e+04 
       4.420819165723e-03       1.424276564869e+04 
       4.544338533692e-03       1.452684915792e+04 
       4.668183234829e-03       1.480649850255e+04 
       4.792330725130e-03       1.508170252553e+04 
       4.916760446688e-03       1.535243743236e+04 
       5.041453627505e-03       1.561872591794e+04 
       5.166393103390e-03       1.588056369593e+04 
       5.291563159443e-03       1.613795486461e+04 
       5.416949388847e-03       1.639091667282e+04 
       5.542538567001e-03       1.663946395977e+04 
       5.668318539188e-03       1.688361337760e+04 
       5.794278120250e-03       1.712339598041e+04 
       5.920407004867e-03       1.735883209101e+04 
       6.046695687240e-03       1.758995128604e+04 
       6.173135389098e-03       1.781679061690e+04 
       6.299717995097e-03       1.803937568538e+04 
       6.426435994767e-03       1.825774003705e+04 
       6.553282430296e-03       1.847192446727e+04 
       6.680250849492e-03       1.868195701453e+04 
       6.807335263357e-03       1.888788421450e+04 
       6.934530107781e-03       1.908974358146e+04 
       7.061830208907e-03       1.928756943175e+04 
       7.189230751776e-03       1.948140290785e+04 
       7.316727251910e-03       1.967128664422e+04 
       7.444315529525e-03       1.985724911451e+04 
       7.571991686103e-03       2.003934884309e+04 
       7.699752083080e-03       2.021761644772e+04 
       7.827593322446e-03       2.039210031432e+04 
       7.955512229049e-03       2.056282619932e+04 
       8.083505834451e-03       2.072984889001e+04 
       8.211571362179e-03       2.089320704569e+04 
       8.339706214229e-03       2.105292327061e+04 
       8.467907958719e-03       2.120906249305e+04 
       8.596174318564e-03       2.136166927752e+04 
       8.724503161093e-03       2.151076217403e+04 
       8.852892488512e-03       2.165639142128e+04 
       8.981340429141e-03       2.179859266633e+04 
       9.109845229347e-03       2.193741296078e+04 
       9.238405246127e-03       2.207288144247e+04 
       9.367018940260e-03       2.220504564912e+04 
       9.495684870001e-03       2.233394418906e+04 
       9.624401685259e-03       2.245960574535e+04 
       9.753168122215e-03       2.258206912335e+04 
       9.881982998354e-03       2.270138920100e+04 
       1.001084520786e-02       2.281757762544e+04 
       1.013975371737e-02       2.293068078771e+04 
       1.026870756202e-02       2.304073893030e+04 
       1.039770584180e-02       2.314777858234e+04 
       1.052674771815e-02       2.325185203737e+04 
       1.065583241085e-02       2.335297908614e+04 
       1.078495919507e-02       2.345119863649e+04 
       1.091412739867e-02       2.354654600298e+04 
       1.104333639972e-02       2.363905656119e+04 
       1.117258562409e-02       2.372876371162e+04 
       1.130187454334e-02       2.381569653811e+04 
       1.143120267268e-02       2.389990047884e+04 
       1.156056956908e-02       2.398139961385e+04 
       1.168997482955e-02       2.406022904084e+04 
       1.181941808948e-02       2.413642814218e+04 
       1.194889902115e-02       2.421002417105e+04 
       1.207841733233e-02       2.428104276487e+04 
       1.220797276496e-02       2.434952269292e+04 
       1.233756509394e-02       2.441549994777e+04 
       1.246719412600e-02       2.447899231150e+04 
       1.259685969867e-02       2.454004317962e+04 
       1.272656167926e-02       2.459867321873e+04 
       1.285629996400e-02       2.465492239879e+04 
       1.298607447721e-02       2.470881648484e+04 
       1.311588517048e-02       2.476039353965e+04 
       1.324573202198e-02       2.480967462463e+04 
       1.337561503580e-02       2.485668756343e+04 
       1.350553424136e-02       2.490146728038e+04 
       1.363548969278e-02       2.494404528229e+04 
       1.376548146844e-02       2.498444398750e+04 
       1.389550967047e-02       2.502268416837e+04 
       1.402557442433e-02       2.505880640983e+04 
       1.415567587839e-02       2.509281930120e+04 
       1.428581420362e-02       2.512476666388e+04 
       1.441598959325e-02       2.515467130282e+04 
       1.454620226246e-02       2.518255277249e+04 
       1.467645244817e-02       2.520844495120e+04 
       1.480674040876e-02       2.523237054226e+04 
       1.493706642395e-02       2.525435196562e+04 
       1.506743079454e-02       2.527442331033e+04 
       1.519783384235e-02       2.529259796753e+04 
       1.532827591007e-02       2.530891194706e+04 
       1.545875736115e-02       2.532338980065e+04 
       1.558927857978e-02       2.533605041108e+04 
       1.571983997081e-02       2.534691524837e+04 
       1.585044195972e-02       2.535600684943e+04 
       1.598108499268e-02       2.536337149765e+04 
       1.611176953650e-02       2.536900298332e+04 
       1.624249607870e-02       2.537293807835e+04 
       1.637326512759e-02       2.537519918020e+04 
       1.650407721230e-02       2.537580655600e+04 
       1.663493288294e-02       2.537478931142e+04 
       1.676583271067e-02       2.537217014177e+04 
       1.689677728786e-02       2.536796256254e+04 
       1.702776722823e-02       2.536219957767e+04 
       1.715880316702e-02       2.535489120804e+04 
       1.728988576121e-02       2.534607144317e+04 
       1.742101568967e-02       2.533575503355e+04 
       1.755219365342e-02       2.532395680838e+04 
       1.768342037587e-02       2.531071480916e+04 
       1.781469660305e-02       2.529604857383e+04 
       1.794602310393e-02       2.527997092486e+04 
       1.807740067065e-02       2.526247254786e+04 
       1.820883011886e-02       2.524364398230e+04 
       1.834031228804e-02       2.522345139626e+04 
       1.847184804183e-02       2.520194261143e+04 
       1.860343826842e-02       2.517912506070e+04 
       1.873508388086e-02       2.515498997497e+04 
       1.886678581750e-02       2.512962563455e+04 
       1.899854504238e-02       2.510301941707e+04 
       1.913036254566e-02       2.507516319904e+04 
       1.926223934405e-02       2.504610351950e+04 
       1.939417648130e-02       2.501587311676e+04 
       1.952617502863e-02       2.498444671948e+04 
       1.965823608525e-02       2.495190667607e+04 
       1.979036077890e-02       2.491819441216e+04 
       1.992255026633e-02       2.488337459745e+04 
       2.005480573390e-02       2.484752960431e+04 
       2.018712839811e-02       2.481052169673e+04 
       2.031951950624e-02       2.477250516487e+04 
       2.045198033690e-02       2.473345532959e+04 
       2.058451220073e-02       2.469335906706e+04 
       2.071711644099e-02       2.465230389687e+04 
       2.084979443429e-02       2.461023744911e+04 
       2.098254759125e-02       2.456721845704e+04 
       2.111537735722e-02       2.452322864574e+04 
       2.124828521305e-02       2.447832334780e+04 
       2.138127267584e-02       2.443251757213e+04 
       2.151434129972e-02       2.438581504414e+04 
       2.164749267671e-02       2.433821319979e+04 
       2.178072843749e-02       2.428975496736e+04 
       2.191405025235e-02       2.424047214652e+04 
       2.204745983202e-02       2.419034542350e+04 
       2.218095892863e-02       2.413934409003e+04 
       2.231454933666e-02       2.408765900866e+04 
       2.244823289391e-02       2.403514550938e+04 
       2.258201148253e-02       2.398184827159e+04 
       2.271588703006e-02       2.392783555774e+04 
       2.284986151048e-02       2.387305315148e+04 
       2.298393694538e-02       2.381760759509e+04 
       2.311811540505e-02       2.376139329705e+04 
       2.325239900970e-02       2.370451781765e+04 
       2.338678993066e-02       2.364700514747e+04 
       2.352129039165e-02       2.358872061894e+04 
       2.365590267006e-02       2.352991025043e+04 
       2.379062909831e-02       2.347039026865e+04 
       2.392547206521e-02       2.341029246405e+04 
       2.406043401740e-02       2.334958277545e+04 
       2.419551746082e-02       2.328831254666e+04 
       2.433072496223e-02       2.322643691992e+04 
       2.446605915074e-02       2.316396536248e+04 
       2.460152271949e-02       2.310099220502e+04 
       2.473711842725e-02       2.303748815102e+04 
       2.487284910020e-02       2.297346192730e+04 
       2.500871763368e-02       2.290885865735e+04 
       2.514472699402e-02       2.284384164568e+04 
       2.528088022046e-02       2.277829549610e+04 
       2.541718042711e-02       2.271231258944e+04 
       2.555363080496e-02       2.264590575102e+04 
       2.569023462396e-02       2.257896068554e+04 
       2.582699523525e-02       2.251161889350e+04 
       2.596391607330e-02       2.244381368469e+04 
       2.610100065833e-02       2.237567523043e+04 
       2.623825259860e-02       2.230711302697e+04 
       2.637567559297e-02       2.223815838343e+04 
       2.651327343341e-02       2.216883561416e+04 
       2.665105000767e-02       2.209913552859e+04 
       2.678900930200e-02       2.202909638728e+04 
       2.692715540405e-02       2.195871735328e+04 
       2.706549250573e-02       2.188800322969e+04 
       2.720402490631e-02       2.181698002121e+04 
       2.734275701556e-02       2.174564931704e+04 
       2.748169335702e-02       2.167393010973e+04 
       2.762083857139e-02       2.160206966139e+04 
       2.776019742003e-02       2.152985415642e+04 
       2.789977478865e-02       2.145736647488e+04 
       2.803957569102e-02       2.138467714895e+04 
       2.817960527295e-02       2.131165702994e+04 
       2.831986881633e-02       2.123843335012e+04 
       2.846037174335e-02       2.116503048218e+04 
       2.860111962091e-02       2.109137040279e+04 
       2.874211816518e-02       2.101747276286e+04 
       2.888337324627e-02       2.094335972301e+04 
       2.902489089325e-02       2.086906748450e+04 
       2.916667729918e-02       2.079461658013e+04 
       2.930873882647e-02       2.071998578864e+04 
       2.945108201238e-02       2.064517951806e+04 
       2.959371357483e-02       2.057019285468e+04 
       2.973664041832e-02       2.049507796085e+04 
       2.987986964024e-02       2.041988112018e+04 
       3.002340853730e-02       2.034441178249e+04 
       3.016726461236e-02       2.026892641193e+04 
       3.031144558141e-02       2.019324634738e+04 
       3.045595938100e-02       2.011751133120e+04 
       3.060081417587e-02       2.004160768320e+04 
       3.074601836696e-02       1.996566335022e+04 
       3.089158059975e-02       1.988954252752e+04 
       3.103750977300e-02       1.981343099704e+04 
       3.118381504784e-02       1.973714807953e+04 
       3.133050585731e-02       1.966081361625e+04 
       3.147759191627e-02       1.958446876441e+04 
       3.162508323183e-02       1.950806544033e+04 
       3.177299011423e-02       1.943153586261e+04 
       3.192132318821e-02       1.935497140127e+04 
       3.207009340494e-02       1.927840786246e+04 
       3.221931205451e-02       1.920176825341e+04 
       3.236899077901e-02       1.912509944059e+04 
       3.251914158625e-02       1.904838549654e+04 
       3.266977686413e-02       1.897165191375e+04 
       3.282090939578e-02       1.889489925764e+04 
       3.297255237533e-02       1.881810747409e+04 
       3.312471942462e-02       1.874133502498e+04 
       3.327742461065e-02       1.866456870210e+04 
       3.343068246399e-02       1.858778456079e+04 
       3.358450799808e-02       1.851102206496e+04 
       3.373891672958e-02       1.843423546769e+04 
       3.389392469985e-02       1.835742208666e+04 
       3.404954849742e-02       1.828076067601e+04 
       3.420580528188e-02       1.820400775251e+04 
       3.436271280888e-02       1.812725733575e+04 
       3.452028945664e-02       1.805058796024e+04 
       3.467855425389e-02       1.797388564816e+04 
       3.483752690939e-02       1.789724401471e+04 
       3.499722784313e-02       1.782060546629e+04 
       3.515767821935e-02       1.774408691143e+04 
       3.531889998145e-02       1.766748155839e+04 
       3.548091588900e-02       1.759101348248e+04 
       3.564374955692e-02       1.751451079884e+04 
       3.580742549708e-02       1.743808212980e+04 
       3.597196916238e-02       1.736171762891e+04 
       3.613740699360e-02       1.728536742350e+04 
       3.630376646918e-02       1.720903010614e+04 
       3.647107615814e-02       1.713275929252e+04 
       3.663936577640e-02       1.705654540170e+04 
       3.680866624677e-02       1.698037449614e+04 
       3.697900976286e-02       1.690423261530e+04 
       3.715042985732e-02       1.682814247337e+04 
       3.732296147459e-02       1.675213748153e+04 
       3.749664104872e-02       1.667611237086e+04 
       3.767150658652e-02       1.660018775525e+04 
       3.784759775658e-02       1.652427923381e+04 
       3.802495598467e-02       1.644845756281e+04 
       3.820362455593e-02       1.637259372433e+04 
       3.838364872466e-02       1.629679913717e+04 
       3.856507583221e-02       1.622105325073e+04 
       3.874795543372e-02       1.614531652240e+04 
       3.893233943466e-02       1.606968702140e+04 
       3.911828223783e-02       1.599398566778e+04 
       3.930584090203e-02       1.591838852997e+04 
       3.949507531344e-02       1.584278098186e+04 
       3.968604837077e-02       1.576723090946e+04 
       3.987882618590e-02       1.569164880377e+04 
       4.007347830110e-02       1.561610535897e+04 
       4.027007792492e-02       1.554056343989e+04 
       4.046870218842e-02       1.546503288360e+04 
       4.066943242389e-02       1.538950355803e+04 
       4.087235446862e-02       1.531396720890e+04 
       4.107755899619e-02       1.523837089309e+04 
       4.128514187848e-02       1.516279159303e+04 
       4.149520458181e-02       1.508719198446e+04 
       4.170785460094e-02       1.501152899388e+04 
       4.192320593561e-02       1.493583517696e+04 
       4.214137961436e-02       1.486008544240e+04 
       4.236250427138e-02       1.478429917418e+04 
       4.258671678310e-02       1.470837968082e+04 
       4.281416297158e-02       1.463245160661e+04 
       4.304499838356e-02       1.455637060693e+04 
       4.327938915479e-02       1.448022212421e+04 
       4.351751297095e-02       1.440391251433e+04 
       4.375956013820e-02       1.432749572315e+04 
       4.400573477858e-02       1.425093427388e+04 
       4.425625616760e-02       1.417422007442e+04 
       4.451136023466e-02       1.409726877540e+04 
       4.477130125017e-02       1.402017601504e+04 
       4.503635372735e-02       1.394284305358e+04 
       4.530681457165e-02       1.386525838414e+04 
       4.558300551686e-02       1.378743428583e+04 
       4.586527589376e-02       1.370931267285e+04 
       4.615400578619e-02       1.363087832179e+04 
       4.644960963984e-02       1.355208242624e+04 
       4.675254040178e-02       1.347289643826e+04 
       4.706329428483e-02       1.339333623010e+04 
       4.738241627009e-02       1.331331826810e+04 
       4.771050648486e-02       1.323279401968e+04 
       4.804822762314e-02       1.315174501242e+04 
       4.839631361295e-02       1.307008783343e+04 
       4.875557978076e-02       1.298787278919e+04 
       4.912693482214e-02       1.290490454164e+04 
       4.951139496071e-02       1.282117213985e+04 
       4.991010077068e-02       1.273658827392e+04 
       5.032433725612e-02       1.265111259605e+04 
       5.075555793060e-02       1.256455074920e+04 
       5.120541383172e-02       1.247688605801e+04 
       5.167578864960e-02       1.238792869076e+04 
       5.216884145826e-02       1.229756277808e+04 
       5.268705893206e-02       1.220558294587e+04 
       5.323331942067e-02       1.211181180159e+04 
       5.381097186175e-02       1.201598042615e+04 
       5.442393322944e-02       1.191781343246e+04 
       5.507680902320e-02       1.181693439340e+04 
       5.577504209273e-02       1.171286929378e+04 
       5.652509562639e-02       1.160505949889e+04 
       5.733467585307e-02       1.149283910357e+04 
       5.821299779770e-02       1.137519587698e+04 
       5.917109108713e-02       1.125098120727e+04 
       6.022212826515e-02       1.111856086507e+04 
       6.138172839555e-02       1.097583555229e+04 
       6.266813355833e-02       1.082000776644e+04 
       6.410206406417e-02       1.064723425622e+04 
       6.570593082888e-02       1.045270536495e+04 
       6.750196882196e-02       1.023029412366e+04 
       6.950891036889e-02       9.972952355123e+03 
       7.173732534461e-02       9.673655909742e+03 
       7.418489251594e-02       9.327260685491e+03 
       7.683406639806e-02       8.932895477618e+03 
       7.965432045792e-02       8.496000143399e+03 
       8.260855948530e-02       8.028634584021e+03 
       8.566048690380e-02       7.547752504318e+03 
       8.877964159700e-02       7.072194263328e+03 
       9.194311978833e-02       6.619587657361e+03 
       9.513496387875e-02       6.204115158678e+03 
       9.834460792801e-02       5.835336805689e+03 
       1.015652828978e-01       5.517847320522e+03 
       1.047927417106e-01       5.251720631984e+03 
       1.080243539385e-01       5.033231754526e+03 
       1.112585033017e-01       4.855762382766e+03 
       1.144942014009e-01       4.710748521183e+03 
       1.177308454840e-01       4.588589422735e+03 
       1.209680685274e-01       4.479521499972e+03 
       1.242056471841e-01       4.374504214171e+03 
       1.274434455306e-01       4.265948034600e+03 
       1.306813807899e-01       4.148353318597e+03 
       1.339194024801e-01       4.018651033421e+03 
       1.371574797436e-01       3.876281021197e+03 
       1.403955936508e-01       3.722944953828e+03 
       1.436337325270e-01       3.562101294903e+03 
       1.468718891151e-01       3.398303103493e+03 
       1.501100588521e-01       3.236509655940e+03 
       1.533482388226e-01       3.081450915117e+03 
       1.565864271222e-01       2.937121345228e+03 
       1.598246224706e-01       2.806459257790e+03 
       1.630628239755e-01       2.691157458022e+03 
       1.663010309888e-01       2.591667711374e+03 
       1.695392430186e-01       2.507286835140e+03 
       1.727774596745e-01       2.436367457764e+03 
       1.760156806347e-01       2.376530802086e+03 
       1.792539056247e-01       2.324967105595e+03 
       1.824921344045e-01       2.278690606318e+03 
       1.857303667596e-01       2.235181606908e+03 
       1.889686024959e-01       2.191755510111e+03 
       1.922068414357e-01       2.146030449004e+03 
       1.954450834152e-01       2.096601939784e+03 
       1.986833282827e-01       2.042846497553e+03 
       2.019215758968e-01       1.984917117280e+03 
       2.051598261257e-01       1.923627337829e+03 
       2.083980788463e-01       1.860271635179e+03 
       2.116363339429e-01       1.796389553529e+03 
       2.148745913072e-01       1.733536562089e+03 
       2.181128508374e-01       1.673126623197e+03 
       2.213511124376e-01       1.616293301912e+03 
       2.245893760176e-01       1.563869955685e+03 
       2.278276414924e-01       1.516329192246e+03 
       2.310659087817e-01       1.473818131806e+03 
       2.343041778099e-01       1.436163981142e+03 
       2.375424485052e-01       1.402909223475e+03 
       2.407807208000e-01       1.373354723268e+03 
       2.440189946302e-01       1.346641202778e+03 
       2.472572699350e-01       1.321835052342e+03 
       2.504955466570e-01       1.298014232463e+03 
       2.537338247414e-01       1.274376081749e+03 
       2.569721041365e-01       1.250285860652e+03 
       2.602103847931e-01       1.225316420059e+03 
       2.634486666642e-01       1.199264405698e+03 
       2.666869497055e-01       1.172125284419e+03 
       2.699252338746e-01       1.144063054490e+03 
       2.731635191310e-01       1.115405657686e+03 
       2.764018054365e-01       1.086566518784e+03 
       2.796400927542e-01       1.058019873421e+03 
       2.828783810493e-01       1.030240714053e+03 
       2.861166702884e-01       1.003653645977e+03 
       2.893549604396e-01       9.785816421417e+02 
       2.925932514724e-01       9.552274048274e+02 
       2.958315433579e-01       9.336502619917e+02 
       2.990698360680e-01       9.137975968902e+02 
       3.023081295762e-01       8.955144156063e+02 
       3.055464238569e-01       8.785757121212e+02 
       3.087847188858e-01       8.627204446953e+02 
       3.120230146393e-01       8.476719992031e+02 
       3.152613110952e-01       8.331550107097e+02 
       3.184996082317e-01       8.189160185550e+02 
       3.217379060284e-01       8.047379401344e+02 
       3.249762044653e-01       7.904579614065e+02 
       3.282145035234e-01       7.759822490802e+02 
       3.314528031844e-01       7.612860009208e+02 
       3.346911034307e-01       7.464124947511e+02 
       3.379294042455e-01       7.314566390241e+02 
       3.411677056124e-01       7.165433611137e+02 
       3.444060075158e-01       7.018109974258e+02 
       3.476443099407e-01       6.873892562198e+02 
       3.508826128725e-01       6.733962070385e+02 
       3.541209162972e-01       6.599279833336e+02 
       3.573592202015e-01       6.470519604227e+02 
       3.605975245723e-01       6.348125278980e+02 
       3.638358293972e-01       6.232170902756e+02 
       3.670741346640e-01       6.122360979561e+02 
       3.703124403610e-01       6.018132660740e+02 
       3.735507464772e-01       5.918643628778e+02 
       3.767890530016e-01       5.822932282116e+02 
       3.800273599237e-01       5.730052924075e+02 
       3.832656672334e-01       5.639139365176e+02 
       3.865039749210e-01       5.549539491761e+02 
       3.897422829769e-01       5.460754578892e+02 
       3.929805913920e-01       5.372507878170e+02 
       3.962189001576e-01       5.284644556185e+02 
       3.994572092649e-01       5.197175879436e+02 
       4.026955187059e-01       5.110199761548e+02 
       4.059338284723e-01       5.023996241196e+02 
       4.091721385565e-01       4.938883353900e+02 
       4.124104489510e-01       4.855253565162e+02 
       4.156487596485e-01       4.773474847340e+02 
       4.188870706419e-01       4.693883224915e+02 
       4.221253819243e-01       4.616686113303e+02 
       4.253636934893e-01       4.541982458761e+02 
       4.286020053303e-01       4.469756496928e+02 
       4.318403174411e-01       4.399929318926e+02 
       4.350786298156e-01       4.332412409137e+02 
       4.383169424480e-01       4.267030781491e+02 
       4.415552553327e-01       4.203606605701e+02 
       4.447935684639e-01       4.141975439003e+02 
       4.480318818365e-01       4.081838035090e+02 
       4.512701954452e-01       4.022962235404e+02 
       4.545085092849e-01       3.965087105658e+02 
       4.577468233507e-01       3.908035955397e+02 
       4.609851376378e-01       3.851661359234e+02 
       4.642234521416e-01       3.795947002182e+02 
       4.674617668575e-01       3.740864075724e+02 
       4.707000817812e-01       3.686474155414e+02 
       4.739383969084e-01       3.632816124705e+02 
       4.771767122349e-01       3.579959231302e+02 
       4.804150277567e-01       3.527992791778e+02 
       4.836533434698e-01       3.476973217202e+02 
       4.868916593705e-01       3.427023506590e+02 
       4.901299754549e-01       3.378231067602e+02 
       4.933682917195e-01       3.330665178672e+02 
       4.966066081608e-01       3.284358983810e+02 
       4.998449247752e-01       3.239267800219e+02 
       5.030832415594e-01       3.195349883098e+02 
       5.063215585102e-01       3.152494209925e+02 
       5.095598756244e-01       3.110582479655e+02 
       5.127981928988e-01       3.069542043596e+02 
       5.160365103304e-01       3.029266049145e+02 
       5.192748279164e-01       2.989716749068e+02 
       5.225131456537e-01       2.950813404875e+02 
       5.257514635397e-01       2.912507028063e+02 
       5.289897815715e-01       2.874745804598e+02 
       5.520141836186e-01       2.621780434383e+02 
       5.773411047126e-01       2.379258975536e+02 
       6.055945677222e-01       2.145365804137e+02 
       6.376974084835e-01       1.915547837383e+02 
       6.750854722804e-01       1.689923318739e+02 
       7.201373929463e-01       1.464241936121e+02 
       7.771076770940e-01       1.235050628600e+02 
       8.543023734243e-01       9.973908642523e+01 
       9.690936611267e-01       7.479756144651e+01 
       1.154428905834e+00       4.987721359846e+01 
       1.437244771963e+00       2.976861486138e+01 
       1.808538847832e+00       1.716252590324e+01 
       2.276806099683e+00       9.797436232822e+00 
       2.866329037982e+00       5.548464697422e+00 
       3.608494464475e+00       3.119628640772e+00 
       4.542825379646e+00       1.742524742838e+00 
       5.719078311779e+00       9.675339413947e-01 
       7.199893018740e+00       5.342816803028e-01 
       9.064128283491e+00       2.935606292989e-01 
       1.141106143185e+01       1.605489373126e-01 
       1.436567521210e+01       8.742913689815e-02 
