# Matter power spectrum P(k) at redshift z=0
# for k=1.05231e-05 to 14.3831 h/Mpc,
# number of wavenumbers equal to 549
#    1:k (h/Mpc)              2:P (Mpc/h)^3        
       1.052307992603e-05       5.168609784818e+01 
       2.350928656847e-05       1.118155046050e+02 
       3.654187632612e-05       1.707589394963e+02 
       4.965649116657e-05       2.292080170572e+02 
       6.288937186834e-05       2.875490567525e+02 
       7.627768645169e-05       3.460673225295e+02 
       8.985986927173e-05       4.050040821929e+02 
       1.036759753520e-04       4.645798312097e+02 
       1.177680545712e-04       5.250061617142e+02 
       1.321805503505e-04       5.864928597435e+02 
       1.469607274903e-04       6.492527955705e+02 
       1.621591337361e-04       7.135056846966e+02 
       1.778300994515e-04       7.794812653136e+02 
       1.940322793574e-04       8.474221742165e+02 
       2.108292395676e-04       9.175866943947e+02 
       2.282900919462e-04       9.902514368218e+02 
       2.464901759639e-04       1.065714036236e+03 
       2.655117854830e-04       1.144295848686e+03 
       2.854449339557e-04       1.226344644235e+03 
       3.063881460194e-04       1.312237232501e+03 
       3.284492559931e-04       1.402381958616e+03 
       3.517461838892e-04       1.497220906816e+03 
       3.764076468576e-04       1.597231658155e+03 
       4.025737482302e-04       1.702928320575e+03 
       4.303963676300e-04       1.814861560462e+03 
       4.600392546457e-04       1.933617166609e+03 
       4.916777070097e-04       2.059812786012e+03 
       5.254976951026e-04       2.194092181368e+03 
       5.616942827233e-04       2.337116610114e+03 
       6.004691961299e-04       2.489552720607e+03 
       6.420274175905e-04       2.652056675873e+03 
       6.865727345437e-04       2.825254442291e+03 
       7.343022671244e-04       3.009718478171e+03 
       7.854001254325e-04       3.205941788229e+03 
       8.400305035752e-04       3.414310771668e+03 
       8.983306773208e-04       3.635078847433e+03 
       9.604045013120e-04       3.868343468321e+03 
       1.026317060065e-03       4.114029096800e+03 
       1.096091081482e-03       4.371878296194e+03 
       1.169705560973e-03       4.641452733542e+03 
       1.247096788470e-03       4.922144285280e+03 
       1.328161669658e-03       5.213195424289e+03 
       1.412762952335e-03       5.513699156445e+03 
       1.500735768693e-03       5.822697152393e+03 
       1.591894819068e-03       6.139176264343e+03 
       1.686041553221e-03       6.462085017419e+03 
       1.782970824143e-03       6.790375247639e+03 
       1.882476655011e-03       7.123025404730e+03 
       1.984356931161e-03       7.459058909312e+03 
       2.088416976096e-03       7.797557696413e+03 
       2.194472078277e-03       8.137670192313e+03 
       2.302349101434e-03       8.478616574395e+03 
       2.411887341163e-03       8.819689936393e+03 
       2.522938794081e-03       9.160254366643e+03 
       2.635367992614e-03       9.499742968272e+03 
       2.749051536574e-03       9.837652401380e+03 
       2.863877427937e-03       1.017354071885e+04 
       2.979744291332e-03       1.050701921645e+04 
       3.096560541597e-03       1.083774968734e+04 
       3.214243542223e-03       1.116543817262e+04 
       3.332718784543e-03       1.148983158008e+04 
       3.451919106875e-03       1.181071217166e+04 
       3.571783964940e-03       1.212789061406e+04 
       3.692258759192e-03       1.244121090929e+04 
       3.813294220798e-03       1.275053807353e+04 
       3.934845855349e-03       1.305576294739e+04 
       4.056873441748e-03       1.335679040234e+04 
       4.179340582711e-03       1.365354661961e+04 
       4.302214302846e-03       1.394597263989e+04 
       4.425464690089e-03       1.423402010294e+04 
       4.549064576322e-03       1.451765439051e+04 
       4.672989253182e-03       1.479684752149e+04 
       4.797216219326e-03       1.507158990062e+04 
       4.921724955704e-03       1.534185768546e+04 
       5.046496725730e-03       1.560767466191e+04 
       5.171514397510e-03       1.586903588644e+04 
       5.296762285620e-03       1.606820308888e+04 
       5.422226010176e-03       1.631844447508e+04 
       5.547892371199e-03       1.656424619597e+04 
       5.673749236516e-03       1.680562837756e+04 
       5.799785441624e-03       1.704262264443e+04 
       5.925990700152e-03       1.727524971306e+04 
       6.052355523702e-03       1.750354412325e+04 
       6.178871150004e-03       1.772754186082e+04 
       6.305529478439e-03       1.794727285234e+04 
       6.432323012111e-03       1.816276973437e+04 
       6.559244805729e-03       1.837407571626e+04 
       6.686288418667e-03       1.858122139582e+04 
       6.813447872624e-03       1.878425402119e+04 
       6.940717613396e-03       1.898321150777e+04 
       7.068092476304e-03       1.917812952847e+04 
       7.195567654911e-03       1.936905187292e+04 
       7.323138672656e-03       1.955601965580e+04 
       7.450801357118e-03       1.973906800697e+04 
       7.578551816638e-03       1.991824553316e+04 
       7.706386419048e-03       2.009359390575e+04 
       7.834301772304e-03       2.026516000823e+04 
       7.962294706835e-03       2.043296930003e+04 
       8.090362259420e-03       2.059707918599e+04 
       8.218501658476e-03       2.075752515181e+04 
       8.346710310583e-03       2.091433536799e+04 
       8.474985788163e-03       2.106758085934e+04 
       8.603325818174e-03       2.121728916994e+04 
       8.731728271753e-03       2.136349729021e+04 
       8.860191154691e-03       2.150625216900e+04 
       8.988712598689e-03       2.164558567193e+04 
       9.117290853307e-03       2.178154827787e+04 
       9.245924278559e-03       2.191417615760e+04 
       9.374611338080e-03       2.204351074487e+04 
       9.503350592832e-03       2.216959189753e+04 
       9.632140695290e-03       2.229245533204e+04 
       9.760980384074e-03       2.241213888275e+04 
       9.889868478984e-03       2.252868844971e+04 
       1.001880387641e-02       2.264212606601e+04 
       1.014778554510e-02       2.275250223402e+04 
       1.027681252218e-02       2.285985137804e+04 
       1.040588390957e-02       2.296420417914e+04 
       1.053499887054e-02       2.306560615732e+04 
       1.066415662662e-02       2.316408566023e+04 
       1.079335645468e-02       2.325967953143e+04 
       1.092259768418e-02       2.335242551228e+04 
       1.105187969475e-02       2.344235904825e+04 
       1.118120191375e-02       2.352949694920e+04 
       1.131056381419e-02       2.361390855573e+04 
       1.143996491267e-02       2.369560170920e+04 
       1.156940476750e-02       2.377462138017e+04 
       1.169888297699e-02       2.385098621241e+04 
       1.182839917779e-02       2.392473992392e+04 
       1.195795304341e-02       2.399592678621e+04 
       1.208754428279e-02       2.406456126747e+04 
       1.221717263905e-02       2.413067836716e+04 
       1.234683788819e-02       2.419431595917e+04 
       1.247653983805e-02       2.425549452298e+04 
       1.260627832722e-02       2.431425674615e+04 
       1.273605322406e-02       2.437063584039e+04 
       1.286586442584e-02       2.442465529947e+04 
       1.299571185787e-02       2.447634859331e+04 
       1.312559547272e-02       2.452574853525e+04 
       1.325551524954e-02       2.457287636167e+04 
       1.338547119338e-02       2.461778014092e+04 
       1.351546333457e-02       2.466047353269e+04 
       1.364549172819e-02       2.470099835671e+04 
       1.377555645352e-02       2.473935983335e+04 
       1.390565761360e-02       2.477561078835e+04 
       1.403579533478e-02       2.480976443314e+04 
       1.416596976633e-02       2.484185064441e+04 
       1.429618108009e-02       2.487189900472e+04 
       1.442642947017e-02       2.489994517970e+04 
       1.455671515262e-02       2.492599551975e+04 
       1.468703836523e-02       2.495009231439e+04 
       1.481739936725e-02       2.497225181707e+04 
       1.494779843925e-02       2.499251226323e+04 
       1.507823588290e-02       2.501088988042e+04 
       1.520871202088e-02       2.502741463505e+04 
       1.533922719674e-02       2.504209793872e+04 
       1.546978177479e-02       2.505498226740e+04 
       1.560037614010e-02       2.506609361356e+04 
       1.573101069836e-02       2.507544016534e+04 
       1.586168587596e-02       2.508306882359e+04 
       1.599240211991e-02       2.508897018027e+04 
       1.612315989792e-02       2.509319886971e+04 
       1.625395969839e-02       2.509577451652e+04 
       1.638480203052e-02       2.509668814877e+04 
       1.651568742435e-02       2.509599777152e+04 
       1.664661643089e-02       2.509372277500e+04 
       1.677758962222e-02       2.508986636240e+04 
       1.690860759163e-02       2.508446956211e+04 
       1.703967095378e-02       2.507754372211e+04 
       1.717078034485e-02       2.506912454344e+04 
       1.730193642276e-02       2.505920934292e+04 
       1.743313986737e-02       2.504784920813e+04 
       1.756439138068e-02       2.503504768377e+04 
       1.769569168707e-02       2.502082600071e+04 
       1.782704153360e-02       2.500520759454e+04 
       1.795844169024e-02       2.498821807782e+04 
       1.808989295016e-02       2.496987714187e+04 
       1.822139613007e-02       2.495019882534e+04 
       1.835295207051e-02       2.492921218262e+04 
       1.848456163622e-02       2.490691964427e+04 
       1.861622571645e-02       2.488336239384e+04 
       1.874794522540e-02       2.485856185061e+04 
       1.887972110253e-02       2.483252635868e+04 
       1.901155431306e-02       2.480527224996e+04 
       1.914344584830e-02       2.477683689897e+04 
       1.927539672617e-02       2.474720410662e+04 
       1.940740799162e-02       2.471643699979e+04 
       1.953948071711e-02       2.468452003696e+04 
       1.967161600312e-02       2.465148664913e+04 
       1.980381497867e-02       2.461735865799e+04 
       1.993607880181e-02       2.458216732194e+04 
       2.006840866024e-02       2.454590924983e+04 
       2.020080577182e-02       2.450860139255e+04 
       2.033327138520e-02       2.447027187888e+04 
       2.046580678042e-02       2.443090950495e+04 
       2.059841326955e-02       2.439057866496e+04 
       2.073109219733e-02       2.434930454349e+04 
       2.086384494185e-02       2.430703578887e+04 
       2.099667291526e-02       2.426382391192e+04 
       2.112957756449e-02       2.421973221760e+04 
       2.126256037197e-02       2.417474175317e+04 
       2.139562285643e-02       2.412882248648e+04 
       2.152876657367e-02       2.408207490693e+04 
       2.166199311739e-02       2.403439267437e+04 
       2.179530412002e-02       2.398600700949e+04 
       2.192870125360e-02       2.393676459437e+04 
       2.206218623069e-02       2.388669708734e+04 
       2.219576080526e-02       2.383583707462e+04 
       2.232942677369e-02       2.378421934905e+04 
       2.246318597570e-02       2.373188069061e+04 
       2.259704029542e-02       2.367874636166e+04 
       2.273099166241e-02       2.362491733450e+04 
       2.286504205272e-02       2.357038310174e+04 
       2.299919349005e-02       2.351516406871e+04 
       2.313344804685e-02       2.345919501615e+04 
       2.326780784555e-02       2.340267462227e+04 
       2.340227505974e-02       2.334546747072e+04 
       2.353685191545e-02       2.328752277655e+04 
       2.367154069244e-02       2.322908866897e+04 
       2.380634372555e-02       2.317001195385e+04 
       2.394126340609e-02       2.311030726670e+04 
       2.407630218325e-02       2.305009046598e+04 
       2.421146256555e-02       2.298926188868e+04 
       2.434674712243e-02       2.292789029145e+04 
       2.448215848573e-02       2.286597483302e+04 
       2.461769935138e-02       2.280350471740e+04 
       2.475337248103e-02       2.274060386756e+04 
       2.488918070379e-02       2.267716453485e+04 
       2.502512691801e-02       2.261320763247e+04 
       2.516121409311e-02       2.254873849399e+04 
       2.529744527150e-02       2.248395938764e+04 
       2.543382357052e-02       2.241866412241e+04 
       2.557035218448e-02       2.235288399282e+04 
       2.570703438675e-02       2.228671309104e+04 
       2.584387353196e-02       2.222009573815e+04 
       2.598087305817e-02       2.215315083259e+04 
       2.611803648928e-02       2.208576066996e+04 
       2.625536743732e-02       2.201799949826e+04 
       2.639286960503e-02       2.194986594636e+04 
       2.653054678835e-02       2.188140295605e+04 
       2.666840287910e-02       2.181250179794e+04 
       2.680644186775e-02       2.174337298541e+04 
       2.694466784622e-02       2.167389337941e+04 
       2.708308501085e-02       2.160410803031e+04 
       2.722169766545e-02       2.153398115889e+04 
       2.736051022444e-02       2.146362009415e+04 
       2.749952721615e-02       2.139296938963e+04 
       2.763875328620e-02       2.132200553145e+04 
       2.777819320101e-02       2.125075120948e+04 
       2.791785185148e-02       2.117928987491e+04 
       2.805773425673e-02       2.110759239840e+04 
       2.819784556805e-02       2.103566414967e+04 
       2.833819107298e-02       2.096357631536e+04 
       2.847877619954e-02       2.089115624856e+04 
       2.861960652060e-02       2.081857392643e+04 
       2.876068775845e-02       2.074582357819e+04 
       2.890202578958e-02       2.067285191951e+04 
       2.904362664954e-02       2.059970815386e+04 
       2.918549653811e-02       2.052636967858e+04 
       2.932764182460e-02       2.045290668754e+04 
       2.947006905339e-02       2.037927777547e+04 
       2.961278494973e-02       2.030554750807e+04 
       2.975579642569e-02       2.023160610730e+04 
       2.989911058640e-02       2.015760559684e+04 
       3.004273473663e-02       2.008342292224e+04 
       3.018667638749e-02       2.000915650501e+04 
       3.033094326351e-02       1.993474373098e+04 
       3.047554331004e-02       1.986027585248e+04 
       3.062048470090e-02       1.978568575976e+04 
       3.076577584638e-02       1.971099955621e+04 
       3.091142540165e-02       1.963625973140e+04 
       3.105744227546e-02       1.956147273521e+04 
       3.120383563924e-02       1.948652480033e+04 
       3.135061493668e-02       1.941156079842e+04 
       3.149778989366e-02       1.933657698310e+04 
       3.164537052867e-02       1.926148509679e+04 
       3.179336716370e-02       1.918639282065e+04 
       3.194179043567e-02       1.911126500898e+04 
       3.209065130833e-02       1.903605551034e+04 
       3.223996108480e-02       1.896088112318e+04 
       3.238973142064e-02       1.888560416010e+04 
       3.253997433762e-02       1.881037268518e+04 
       3.269070223811e-02       1.873515594922e+04 
       3.284192792019e-02       1.865984016443e+04 
       3.299366459354e-02       1.858458267193e+04 
       3.314592589609e-02       1.850929720812e+04 
       3.329872591153e-02       1.843401073292e+04 
       3.345207918774e-02       1.835878597173e+04 
       3.360600075613e-02       1.828349851435e+04 
       3.376050615205e-02       1.820828123739e+04 
       3.391561143622e-02       1.813308226314e+04 
       3.407133321732e-02       1.805788732611e+04 
       3.422768867586e-02       1.798270066770e+04 
       3.438469558927e-02       1.790761566439e+04 
       3.454237235841e-02       1.783250808969e+04 
       3.470073803560e-02       1.775750080263e+04 
       3.485981235412e-02       1.768244896105e+04 
       3.501961575954e-02       1.760747654303e+04 
       3.518016944272e-02       1.753254913040e+04 
       3.534149537486e-02       1.745769126949e+04 
       3.550361634448e-02       1.738284333881e+04 
       3.566655599678e-02       1.730805815876e+04 
       3.583033887517e-02       1.723333078558e+04 
       3.599499046556e-02       1.715865659304e+04 
       3.616053724321e-02       1.708404127711e+04 
       3.632700672263e-02       1.700949685593e+04 
       3.649442751056e-02       1.693500983352e+04 
       3.666282936245e-02       1.686060428163e+04 
       3.683224324250e-02       1.678619780062e+04 
       3.700270138772e-02       1.671182015588e+04 
       3.717423737628e-02       1.663757300630e+04 
       3.734688620039e-02       1.656331437169e+04 
       3.752068434428e-02       1.648921505028e+04 
       3.769566986750e-02       1.641512404291e+04 
       3.787188249412e-02       1.634114292234e+04 
       3.804936370825e-02       1.626714862141e+04 
       3.822815685655e-02       1.619321016856e+04 
       3.840830725811e-02       1.611933992292e+04 
       3.858986232264e-02       1.604555155478e+04 
       3.877287167746e-02       1.597182346871e+04 
       3.895738730427e-02       1.589815013776e+04 
       3.914346368651e-02       1.582450493532e+04 
       3.933115796833e-02       1.575091668725e+04 
       3.952053012629e-02       1.567732815852e+04 
       3.971164315496e-02       1.560383298091e+04 
       3.990456326794e-02       1.553037047126e+04 
       4.009936011558e-02       1.545692141146e+04 
       4.029610702135e-02       1.538352908968e+04 
       4.049488123865e-02       1.531015403879e+04 
       4.069576423016e-02       1.523675999331e+04 
       4.089884197228e-02       1.516341533006e+04 
       4.110420528716e-02       1.509013118161e+04 
       4.131195020560e-02       1.501678164205e+04 
       4.152217836403e-02       1.494344655758e+04 
       4.173499743965e-02       1.487010716583e+04 
       4.195052162800e-02       1.479685918876e+04 
       4.216887216811e-02       1.472346717308e+04 
       4.239017792083e-02       1.465006468690e+04 
       4.261457600688e-02       1.457664668112e+04 
       4.284221251215e-02       1.450318161160e+04 
       4.307324326871e-02       1.442966098040e+04 
       4.330783472138e-02       1.435609289672e+04 
       4.354616489125e-02       1.428243531827e+04 
       4.378842444910e-02       1.420868360659e+04 
       4.403481791405e-02       1.413483953124e+04 
       4.428556499495e-02       1.406087480828e+04 
       4.454090209500e-02       1.398678846688e+04 
       4.480108400377e-02       1.391259084484e+04 
       4.506638580453e-02       1.383823555676e+04 
       4.533710503020e-02       1.376365713541e+04 
       4.561356410676e-02       1.368888063984e+04 
       4.589611313055e-02       1.361393855593e+04 
       4.618513303435e-02       1.353872904564e+04 
       4.648103920770e-02       1.346331921723e+04 
       4.678428565013e-02       1.338757362951e+04 
       4.709536975151e-02       1.331146701069e+04 
       4.741483781334e-02       1.323508624438e+04 
       4.774329144907e-02       1.315831490886e+04 
       4.808139503110e-02       1.308112594634e+04 
       4.842988438966e-02       1.300348217017e+04 
       4.878957701532e-02       1.292538282637e+04 
       4.916138407525e-02       1.284666215843e+04 
       4.954632462747e-02       1.276737352075e+04 
       4.994554251055e-02       1.268746903192e+04 
       5.036032650505e-02       1.260675432324e+04 
       5.079213451365e-02       1.252529951201e+04 
       5.124262269982e-02       1.244291942005e+04 
       5.171368076971e-02       1.235955437956e+04 
       5.220747489414e-02       1.227506783645e+04 
       5.272650016244e-02       1.218928183729e+04 
       5.327364495382e-02       1.210210416752e+04 
       5.385227022005e-02       1.201331481578e+04 
       5.446630739488e-02       1.192262835244e+04 
       5.512037945334e-02       1.182978453356e+04 
       5.581995043390e-02       1.173438094725e+04 
       5.657150925876e-02       1.163595275705e+04 
       5.738279338558e-02       1.153390244292e+04 
       5.826305555743e-02       1.142739994546e+04 
       5.922337045636e-02       1.131539716385e+04 
       6.027696330005e-02       1.119645092438e+04 
       6.143951233362e-02       1.106864562967e+04 
       6.272932134233e-02       1.092931903992e+04 
       6.416716569079e-02       1.077484465350e+04 
       6.577548748205e-02       1.060054308481e+04 
       6.757650220135e-02       1.040019382867e+04 
       6.958883999577e-02       1.016653059010e+04 
       7.182286515849e-02       9.891981638969e+03 
       7.427596557375e-02       9.570523848592e+03 
       7.693029234798e-02       9.200236201767e+03 
       7.975510143884e-02       8.785577180291e+03 
       8.271322525573e-02       8.338035123348e+03 
       8.576842453405e-02       7.874530578538e+03 
       8.889036352908e-02       7.414374667868e+03 
       9.205627364295e-02       6.975963918137e+03 
       9.525031079780e-02       6.574290726446e+03 
       9.846199261081e-02       6.219598837879e+03 
       1.016846070048e-01       5.916994279038e+03 
       1.049139439880e-01       5.666848125645e+03 
       1.081473966160e-01       5.465482254600e+03 
       1.113833632310e-01       5.306244505064e+03 
       1.146208644456e-01       5.180295919180e+03 
       1.178593030277e-01       5.077614129221e+03 
       1.210983153228e-01       4.987852348974e+03 
       1.243376800354e-01       4.901242629193e+03 
       1.275772624899e-01       4.809447994142e+03 
       1.308169806678e-01       4.706297037968e+03 
       1.340567845485e-01       4.588250131805e+03 
       1.372966435546e-01       4.454564684703e+03 
       1.405365389272e-01       4.307082265253e+03 
       1.437764590955e-01       4.149686521720e+03 
       1.470163968659e-01       3.987553229704e+03 
       1.502563477143e-01       3.826344340316e+03 
       1.534963087491e-01       3.671472129244e+03 
       1.567362780807e-01       3.527497178729e+03 
       1.599762544381e-01       3.397778172376e+03 
       1.632162369348e-01       3.284265947867e+03 
       1.664562249266e-01       3.187518816510e+03 
       1.696962179237e-01       3.106825884575e+03 
       1.729362155378e-01       3.040419101715e+03 
       1.761762174482e-01       2.985729715964e+03 
       1.794162233813e-01       2.939696007410e+03 
       1.826562330976e-01       2.899020055360e+03 
       1.858962463833e-01       2.860943473827e+03 
       1.891362630448e-01       2.822386639937e+03 
       1.923762829046e-01       2.780670348790e+03 
       1.956163057993e-01       2.734185141333e+03 
       1.988563315776e-01       2.682212999474e+03 
       2.020963600983e-01       2.624938708218e+03 
       2.053363912299e-01       2.563319185686e+03 
       2.085764248495e-01       2.498868031865e+03 
       2.118164608416e-01       2.433376868759e+03 
       2.150564990980e-01       2.368675475606e+03 
       2.182965395172e-01       2.306388134724e+03 
       2.215365820035e-01       2.247847037547e+03 
       2.247766264667e-01       2.193988546357e+03 
       2.280166728221e-01       2.145374393935e+03 
       2.312567209895e-01       2.102167616488e+03 
       2.344967708933e-01       2.064179055440e+03 
       2.377368224620e-01       2.030901854961e+03 
       2.409768756280e-01       2.001554707989e+03 
       2.442169303273e-01       1.975178472142e+03 
       2.474569864993e-01       1.950725713154e+03 
       2.506970440865e-01       1.927167379465e+03 
       2.539371030344e-01       1.903600277940e+03 
       2.571771632913e-01       1.879310941779e+03 
       2.604172248080e-01       1.853826902444e+03 
       2.636572875377e-01       1.826919976622e+03 
       2.668973514361e-01       1.798598396387e+03 
       2.701374164608e-01       1.769070670627e+03 
       2.733774825715e-01       1.738711693878e+03 
       2.766175497299e-01       1.708011208590e+03 
       2.798576178993e-01       1.677519500944e+03 
       2.830976870449e-01       1.647779639379e+03 
       2.863377571333e-01       1.619275984879e+03 
       2.895778281327e-01       1.592373901930e+03 
       2.928179000127e-01       1.567291803517e+03 
       2.960579727442e-01       1.544102660428e+03 
       2.992980462995e-01       1.522739977111e+03 
       3.025381206518e-01       1.503028998723e+03 
       3.057781957758e-01       1.484723419626e+03 
       3.090182716471e-01       1.467532771936e+03 
       3.122583482422e-01       1.451153867467e+03 
       3.154984255387e-01       1.435283793440e+03 
       3.187385035152e-01       1.419643539340e+03 
       3.219785821510e-01       1.403997324518e+03 
       3.252186614264e-01       1.388172596551e+03 
       3.284587413222e-01       1.372067976326e+03 
       3.316988218202e-01       1.355665788941e+03 
       3.349389029029e-01       1.339019058677e+03 
       3.381789845534e-01       1.322238314425e+03 
       3.414190667555e-01       1.305462517125e+03 
       3.446591494934e-01       1.288849216610e+03 
       3.478992327522e-01       1.272541510409e+03 
       3.511393165174e-01       1.256669596242e+03 
       3.543794007750e-01       1.241335572733e+03 
       3.576194855116e-01       1.226615969081e+03 
       3.608595707143e-01       1.212553575268e+03 
       3.640996563704e-01       1.199153428161e+03 
       3.673397424680e-01       1.186392463498e+03 
       3.705798289955e-01       1.174198515659e+03 
       3.738199159416e-01       1.162484372582e+03 
       3.770600032955e-01       1.151148519454e+03 
       3.803000910467e-01       1.140090121769e+03 
       3.835401791851e-01       1.129219983219e+03 
       3.867802677009e-01       1.118471422595e+03 
       3.900203565848e-01       1.107793979100e+03 
       3.932604458274e-01       1.097158758600e+03 
       3.965005354201e-01       1.086552459085e+03 
       3.997406253543e-01       1.075977457496e+03 
       4.029807156217e-01       1.065447652092e+03 
       4.062208062143e-01       1.054991923320e+03 
       4.094608971243e-01       1.044644423453e+03 
       4.127009883443e-01       1.034447981402e+03 
       4.159410798669e-01       1.024442611258e+03 
       4.191811716852e-01       1.014658914931e+03 
       4.224212637922e-01       1.005119049698e+03 
       4.256613561815e-01       9.958309779513e+02 
       4.289014488465e-01       9.867948629020e+02 
       4.321415417811e-01       9.780027983373e+02 
       4.353816349791e-01       9.694426619042e+02 
       4.386217284348e-01       9.610979189871e+02 
       4.418618221424e-01       9.529536269752e+02 
       4.451019160964e-01       9.449869750785e+02 
       4.483420102915e-01       9.371730971736e+02 
       4.515821047225e-01       9.294851579162e+02 
       4.548221993842e-01       9.219017803012e+02 
       4.580622942719e-01       9.144028351236e+02 
       4.613023893806e-01       9.069766344283e+02 
       4.645424847058e-01       8.996205959227e+02 
       4.677825802430e-01       8.923328164006e+02 
       4.710226759877e-01       8.851215184555e+02 
       4.742627719357e-01       8.779891612076e+02 
       4.775028680828e-01       8.709439366221e+02 
       4.807429644250e-01       8.639915236332e+02 
       4.839830609584e-01       8.571399771910e+02 
       4.872231576792e-01       8.504007262491e+02 
       4.904632545835e-01       8.437805475639e+02 
       4.937033516679e-01       8.372869194946e+02 
       4.969434489287e-01       8.309219625652e+02 
       5.001835463625e-01       8.246805578656e+02 
       5.034236439660e-01       8.185587670892e+02 
       5.066637417359e-01       8.125444104950e+02 
       5.099038396690e-01       8.066299956389e+02 
       5.131439377622e-01       8.008059024057e+02 
       5.163840360125e-01       7.950642385522e+02 
       5.196241344170e-01       7.893986367024e+02 
       5.228642329727e-01       7.838042511101e+02 
       5.261043316769e-01       7.782773087467e+02 
       5.293444305268e-01       7.728098506780e+02 
       5.523874515243e-01       7.356865300867e+02 
       5.777357572090e-01       6.987414015549e+02 
       6.060143806219e-01       6.615975496620e+02 
       6.381477736957e-01       6.235824047922e+02 
       6.755745305245e-01       5.842521563150e+02 
       7.206783178590e-01       5.425784172959e+02 
       7.777236752633e-01       4.971628067862e+02 
       8.550383514451e-01       4.457322621727e+02 
       9.700414099724e-01       3.850386258853e+02 
       1.155739498630e+00       3.134218420309e+02 
       1.438984992462e+00       2.403489057130e+02 
       1.810738255866e+00       1.787402841341e+02 
       2.279575128638e+00       1.292259511819e+02 
       2.869815039275e+00       9.046527155519e+01 
       3.612883080088e+00       6.137232747267e+01 
       4.548350319364e+00       4.050001585944e+01 
       5.726033798789e+00       2.612670023355e+01 
       7.208649458088e+00       1.656496947248e+01 
       9.075151987503e+00       1.037844213900e+01 
       1.142493945296e+01       6.460968493298e+00 
       1.438314660554e+01       4.019928011168e+00 
