# Matter power spectrum P(k) at redshift z=0
# for k=1.04798e-05 to 13.8999 h/Mpc,
# number of wavenumbers equal to 548
#    1:k (h/Mpc)              2:P (Mpc/h)^3        
       1.047983747043e-05       5.207625966241e+01 
       2.346584621151e-05       1.129057074894e+02 
       3.649811905084e-05       1.725331658553e+02 
       4.961229565527e-05       2.316607874987e+02 
       6.284461339920e-05       2.906804539402e+02 
       7.623223575444e-05       3.498817206257e+02 
       8.981359132659e-05       4.095095145960e+02 
       1.036287281159e-04       4.697878018534e+02 
       1.177196876145e-04       5.309316132488e+02 
       1.321309033878e-04       5.931542795656e+02 
       1.469096287877e-04       6.566724073966e+02 
       1.621063983792e-04       7.217097322973e+02 
       1.777755274566e-04       7.885003601622e+02 
       1.939756536129e-04       8.572917358828e+02 
       2.107703235930e-04       9.283475019770e+02 
       2.282286274636e-04       1.001950240925e+03 
       2.464258802827e-04       1.078404347904e+03 
       2.654443487100e-04       1.158038799213e+03 
       2.853740160610e-04       1.241210028915e+03 
       3.063133738093e-04       1.328304718293e+03 
       3.283702200727e-04       1.419742473308e+03 
       3.516624357386e-04       1.515978238586e+03 
       3.763186961956e-04       1.617504263181e+03 
       4.024790609047e-04       1.724851363199e+03 
       4.302953643460e-04       1.838589140386e+03 
       4.599313109244e-04       1.959324768187e+03 
       4.915621548512e-04       2.087699792698e+03 
       5.253738268901e-04       2.224384432566e+03 
       5.615613579358e-04       2.370068783076e+03 
       6.003264513986e-04       2.525450289383e+03 
       6.418740805044e-04       2.691217207541e+03 
       6.864080413564e-04       2.868027753227e+03 
       7.341254841215e-04       3.056485388330e+03 
       7.852105731940e-04       3.257110911566e+03 
       8.398275827727e-04       3.470313231073e+03 
       8.981138941243e-04       3.696360799731e+03 
       9.601734900905e-04       3.935356664495e+03 
       1.026071600992e-03       4.187220194549e+03 
       1.095831110998e-03       4.451677877052e+03 
       1.169431173801e-03       4.728264921501e+03 
       1.246808230909e-03       5.016338487906e+03 
       1.327859325000e-03       5.315100540989e+03 
       1.412447320125e-03       5.623600203372e+03 
       1.500407440168e-03       5.940835176114e+03 
       1.591554451200e-03       6.265750428806e+03 
       1.685689843538e-03       6.597254725378e+03 
       1.782608487997e-03       6.934263475033e+03 
       1.882104406311e-03       7.275722125620e+03 
       1.983975467043e-03       7.620624599269e+03 
       2.088026965495e-03       7.968026728073e+03 
       2.194074154057e-03       8.317054238598e+03 
       2.301943855562e-03       8.666907729222e+03 
       2.411475322328e-03       9.016863531892e+03 
       2.522520507197e-03       9.366271492279e+03 
       2.634943899680e-03       9.714552463138e+03 
       2.748622058476e-03       1.006119353918e+04 
       2.863442946843e-03       1.040574357587e+04 
       2.979305153419e-03       1.074780687944e+04 
       3.096117059914e-03       1.108703918431e+04 
       3.213795999560e-03       1.142314146871e+04 
       3.332267436213e-03       1.175585640411e+04 
       3.451464183347e-03       1.208496248790e+04 
       3.571325674291e-03       1.241026758256e+04 
       3.691797289372e-03       1.273161324863e+04 
       3.812829741685e-03       1.304886249501e+04 
       3.934378520620e-03       1.336190445784e+04 
       4.056403390558e-03       1.367064261224e+04 
       4.178867941202e-03       1.397500210456e+04 
       4.301739185498e-03       1.427492318206e+04 
       4.424987200928e-03       1.457035649687e+04 
       4.548584809991e-03       1.486126724107e+04 
       4.672507295903e-03       1.514763058451e+04 
       4.796732149749e-03       1.542942578896e+04 
       4.921238845672e-03       1.570663638297e+04 
       5.046008640949e-03       1.597929533801e+04 
       5.171024398156e-03       1.624738376825e+04 
       5.296270426876e-03       1.645056370780e+04 
       5.421732342708e-03       1.670721100531e+04 
       5.547396941589e-03       1.695930832549e+04 
       5.673252087638e-03       1.720687766564e+04 
       5.799286612991e-03       1.744994737066e+04 
       5.925490228220e-03       1.768853566342e+04 
       6.051853442146e-03       1.792269756740e+04 
       6.178367489963e-03       1.815244877982e+04 
       6.305024268738e-03       1.837782600207e+04 
       6.431816279461e-03       1.859886496562e+04 
       6.558736574906e-03       1.881560655072e+04 
       6.685778712674e-03       1.902808823393e+04 
       6.812936712839e-03       1.923635077698e+04 
       6.940205019699e-03       1.944043723841e+04 
       7.067578467205e-03       1.964038485330e+04 
       7.195052247652e-03       1.983623604982e+04 
       7.322621883311e-03       2.002803636800e+04 
       7.450283200684e-03       2.021582072116e+04 
       7.578032307116e-03       2.039963737404e+04 
       7.705865569515e-03       2.057952794635e+04 
       7.833779594985e-03       2.075554298394e+04 
       7.961771213160e-03       2.092771519218e+04 
       8.089837460085e-03       2.109609102073e+04 
       8.217975563488e-03       2.126071463286e+04 
       8.346182929316e-03       2.142162494102e+04 
       8.474457129392e-03       2.157887363719e+04 
       8.602795890124e-03       2.173249401797e+04 
       8.731197082128e-03       2.188252893551e+04 
       8.859658710710e-03       2.202902727310e+04 
       8.988178907119e-03       2.217202595866e+04 
       9.116755920488e-03       2.231156700718e+04 
       9.245388110433e-03       2.244769363706e+04 
       9.374073940213e-03       2.258044051614e+04 
       9.502811970438e-03       2.270985572193e+04 
       9.631600853249e-03       2.283597424059e+04 
       9.760439326954e-03       2.295883512240e+04 
       9.889326211058e-03       2.307847825655e+04 
       1.001826040168e-02       2.319493295744e+04 
       1.014724086728e-02       2.330824676812e+04 
       1.027626664475e-02       2.341846676736e+04 
       1.040533683578e-02       2.352560513973e+04 
       1.053445060340e-02       2.362972588747e+04 
       1.066360716894e-02       2.373083748229e+04 
       1.079280580904e-02       2.382901857442e+04 
       1.092204585300e-02       2.392425958375e+04 
       1.105132668024e-02       2.401660996798e+04 
       1.118064771796e-02       2.410611866158e+04 
       1.131000843900e-02       2.419281475585e+04 
       1.143940835977e-02       2.427675015700e+04 
       1.156884703847e-02       2.435793211311e+04 
       1.169832407322e-02       2.443640390022e+04 
       1.182783910055e-02       2.451219885530e+04 
       1.195739179382e-02       2.458534673510e+04 
       1.208698186186e-02       2.465588849386e+04 
       1.221660904762e-02       2.472387159259e+04 
       1.234627312702e-02       2.478930103943e+04 
       1.247597390776e-02       2.485222009124e+04 
       1.260571122831e-02       2.491265995697e+04 
       1.273548495693e-02       2.497065698656e+04 
       1.286529499077e-02       2.502624041400e+04 
       1.299514125503e-02       2.507944431984e+04 
       1.312502370219e-02       2.513029765932e+04 
       1.325494231129e-02       2.517883307664e+04 
       1.338489708729e-02       2.522508531674e+04 
       1.351488806041e-02       2.526906525592e+04 
       1.364491528565e-02       2.531083438971e+04 
       1.377497884218e-02       2.535038145538e+04 
       1.390507883297e-02       2.538776902755e+04 
       1.403521538425e-02       2.542300501350e+04 
       1.416538864523e-02       2.545612401299e+04 
       1.429559878765e-02       2.548715679983e+04 
       1.442584600553e-02       2.551612602426e+04 
       1.455613051486e-02       2.554306692844e+04 
       1.468645255331e-02       2.556799487410e+04 
       1.481681238007e-02       2.559093483909e+04 
       1.494721027561e-02       2.561192741593e+04 
       1.507764654154e-02       2.563099320956e+04 
       1.520812150044e-02       2.564815600512e+04 
       1.533863549578e-02       2.566343218657e+04 
       1.546918889180e-02       2.567686613491e+04 
       1.559978207347e-02       2.568846910761e+04 
       1.573041544643e-02       2.569827014846e+04 
       1.586108943695e-02       2.570630668714e+04 
       1.599180449199e-02       2.571257066511e+04 
       1.612256107916e-02       2.571712015198e+04 
       1.625335968678e-02       2.571997595798e+04 
       1.638420082398e-02       2.572112244768e+04 
       1.651508502071e-02       2.572062381548e+04 
       1.664601282789e-02       2.571849856886e+04 
       1.677698481752e-02       2.571459637824e+04 
       1.690800158282e-02       2.570941853129e+04 
       1.703906373834e-02       2.570252428680e+04 
       1.717017192020e-02       2.569409095985e+04 
       1.730132678623e-02       2.568405578792e+04 
       1.743252901618e-02       2.567266390451e+04 
       1.756377931198e-02       2.565970989071e+04 
       1.769507839792e-02       2.564535569335e+04 
       1.782642702097e-02       2.562954614967e+04 
       1.795782595100e-02       2.561234207663e+04 
       1.808927598110e-02       2.559371877074e+04 
       1.822077792788e-02       2.557362057480e+04 
       1.835233263178e-02       2.555226920944e+04 
       1.848394095745e-02       2.552972161743e+04 
       1.861560379404e-02       2.550569089245e+04 
       1.874732205564e-02       2.548047219411e+04 
       1.887909668164e-02       2.545399011425e+04 
       1.901092863712e-02       2.542621384992e+04 
       1.914281891330e-02       2.539710956983e+04 
       1.927476852801e-02       2.536690851729e+04 
       1.940677852606e-02       2.533555962603e+04 
       1.953884997983e-02       2.530297436595e+04 
       1.967098398968e-02       2.526931182741e+04 
       1.980318168450e-02       2.523458876282e+04 
       1.993544422224e-02       2.519862307232e+04 
       2.006777279046e-02       2.516167137352e+04 
       2.020016860693e-02       2.512360011059e+04 
       2.033263292016e-02       2.508450270607e+04 
       2.046516701007e-02       2.504424977942e+04 
       2.059777218858e-02       2.500318379911e+04 
       2.073044980033e-02       2.496092644745e+04 
       2.086320122325e-02       2.491776258562e+04 
       2.099602786938e-02       2.487369653977e+04 
       2.112893118549e-02       2.482861285816e+04 
       2.126191265388e-02       2.478264005694e+04 
       2.139497379313e-02       2.473574395554e+04 
       2.152811615888e-02       2.468806609702e+04 
       2.166134134469e-02       2.463940272827e+04 
       2.179465098284e-02       2.458985983738e+04 
       2.192804674520e-02       2.453960027447e+04 
       2.206153034418e-02       2.448848939374e+04 
       2.219510353357e-02       2.443648469232e+04 
       2.232876810958e-02       2.438373968171e+04 
       2.246252591177e-02       2.433028942960e+04 
       2.259637882409e-02       2.427601206938e+04 
       2.273032877590e-02       2.422097431129e+04 
       2.286437774309e-02       2.416517868373e+04 
       2.299852774914e-02       2.410881028573e+04 
       2.313278086634e-02       2.405159752272e+04 
       2.326713921689e-02       2.399374553045e+04 
       2.340160497418e-02       2.393533465400e+04 
       2.353618036403e-02       2.387602421080e+04 
       2.367086766601e-02       2.381632524683e+04 
       2.380566921471e-02       2.375583532638e+04 
       2.394058740123e-02       2.369484691633e+04 
       2.407562467452e-02       2.363326646158e+04 
       2.421078354286e-02       2.357104728526e+04 
       2.434606657545e-02       2.350823973644e+04 
       2.448147640389e-02       2.344490201756e+04 
       2.461701572385e-02       2.338103560067e+04 
       2.475268729671e-02       2.331668595015e+04 
       2.488849395131e-02       2.325181360730e+04 
       2.502443858573e-02       2.318635359551e+04 
       2.516052416910e-02       2.312051117287e+04 
       2.529675374354e-02       2.305408349379e+04 
       2.543313042609e-02       2.298719673517e+04 
       2.556965741076e-02       2.291993508975e+04 
       2.570633797060e-02       2.285221682663e+04 
       2.584317545991e-02       2.278407865766e+04 
       2.598017331644e-02       2.271552673502e+04 
       2.611733506370e-02       2.264659875878e+04 
       2.625466431342e-02       2.257730451051e+04 
       2.639216476795e-02       2.250751284785e+04 
       2.652984022286e-02       2.243745682131e+04 
       2.666769456960e-02       2.236698185639e+04 
       2.680573179823e-02       2.229613864138e+04 
       2.694395600028e-02       2.222504343710e+04 
       2.708237137167e-02       2.215364170274e+04 
       2.722098221578e-02       2.208182147381e+04 
       2.735979294659e-02       2.200981393684e+04 
       2.749880809198e-02       2.193755864891e+04 
       2.763803229710e-02       2.186488479661e+04 
       2.777747032789e-02       2.179193710719e+04 
       2.791712707475e-02       2.171877837293e+04 
       2.805700755630e-02       2.164533790335e+04 
       2.819711692330e-02       2.157176106912e+04 
       2.833746046275e-02       2.149792306469e+04 
       2.847804360210e-02       2.142384120734e+04 
       2.861887191366e-02       2.134953536812e+04 
       2.875995111912e-02       2.127498567758e+04 
       2.890128709436e-02       2.120032277247e+04 
       2.904288587430e-02       2.112543967264e+04 
       2.918475365806e-02       2.105033675099e+04 
       2.932689681429e-02       2.097513686297e+04 
       2.946932188667e-02       2.089976421859e+04 
       2.961203559973e-02       2.082426641624e+04 
       2.975504486479e-02       2.074855607568e+04 
       2.989835678625e-02       2.067276416965e+04 
       3.004197866805e-02       2.059681187712e+04 
       3.018591802050e-02       2.052077635793e+04 
       3.033018256729e-02       2.044451604961e+04 
       3.047478025289e-02       2.036828898528e+04 
       3.061971925021e-02       2.029188922938e+04 
       3.076500796862e-02       2.021542559020e+04 
       3.091065506231e-02       2.013884146298e+04 
       3.105666943902e-02       2.006227680850e+04 
       3.120306026917e-02       1.998554309590e+04 
       3.134983699535e-02       1.990877762371e+04 
       3.149700934234e-02       1.983197727661e+04 
       3.164458732746e-02       1.975508098606e+04 
       3.179258127152e-02       1.967815966873e+04 
       3.194100181018e-02       1.960122494141e+04 
       3.208985990591e-02       1.952412966570e+04 
       3.223916686049e-02       1.944711451032e+04 
       3.238893432810e-02       1.937008609241e+04 
       3.253917432906e-02       1.929302994419e+04 
       3.268989926423e-02       1.921592934009e+04 
       3.284112193016e-02       1.913880599943e+04 
       3.299285553488e-02       1.906169723023e+04 
       3.314511371465e-02       1.898462582703e+04 
       3.329791055141e-02       1.890749567618e+04 
       3.345126059121e-02       1.883051165039e+04 
       3.360517886357e-02       1.875335295292e+04 
       3.375968090184e-02       1.867630002036e+04 
       3.391478276467e-02       1.859925384267e+04 
       3.407050105862e-02       1.852221334376e+04 
       3.422685296194e-02       1.844531945910e+04 
       3.438385624971e-02       1.836829042544e+04 
       3.454152932036e-02       1.829133725851e+04 
       3.469989122363e-02       1.821452499291e+04 
       3.485896169016e-02       1.813762536659e+04 
       3.501876116271e-02       1.806080589416e+04 
       3.517931082923e-02       1.798408902086e+04 
       3.534063265786e-02       1.790738818004e+04 
       3.550274943392e-02       1.783071368597e+04 
       3.566568479924e-02       1.775407633163e+04 
       3.582946329375e-02       1.767755542308e+04 
       3.599411039965e-02       1.760102914421e+04 
       3.615965258833e-02       1.752458266300e+04 
       3.632611737025e-02       1.744816942846e+04 
       3.649353334788e-02       1.737188436630e+04 
       3.666193027217e-02       1.729560643713e+04 
       3.683133910260e-02       1.721943592206e+04 
       3.700179207122e-02       1.714322276447e+04 
       3.717332275095e-02       1.706713170786e+04 
       3.734596612850e-02       1.699108500165e+04 
       3.751975868227e-02       1.691513509216e+04 
       3.769473846566e-02       1.683920550545e+04 
       3.787094519625e-02       1.676342937610e+04 
       3.804842035131e-02       1.668763357237e+04 
       3.822720727021e-02       1.661186313643e+04 
       3.840735126437e-02       1.653618985747e+04 
       3.858889973534e-02       1.646055211779e+04 
       3.877190230183e-02       1.638501270434e+04 
       3.895641093634e-02       1.630954404539e+04 
       3.914248011260e-02       1.623411470447e+04 
       3.933016696437e-02       1.615868765551e+04 
       3.951953145720e-02       1.608328419644e+04 
       3.971063657393e-02       1.600796357071e+04 
       3.990354851560e-02       1.593273697478e+04 
       4.009833691922e-02       1.585740347389e+04 
       4.029507509396e-02       1.578229794888e+04 
       4.049384027793e-02       1.570709871501e+04 
       4.069471391744e-02       1.563189373170e+04 
       4.089778197134e-02       1.555673788368e+04 
       4.110313524294e-02       1.548162349054e+04 
       4.131086974276e-02       1.540649992033e+04 
       4.152108708546e-02       1.533139134355e+04 
       4.173389492473e-02       1.525621781880e+04 
       4.194940743077e-02       1.518114420109e+04 
       4.216774581522e-02       1.510593153300e+04 
       4.238903890927e-02       1.503074042526e+04 
       4.261342380153e-02       1.495551297900e+04 
       4.284104654300e-02       1.488023554388e+04 
       4.307206292783e-02       1.480494723429e+04 
       4.330663935955e-02       1.472954182833e+04 
       4.354495381418e-02       1.465405700469e+04 
       4.378719691325e-02       1.457854763700e+04 
       4.403357312196e-02       1.450289620713e+04 
       4.428430208996e-02       1.442713171904e+04 
       4.453962015542e-02       1.435119002772e+04 
       4.479978203620e-02       1.427518653915e+04 
       4.506506273644e-02       1.419901318629e+04 
       4.533575970142e-02       1.412260830765e+04 
       4.561219525994e-02       1.404602734075e+04 
       4.589471940025e-02       1.396921982600e+04 
       4.618371293455e-02       1.389218437738e+04 
       4.647959111759e-02       1.381489760807e+04 
       4.678280779774e-02       1.373736220318e+04 
       4.709386019483e-02       1.365940582340e+04 
       4.741329441853e-02       1.358116778327e+04 
       4.774171186514e-02       1.350253764913e+04 
       4.807977666041e-02       1.342345635880e+04 
       4.842822435342e-02       1.334394138185e+04 
       4.878787211304e-02       1.326393593056e+04 
       4.915963073694e-02       1.318333264051e+04 
       4.954451885696e-02       1.310212158329e+04 
       4.994367981807e-02       1.302028914519e+04 
       5.035840182653e-02       1.293768681869e+04 
       5.079014211384e-02       1.285428531387e+04 
       5.124055605524e-02       1.276994641649e+04 
       5.171153242671e-02       1.268456435544e+04 
       5.220523629590e-02       1.259810641412e+04 
       5.272416143712e-02       1.251030957819e+04 
       5.327119465431e-02       1.242109724420e+04 
       5.384969500288e-02       1.233022320233e+04 
       5.446359162363e-02       1.223743607913e+04 
       5.511750470833e-02       1.214245362630e+04 
       5.581689490758e-02       1.204487270030e+04 
       5.656824701529e-02       1.194419476994e+04 
       5.737929346676e-02       1.183984441716e+04 
       5.825928093084e-02       1.173095225349e+04 
       5.921927683695e-02       1.161643239269e+04 
       6.027249795191e-02       1.149491825881e+04 
       6.143461310693e-02       1.136427530328e+04 
       6.272391646350e-02       1.122186818561e+04 
       6.416117523264e-02       1.106403156677e+04 
       6.576882793350e-02       1.088587900871e+04 
       6.756909579525e-02       1.068103254385e+04 
       6.958062960219e-02       1.044206673645e+04 
       7.181383250825e-02       1.016110865451e+04 
       7.426614564315e-02       9.831920904693e+03 
       7.691977409927e-02       9.452490085540e+03 
       7.974401071659e-02       9.027308679389e+03 
       8.270169751184e-02       8.568110158322e+03 
       8.575658117401e-02       8.092282740169e+03 
       8.887830006548e-02       7.619693714441e+03 
       9.204405866752e-02       7.169275469921e+03 
       9.523799062897e-02       6.756542177532e+03 
       9.844959729491e-02       6.392081175337e+03 
       1.016721555410e-01       6.081135618257e+03 
       1.049014481999e-01       5.824198482959e+03 
       1.081348637899e-01       5.617490321415e+03 
       1.113707978304e-01       5.454166659927e+03 
       1.146082691952e-01       5.325142612905e+03 
       1.178466795876e-01       5.220114300934e+03 
       1.210856647034e-01       5.128416583402e+03 
       1.243250028514e-01       5.039960002452e+03 
       1.275645591157e-01       4.946146723025e+03 
       1.308042513315e-01       4.840592335919e+03 
       1.340440293894e-01       4.719613661749e+03 
       1.372838626580e-01       4.582437138613e+03 
       1.405237323457e-01       4.430945482017e+03 
       1.437636268616e-01       4.269152548477e+03 
       1.470035390000e-01       4.102390521262e+03 
       1.502434642292e-01       3.936520878104e+03 
       1.534833996533e-01       3.777129759064e+03 
       1.567233433797e-01       3.628948138045e+03 
       1.599632941358e-01       3.495443985854e+03 
       1.632032510338e-01       3.378640220811e+03 
       1.664432134290e-01       3.279128716838e+03 
       1.696831808312e-01       3.196174564767e+03 
       1.729231528516e-01       3.127964221235e+03 
       1.761631291694e-01       3.071852714439e+03 
       1.794031095108e-01       3.024670985198e+03 
       1.826430936363e-01       2.983025426745e+03 
       1.858830813320e-01       2.944055847543e+03 
       1.891230724041e-01       2.904587255223e+03 
       1.923630666752e-01       2.861850066041e+03 
       1.956030639818e-01       2.814169934257e+03 
       1.988430641725e-01       2.760804604139e+03 
       2.020830671062e-01       2.701943802401e+03 
       2.053230726512e-01       2.638565093885e+03 
       2.085630806846e-01       2.572244259976e+03 
       2.118030910910e-01       2.504824941175e+03 
       2.150431037622e-01       2.438206011802e+03 
       2.182831185964e-01       2.374071189727e+03 
       2.215231354981e-01       2.313787230324e+03 
       2.247631543771e-01       2.258335278857e+03 
       2.280031751486e-01       2.208292690546e+03 
       2.312431977323e-01       2.163828991271e+03 
       2.344832220528e-01       2.124751839167e+03 
       2.377232480384e-01       2.090536277175e+03 
       2.409632756215e-01       2.060383098240e+03 
       2.442033047382e-01       2.033295041682e+03 
       2.474433353278e-01       2.008190601457e+03 
       2.506833673329e-01       1.984010571120e+03 
       2.539234006988e-01       1.959816404599e+03 
       2.571634353739e-01       1.934874110927e+03 
       2.604034713090e-01       1.908692514110e+03 
       2.636435084573e-01       1.881036388794e+03 
       2.668835467744e-01       1.851911046218e+03 
       2.701235862180e-01       1.821531058377e+03 
       2.733636267478e-01       1.790293722754e+03 
       2.766036683253e-01       1.758693548844e+03 
       2.798437109141e-01       1.727303721810e+03 
       2.830837544792e-01       1.696687401919e+03 
       2.863237989872e-01       1.667342970833e+03 
       2.895638444063e-01       1.639646868102e+03 
       2.928038907061e-01       1.613833621024e+03 
       2.960439378575e-01       1.589968622328e+03 
       2.992839858328e-01       1.567987732924e+03 
       3.025240346053e-01       1.547711944523e+03 
       3.057640841495e-01       1.528885690577e+03 
       3.090041344411e-01       1.511210866777e+03 
       3.122441854566e-01       1.494372068974e+03 
       3.154842371737e-01       1.478057704122e+03 
       3.187242895707e-01       1.461979256641e+03 
       3.219643426272e-01       1.445894531633e+03 
       3.252043963233e-01       1.429622183118e+03 
       3.284444506399e-01       1.413060927264e+03 
       3.316845055588e-01       1.396190011208e+03 
       3.349245610625e-01       1.379065043637e+03 
       3.381646171340e-01       1.361799527275e+03 
       3.414046737571e-01       1.344540730900e+03 
       3.446447309161e-01       1.327442845675e+03 
       3.478847885961e-01       1.310663541533e+03 
       3.511248467826e-01       1.294328796204e+03 
       3.543649054615e-01       1.278551163631e+03 
       3.576049646194e-01       1.263403978842e+03 
       3.608450242434e-01       1.248935608960e+03 
       3.640850843210e-01       1.235151414587e+03 
       3.673251448402e-01       1.222021164366e+03 
       3.705652057892e-01       1.209478413712e+03 
       3.738052671569e-01       1.197428493127e+03 
       3.770453289324e-01       1.185769896913e+03 
       3.802853911052e-01       1.174394879609e+03 
       3.835254536653e-01       1.163216300953e+03 
       3.867655166029e-01       1.152160397890e+03 
       3.900055799085e-01       1.141178366003e+03 
       3.932456435730e-01       1.130239072222e+03 
       3.964857075875e-01       1.119330174264e+03 
       3.997257719435e-01       1.108452322969e+03 
       4.029658366328e-01       1.097621373725e+03 
       4.062059016473e-01       1.086864889853e+03 
       4.094459669793e-01       1.076220392967e+03 
       4.126860326213e-01       1.065731495351e+03 
       4.159260985660e-01       1.055438558260e+03 
       4.191661648063e-01       1.045374563852e+03 
       4.224062313354e-01       1.035560022272e+03 
       4.256462981468e-01       1.026005870886e+03 
       4.288863652339e-01       1.016711030395e+03 
       4.321264325906e-01       1.007667087609e+03 
       4.353665002108e-01       9.988608490890e+02 
       4.386065680887e-01       9.902774146821e+02 
       4.418466362186e-01       9.819001158600e+02 
       4.450867045948e-01       9.737051489064e+02 
       4.483267732122e-01       9.656676124960e+02 
       4.515668420654e-01       9.577605445648e+02 
       4.548069111495e-01       9.499596360970e+02 
       4.580469804595e-01       9.422460054407e+02 
       4.612870499905e-01       9.346076239833e+02 
       4.645271197381e-01       9.270402774298e+02 
       4.677671896976e-01       9.195453939757e+02 
       4.710072598647e-01       9.121269159913e+02 
       4.742473302351e-01       9.047910781117e+02 
       4.774874008047e-01       8.975436461349e+02 
       4.807274715694e-01       8.903924602631e+02 
       4.839675425252e-01       8.833458952306e+02 
       4.872076136685e-01       8.764130678886e+02 
       4.904476849953e-01       8.696040429064e+02 
       4.936877565022e-01       8.629239417985e+02 
       4.969278281855e-01       8.563763184230e+02 
       5.001679000418e-01       8.499569746147e+02 
       5.034079720679e-01       8.436590055979e+02 
       5.066480442603e-01       8.374728319168e+02 
       5.098881166160e-01       8.313882244505e+02 
       5.131281891318e-01       8.253964152430e+02 
       5.163682618047e-01       8.194899437182e+02 
       5.196083346318e-01       8.136624123607e+02 
       5.228484076101e-01       8.079079820833e+02 
       5.260884807369e-01       8.022210034567e+02 
       5.488302052968e-01       7.640525374250e+02 
       5.738021517673e-01       7.260082227182e+02 
       6.015962813935e-01       6.878821407099e+02 
       6.330822981014e-01       6.489111628241e+02 
       6.696025036322e-01       6.086937056787e+02 
       7.133585195515e-01       5.662124058915e+02 
       7.682411627581e-01       5.201261197268e+02 
       8.417493709867e-01       4.682228672525e+02 
       9.494784559000e-01       4.072353337433e+02 
       1.122169740833e+00       3.346761039077e+02 
       1.391139785349e+00       2.580770456846e+02 
       1.749910107311e+00       1.921678648450e+02 
       2.202986280763e+00       1.390863583337e+02 
       2.773395358645e+00       9.746476601223e+01 
       3.491497893933e+00       6.616805233428e+01 
       4.395535423898e+00       4.368380854261e+01 
       5.533651243587e+00       2.818629430890e+01 
       6.966454170558e+00       1.787064891685e+01 
       8.770246185415e+00       1.119373152297e+01 
       1.104108579051e+01       6.964535562731e+00 
       1.389990347547e+01       4.328685192539e+00 
