# Matter power spectrum P(k) at redshift z=0
# for k=1.05508e-05 to 14.4399 h/Mpc,
# number of wavenumbers equal to 549
#    1:k (h/Mpc)              2:P (Mpc/h)^3        
       1.055080690644e-05       5.129199137714e+01 
       2.356003392858e-05       1.109123193047e+02 
       3.661591552897e-05       1.693581657103e+02 
       4.975428444995e-05       2.273154454182e+02 
       6.301157778936e-05       2.851676617826e+02 
       7.642516837764e-05       3.431981931134e+02 
       9.003370695237e-05       4.016468559019e+02 
       1.038774797649e-04       4.607329214280e+02 
       1.179987862887e-04       5.206668963022e+02 
       1.324423417338e-04       5.816575655161e+02 
       1.472557090719e-04       6.439168598275e+02 
       1.624897652070e-04       7.076635920235e+02 
       1.781992057143e-04       7.731266272594e+02 
       1.944430921470e-04       8.405477516796e+02 
       2.112854451575e-04       9.101844168301e+02 
       2.287958854520e-04       9.823124098883e+02 
       2.470503227007e-04       1.057228560587e+03 
       2.661316897176e-04       1.135253425302e+03 
       2.861307151886e-04       1.216733984157e+03 
       3.071467225975e-04       1.302046262099e+03 
       3.292884353538e-04       1.391597811275e+03 
       3.526747580158e-04       1.485829922642e+03 
       3.774354905336e-04       1.585219337942e+03 
       4.037119163639e-04       1.690279282957e+03 
       4.316571862498e-04       1.801559427749e+03 
       4.614363981488e-04       1.919644433834e+03 
       4.932262519683e-04       2.045150567890e+03 
       5.272141385854e-04       2.178719911056e+03 
       5.635965110450e-04       2.321011574968e+03 
       6.025763887488e-04       2.472689475367e+03 
       6.443598712716e-04       2.634406321906e+03 
       6.891515957389e-04       2.806783700125e+03 
       7.371491665340e-04       2.990388718502e+03 
       7.885367182288e-04       3.185707946825e+03 
       8.434779313219e-04       3.393120327004e+03 
       9.021089816365e-04       3.612870936662e+03 
       9.645320321054e-04       3.845048366869e+03 
       1.030809929392e-03       4.089568098717e+03 
       1.100962714739e-03       4.346164221280e+03 
       1.174966388758e-03       4.614391022142e+03 
       1.252754105989e-03       4.893634715542e+03 
       1.334219669249e-03       5.183134369905e+03 
       1.419222913324e-03       5.481980555611e+03 
       1.507596371910e-03       5.789219504245e+03 
       1.599152543806e-03       6.103841164446e+03 
       1.693691112894e-03       6.424800680966e+03 
       1.791005601929e-03       6.751058450865e+03 
       1.890889109819e-03       7.081602970126e+03 
       1.993138954696e-03       7.415468773789e+03 
       2.097560191432e-03       7.751749267187e+03 
       2.203968078109e-03       8.089604731125e+03 
       2.312189629507e-03       8.428266899121e+03 
       2.422064423544e-03       8.767040044732e+03 
       2.533444828325e-03       9.105298620890e+03 
       2.646195803030e-03       9.442485323469e+03 
       2.760194403199e-03       9.778106427790e+03 
       2.875329095825e-03       1.011172699611e+04 
       2.991498965644e-03       1.044296604933e+04 
       3.108612872888e-03       1.077149113670e+04 
       3.226588605320e-03       1.109701397152e+04 
       3.345352053597e-03       1.141928558780e+04 
       3.464836428471e-03       1.173809230648e+04 
       3.584981530616e-03       1.205324798457e+04 
       3.705733078305e-03       1.236459924987e+04 
       3.827042094357e-03       1.267201316163e+04 
       3.948864351210e-03       1.297538206012e+04 
       4.071159871382e-03       1.327461191854e+04 
       4.193892479663e-03       1.356962995257e+04 
       4.317029402888e-03       1.386037759652e+04 
       4.440540913041e-03       1.414680643800e+04 
       4.564400009467e-03       1.442888175061e+04 
       4.688582136183e-03       1.470657528650e+04 
       4.813064930531e-03       1.497987904573e+04 
       4.937827999751e-03       1.524876553544e+04 
       5.062852722318e-03       1.551326052669e+04 
       5.188122071250e-03       1.577335499233e+04 
       5.313620456862e-03       1.602905939430e+04 
       5.439333586714e-03       1.628038553001e+04 
       5.565248340778e-03       1.652734992555e+04 
       5.691352660050e-03       1.676996817589e+04 
       5.817635447066e-03       1.700827164192e+04 
       5.944086476943e-03       1.724227758392e+04 
       6.070696317746e-03       1.747201930967e+04 
       6.197456259110e-03       1.769752904069e+04 
       6.324358248186e-03       1.791883523220e+04 
       6.451394832100e-03       1.813596797852e+04 
       6.578559106169e-03       1.834896846336e+04 
       6.705844667276e-03       1.855786559766e+04 
       6.833245571803e-03       1.876270997579e+04 
       6.960756297655e-03       1.896351851238e+04 
       7.088371709918e-03       1.916034442338e+04 
       7.216087029773e-03       1.935322288024e+04 
       7.343897806319e-03       1.954219417904e+04 
       7.471799891005e-03       1.972729045584e+04 
       7.599789414396e-03       1.990855824648e+04 
       7.727862765049e-03       2.008604122148e+04 
       7.856016570262e-03       2.025977837954e+04 
       7.984247678536e-03       2.042979959349e+04 
       8.112553143563e-03       2.059615505863e+04 
       8.240930209595e-03       2.075887947053e+04 
       8.369376298065e-03       2.091800922942e+04 
       8.497888995334e-03       2.107360045841e+04 
       8.626466041464e-03       2.122568122980e+04 
       8.755105319919e-03       2.137429305751e+04 
       8.883804848104e-03       2.151947092399e+04 
       9.012562768670e-03       2.166125869117e+04 
       9.141377341518e-03       2.179969573489e+04 
       9.270246936434e-03       2.193481837764e+04 
       9.399170026302e-03       2.206666532381e+04 
       9.528145180848e-03       2.219527696556e+04 
       9.657171060856e-03       2.232068678608e+04 
       9.786246412839e-03       2.244293050456e+04 
       9.915370064103e-03       2.256204883743e+04 
       1.004454091818e-02       2.267807400905e+04 
       1.017375795062e-02       2.279104020341e+04 
       1.030302020506e-02       2.290098955662e+04 
       1.043232678960e-02       2.300795034162e+04 
       1.056167687347e-02       2.311196751383e+04 
       1.069106968388e-02       2.321306347883e+04 
       1.082050450312e-02       2.331128231969e+04 
       1.094998066593e-02       2.340664448835e+04 
       1.107949755694e-02       2.349920846120e+04 
       1.120905460836e-02       2.358898482203e+04 
       1.133865129787e-02       2.367601356987e+04 
       1.146828714656e-02       2.376033367333e+04 
       1.159796171710e-02       2.384197329887e+04 
       1.172767461201e-02       2.392097059723e+04 
       1.185742547201e-02       2.399734169915e+04 
       1.198721397457e-02       2.407114540828e+04 
       1.211703983249e-02       2.414238830788e+04 
       1.224690279258e-02       2.421111778040e+04 
       1.237680263453e-02       2.427735036353e+04 
       1.250673916971e-02       2.434112798385e+04 
       1.263671224016e-02       2.440248044096e+04 
       1.276672171765e-02       2.446144701157e+04 
       1.289676750275e-02       2.451803042094e+04 
       1.302684952403e-02       2.457228750180e+04 
       1.315696773725e-02       2.462423180076e+04 
       1.328712212470e-02       2.467390679827e+04 
       1.341731269452e-02       2.472132888613e+04 
       1.354753948007e-02       2.476653243569e+04 
       1.367780253943e-02       2.480954669112e+04 
       1.380810195486e-02       2.485039835043e+04 
       1.393843783231e-02       2.488910909573e+04 
       1.406881030105e-02       2.492570922190e+04 
       1.419921951321e-02       2.496022852415e+04 
       1.432966564350e-02       2.499268977846e+04 
       1.446014888885e-02       2.502311945993e+04 
       1.459066946815e-02       2.505153770720e+04 
       1.472122762198e-02       2.507798393411e+04 
       1.485182361241e-02       2.510247014333e+04 
       1.498245772278e-02       2.512503785225e+04 
       1.511313025757e-02       2.514569730398e+04 
       1.524384154224e-02       2.516447965698e+04 
       1.537459192312e-02       2.518140280549e+04 
       1.550538176734e-02       2.519650274757e+04 
       1.563621146274e-02       2.520978912849e+04 
       1.576708141785e-02       2.522130107775e+04 
       1.589799206187e-02       2.523105724701e+04 
       1.602894384464e-02       2.523907718231e+04 
       1.615993723673e-02       2.524537807802e+04 
       1.629097272942e-02       2.525000865207e+04 
       1.642205083478e-02       2.525296497828e+04 
       1.655317208578e-02       2.525427585336e+04 
       1.668433703636e-02       2.525396522806e+04 
       1.681554626158e-02       2.525206608011e+04 
       1.694680035770e-02       2.524858808324e+04 
       1.707809994242e-02       2.524356094411e+04 
       1.720944565499e-02       2.523699309715e+04 
       1.734083815641e-02       2.522891999856e+04 
       1.747227812968e-02       2.521936074564e+04 
       1.760376627995e-02       2.520833513160e+04 
       1.773530333484e-02       2.519586753138e+04 
       1.786689004464e-02       2.518197228112e+04 
       1.799852718264e-02       2.516667763329e+04 
       1.813021554535e-02       2.514999022666e+04 
       1.826195595288e-02       2.513196048589e+04 
       1.839374924921e-02       2.511255403561e+04 
       1.852559630259e-02       2.509184269518e+04 
       1.865749800583e-02       2.506984008573e+04 
       1.878945527673e-02       2.504653913245e+04 
       1.892146905846e-02       2.502199108860e+04 
       1.905354031993e-02       2.499620404913e+04 
       1.918567005630e-02       2.496919683199e+04 
       1.931785928933e-02       2.494098664580e+04 
       1.945010906791e-02       2.491157711930e+04 
       1.958242046853e-02       2.488099367495e+04 
       1.971479459573e-02       2.484927028053e+04 
       1.984723258269e-02       2.481643109143e+04 
       1.997973559171e-02       2.478250102608e+04 
       2.011230481480e-02       2.474746935830e+04 
       2.024494147422e-02       2.471136503291e+04 
       2.037764682311e-02       2.467419052863e+04 
       2.051042214608e-02       2.463600729986e+04 
       2.064326875987e-02       2.459679088045e+04 
       2.077618801397e-02       2.455658389079e+04 
       2.090918129135e-02       2.451539391586e+04 
       2.104225000910e-02       2.447324077944e+04 
       2.117539561922e-02       2.443016924520e+04 
       2.130861960929e-02       2.438611965573e+04 
       2.144192350333e-02       2.434119028687e+04 
       2.157530886252e-02       2.429536885074e+04 
       2.170877728605e-02       2.424868569255e+04 
       2.184233041197e-02       2.420107125718e+04 
       2.197596991809e-02       2.415267359041e+04 
       2.210969752280e-02       2.410344115622e+04 
       2.224351498609e-02       2.405337303016e+04 
       2.237742411044e-02       2.400252379301e+04 
       2.251142674187e-02       2.395089111356e+04 
       2.264552477089e-02       2.389851334312e+04 
       2.277972013362e-02       2.384537798843e+04 
       2.291401481280e-02       2.379149235897e+04 
       2.304841083899e-02       2.373691471608e+04 
       2.318291029164e-02       2.368155984766e+04 
       2.331751530036e-02       2.362554047055e+04 
       2.345222804606e-02       2.356892068312e+04 
       2.358705076229e-02       2.351161294736e+04 
       2.372198573650e-02       2.345363301149e+04 
       2.385703531140e-02       2.339502475203e+04 
       2.399220188633e-02       2.333580080508e+04 
       2.412748791874e-02       2.327596736767e+04 
       2.426289592560e-02       2.321555964425e+04 
       2.439842848498e-02       2.315455729104e+04 
       2.453408823760e-02       2.309299665755e+04 
       2.466987788844e-02       2.303092564170e+04 
       2.480580020847e-02       2.296822454732e+04 
       2.494185803630e-02       2.290507090797e+04 
       2.507805428007e-02       2.284137678477e+04 
       2.521439191918e-02       2.277723816206e+04 
       2.535087400631e-02       2.271256278754e+04 
       2.548750366930e-02       2.264741361178e+04 
       2.562428411326e-02       2.258185126259e+04 
       2.576121862262e-02       2.251575845366e+04 
       2.589831056332e-02       2.244931399300e+04 
       2.603556338508e-02       2.238240487424e+04 
       2.617298062370e-02       2.231508938505e+04 
       2.631056590349e-02       2.224734852594e+04 
       2.644832293973e-02       2.217926798019e+04 
       2.658625554125e-02       2.211076825242e+04 
       2.672436761312e-02       2.204195643078e+04 
       2.686266315939e-02       2.197272402240e+04 
       2.700114628593e-02       2.190319369231e+04 
       2.713982120340e-02       2.183329245623e+04 
       2.727869223033e-02       2.176307053392e+04 
       2.741776379627e-02       2.169252342084e+04 
       2.755704044506e-02       2.162177778310e+04 
       2.769652683828e-02       2.155068481959e+04 
       2.783622775876e-02       2.147924704732e+04 
       2.797614811425e-02       2.140758396630e+04 
       2.811629294121e-02       2.133570391020e+04 
       2.825666740874e-02       2.126349117080e+04 
       2.839727682271e-02       2.119110717602e+04 
       2.853812663000e-02       2.111845309318e+04 
       2.867922242286e-02       2.104553031103e+04 
       2.882056994355e-02       2.097249404870e+04 
       2.896217508909e-02       2.089922936974e+04 
       2.910404391618e-02       2.082567708347e+04 
       2.924618264636e-02       2.075196653138e+04 
       2.938859767135e-02       2.067814259195e+04 
       2.953129555865e-02       2.060407778690e+04 
       2.967428305726e-02       2.052987743944e+04 
       2.981756710375e-02       2.045551163469e+04 
       2.996115482855e-02       2.038102308075e+04 
       3.010505356243e-02       2.030644837871e+04 
       3.024927084336e-02       2.023167473471e+04 
       3.039381442357e-02       2.015671480821e+04 
       3.053869227695e-02       2.008169574230e+04 
       3.068391260679e-02       2.000653876176e+04 
       3.082948385380e-02       1.993128830264e+04 
       3.097541470455e-02       1.985600365825e+04 
       3.112171410019e-02       1.978052388981e+04 
       3.126839124564e-02       1.970501113798e+04 
       3.141545561918e-02       1.962939301148e+04 
       3.156291698243e-02       1.955373917627e+04 
       3.171078539081e-02       1.947799474552e+04 
       3.185907120454e-02       1.940219467570e+04 
       3.200778510000e-02       1.932633698062e+04 
       3.215693808184e-02       1.925036248160e+04 
       3.230654149546e-02       1.917447414635e+04 
       3.245660704019e-02       1.909847397927e+04 
       3.260714678315e-02       1.902238806827e+04 
       3.275817317364e-02       1.894636035715e+04 
       3.290969905840e-02       1.887028898789e+04 
       3.306173769753e-02       1.879419743278e+04 
       3.321430278123e-02       1.871807472778e+04 
       3.336740844743e-02       1.864196570206e+04 
       3.352106930025e-02       1.856582332632e+04 
       3.367530042950e-02       1.848966524731e+04 
       3.383011743115e-02       1.841353814840e+04 
       3.398553642888e-02       1.833738248920e+04 
       3.414157409684e-02       1.826132367649e+04 
       3.429824768354e-02       1.818512343007e+04 
       3.445557503715e-02       1.810901953379e+04 
       3.461357463213e-02       1.803295887646e+04 
       3.477226559737e-02       1.795690486871e+04 
       3.493166774595e-02       1.788079367279e+04 
       3.509180160650e-02       1.780485076502e+04 
       3.525268845648e-02       1.772884914701e+04 
       3.541435035738e-02       1.765285113860e+04 
       3.557681019193e-02       1.757695376332e+04 
       3.574009170361e-02       1.750106011232e+04 
       3.590421953851e-02       1.742518663816e+04 
       3.606921928979e-02       1.734939603988e+04 
       3.623511754485e-02       1.727360460721e+04 
       3.640194193545e-02       1.719785040834e+04 
       3.656972119106e-02       1.712205394705e+04 
       3.673848519564e-02       1.704638587142e+04 
       3.690826504801e-02       1.697081855320e+04 
       3.707909312635e-02       1.689515265290e+04 
       3.725100315686e-02       1.681961123368e+04 
       3.742403028721e-02       1.674413133627e+04 
       3.759821116484e-02       1.666862813872e+04 
       3.777358402091e-02       1.659318993681e+04 
       3.795018875994e-02       1.651778584466e+04 
       3.812806705601e-02       1.644237089889e+04 
       3.830726245587e-02       1.636708292066e+04 
       3.848782048951e-02       1.629175821300e+04 
       3.866978878915e-02       1.621653019553e+04 
       3.885321721702e-02       1.614126986840e+04 
       3.903815800304e-02       1.606606177509e+04 
       3.922466589314e-02       1.599088873150e+04 
       3.941279830934e-02       1.591571779577e+04 
       3.960261552253e-02       1.584060596847e+04 
       3.979418083944e-02       1.576546148005e+04 
       3.998756080495e-02       1.569029144893e+04 
       4.018282542143e-02       1.561517154827e+04 
       4.038004838672e-02       1.554006247261e+04 
       4.057930735276e-02       1.546500980262e+04 
       4.078068420707e-02       1.538980888998e+04 
       4.098426537929e-02       1.531469730690e+04 
       4.119014217579e-02       1.523955220273e+04 
       4.139841114524e-02       1.516436040785e+04 
       4.160917447863e-02       1.508918730123e+04 
       4.182254044778e-02       1.501386583395e+04 
       4.203862388666e-02       1.493855042349e+04 
       4.225754672069e-02       1.486318582041e+04 
       4.247943854972e-02       1.478771296810e+04 
       4.270443729135e-02       1.471220382876e+04 
       4.293268989200e-02       1.463660864904e+04 
       4.316435311453e-02       1.456088135500e+04 
       4.339959441225e-02       1.448503738797e+04 
       4.363859290070e-02       1.440913328554e+04 
       4.388154044066e-02       1.433302236501e+04 
       4.412864284745e-02       1.425676397172e+04 
       4.438012124455e-02       1.418039838211e+04 
       4.463621358218e-02       1.410372298519e+04 
       4.489717634527e-02       1.402694919596e+04 
       4.516328647909e-02       1.394985792344e+04 
       4.543484356619e-02       1.387254851841e+04 
       4.571217229422e-02       1.379496564052e+04 
       4.599562526132e-02       1.371713257943e+04 
       4.628558617489e-02       1.363890361757e+04 
       4.658247351009e-02       1.356038946925e+04 
       4.688674470772e-02       1.348143287230e+04 
       4.719890100696e-02       1.340207542571e+04 
       4.751949302854e-02       1.332227398297e+04 
       4.784912724824e-02       1.324196434475e+04 
       4.818847353094e-02       1.316110077494e+04 
       4.853827393343e-02       1.307963770783e+04 
       4.889935303150e-02       1.299752855475e+04 
       4.927263008636e-02       1.291473476965e+04 
       4.965913344055e-02       1.283112302755e+04 
       5.006001762846e-02       1.274661643217e+04 
       5.047658380748e-02       1.266121822217e+04 
       5.091030426919e-02       1.257476896751e+04 
       5.136285198580e-02       1.248715566433e+04 
       5.183613639694e-02       1.239822770113e+04 
       5.233234695873e-02       1.230784596371e+04 
       5.285400637890e-02       1.221587493152e+04 
       5.340403596355e-02       1.212205554128e+04 
       5.398583611747e-02       1.202613133298e+04 
       5.460338577026e-02       1.192781705613e+04 
       5.526136531208e-02       1.182675105093e+04 
       5.596530840723e-02       1.172244126481e+04 
       5.672178854470e-02       1.161432769761e+04 
       5.753864579922e-02       1.150171410626e+04 
       5.842525681805e-02       1.138355267248e+04 
       5.939284419161e-02       1.125871412210e+04 
       6.045480583631e-02       1.112553554875e+04 
       6.162701356904e-02       1.098182575831e+04 
       6.292797206280e-02       1.082471749678e+04 
       6.437863400625e-02       1.065037171854e+04 
       6.600153777185e-02       1.045384451956e+04 
       6.781882534794e-02       1.022893707337e+04 
       6.984877925476e-02       9.968632277974e+03 
       7.210107793366e-02       9.666003489815e+03 
       7.457215160500e-02       9.316172751472e+03 
       7.724316631828e-02       8.918722063859e+03 
       8.008268604018e-02       8.479623751576e+03 
       8.305332816020e-02       8.011323281140e+03 
       8.611905535462e-02       7.530984430082e+03 
       8.924994683671e-02       7.057325386079e+03 
       9.242367460608e-02       6.607711520191e+03 
       9.562476186095e-02       6.195925610205e+03 
       9.884299542309e-02       5.831150042261e+03 
       1.020718462771e-01       5.517589832367e+03 
       1.053072234396e-01       5.255026361731e+03 
       1.085465952567e-01       5.039529459077e+03 
       1.117884069239e-01       4.864335217346e+03 
       1.150317079215e-01       4.720818071935e+03 
       1.182759186965e-01       4.599370443852e+03 
       1.215206863823e-01       4.490308378320e+03 
       1.247657962527e-01       4.384711868956e+03 
       1.280111176276e-01       4.275123776482e+03 
       1.312565709174e-01       4.156264092027e+03 
       1.345021075779e-01       4.025259525365e+03 
       1.377476979296e-01       3.881714032369e+03 
       1.409933237596e-01       3.727466051669e+03 
       1.442389738302e-01       3.566055144219e+03 
       1.474846411508e-01       3.402069157075e+03 
       1.507303213219e-01       3.240449670343e+03 
       1.539760115283e-01       3.085866882036e+03 
       1.572217099279e-01       2.942247151417e+03 
       1.604674152792e-01       2.812425070415e+03 
       1.637131267145e-01       2.698009966833e+03 
       1.669588436015e-01       2.599364068277e+03 
       1.702045654587e-01       2.515718206179e+03 
       1.734502919031e-01       2.445367158965e+03 
       1.766960226178e-01       2.385904208634e+03 
       1.799417573320e-01       2.334504016722e+03 
       1.831874958086e-01       2.288184063844e+03 
       1.864332378354e-01       2.244505098248e+03 
       1.896789832201e-01       2.200701736108e+03 
       1.929247317868e-01       2.154488148003e+03 
       1.961704833730e-01       2.104521015450e+03 
       1.994162378283e-01       2.050228879907e+03 
       2.026619950126e-01       1.991816223595e+03 
       2.059077547950e-01       1.930133555634e+03 
       2.091535170534e-01       1.866495914256e+03 
       2.123992816729e-01       1.802442465142e+03 
       2.156450485462e-01       1.739523037996e+03 
       2.188908175720e-01       1.679135546616e+03 
       2.221365886553e-01       1.622398767490e+03 
       2.253823617066e-01       1.570112904765e+03 
       2.286281366414e-01       1.522731774231e+03 
       2.318739133800e-01       1.480382655263e+03 
       2.351196918472e-01       1.442872731048e+03 
       2.383654719720e-01       1.409723103235e+03 
       2.416112536870e-01       1.380226700043e+03 
       2.448570369287e-01       1.353514465970e+03 
       2.481028216366e-01       1.328646618195e+03 
       2.513486077538e-01       1.304712125590e+03 
       2.545943952258e-01       1.280915781711e+03 
       2.578401840012e-01       1.256634875120e+03 
       2.610859740312e-01       1.231459030072e+03 
       2.643317652691e-01       1.205195388430e+03 
       2.675775576709e-01       1.177850415203e+03 
       2.708233511943e-01       1.149607130385e+03 
       2.740691457994e-01       1.120792595290e+03 
       2.773149414478e-01       1.091826068671e+03 
       2.805607381033e-01       1.063184252318e+03 
       2.838065357310e-01       1.035344855457e+03 
       2.870523342977e-01       1.008725814869e+03 
       2.902981337719e-01       9.836390806619e+02 
       2.935439341232e-01       9.602813845827e+02 
       2.967897353227e-01       9.387079592043e+02 
       3.000355373427e-01       9.188537825404e+02 
       3.032813401568e-01       9.005603338894e+02 
       3.065271437396e-01       8.836009323537e+02 
       3.097729480667e-01       8.677119769266e+02 
       3.130187531150e-01       8.526152288743e+02 
       3.162645588621e-01       8.380351574878e+02 
       3.195103652866e-01       8.237196402218e+02 
       3.227561723679e-01       8.094537183803e+02 
       3.260019800864e-01       7.950788683436e+02 
       3.292477884231e-01       7.805035037582e+02 
       3.324935973598e-01       7.657095805421e+02 
       3.357394068790e-01       7.507450627685e+02 
       3.389852169640e-01       7.357037538195e+02 
       3.422310275985e-01       7.207150038419e+02 
       3.454768387670e-01       7.059156894526e+02 
       3.487226504544e-01       6.914361937481e+02 
       3.519684626465e-01       6.773927876167e+02 
       3.552142753293e-01       6.638809890934e+02 
       3.584600884893e-01       6.509678859476e+02 
       3.617059021137e-01       6.386972414180e+02 
       3.649517161901e-01       6.270695359777e+02 
       3.681975307064e-01       6.160575766965e+02 
       3.714433456511e-01       6.056016844492e+02 
       3.746891610129e-01       5.956175802396e+02 
       3.779349767812e-01       5.860068132310e+02 
       3.811807929454e-01       5.766742417809e+02 
       3.844266094954e-01       5.675355604142e+02 
       3.876724264216e-01       5.585247658037e+02 
       3.909182437146e-01       5.495967034970e+02 
       3.941640613652e-01       5.407202772076e+02 
       3.974098793647e-01       5.318815935436e+02 
       4.006556977045e-01       5.230819276039e+02 
       4.039015163764e-01       5.143340711523e+02 
       4.071473353724e-01       5.056636469677e+02 
       4.103931546848e-01       4.971056458704e+02 
       4.136389743061e-01       4.886991954868e+02 
       4.168847942291e-01       4.804826141624e+02 
       4.201306144468e-01       4.724873849151e+02 
       4.233764349523e-01       4.647317582315e+02 
       4.266222557391e-01       4.572268436700e+02 
       4.298680768008e-01       4.499716658995e+02 
       4.331138981312e-01       4.429558907013e+02 
       4.363597197241e-01       4.361714837790e+02 
       4.396055415739e-01       4.296042892614e+02 
       4.428513636749e-01       4.232330728407e+02 
       4.460971860214e-01       4.170374163660e+02 
       4.493430086083e-01       4.109925487429e+02 
       4.525888314303e-01       4.050725864144e+02 
       4.558346544824e-01       3.992528283595e+02 
       4.590804777596e-01       3.935121214106e+02 
       4.623263012572e-01       3.878418093706e+02 
       4.655721249706e-01       3.822363806164e+02 
       4.688179488954e-01       3.766958426447e+02 
       4.720637730270e-01       3.712227809084e+02 
       4.753095973613e-01       3.658263095399e+02 
       4.785554218941e-01       3.605104339597e+02 
       4.818012466214e-01       3.552822930713e+02 
       4.850470715393e-01       3.501519111777e+02 
       4.882928966440e-01       3.451282811965e+02 
       4.915387219317e-01       3.402224920629e+02 
       4.947845473989e-01       3.354402358945e+02 
       4.980303730419e-01       3.307837530607e+02 
       5.012761988575e-01       3.262512994875e+02 
       5.045220248423e-01       3.218350276157e+02 
       5.077678509929e-01       3.175251780202e+02 
       5.110136773063e-01       3.133104789690e+02 
       5.142595037793e-01       3.091814739728e+02 
       5.175053304089e-01       3.051301196510e+02 
       5.207511571922e-01       3.011517363238e+02 
       5.239969841263e-01       2.972380598810e+02 
       5.272428112085e-01       2.933847284832e+02 
       5.304886384360e-01       2.895839081991e+02 
       5.535918846437e-01       2.641030956888e+02 
       5.790093998718e-01       2.396771798168e+02 
       6.073695075555e-01       2.161105619879e+02 
       6.396019274794e-01       1.929515242863e+02 
       6.771542210588e-01       1.702094645323e+02 
       7.224264884434e-01       1.474546231036e+02 
       7.797160593363e-01       1.243372834314e+02 
       8.574216552815e-01       1.003559129645e+02 
       9.731155824234e-01       7.518452515823e+01 
       1.159996295880e+00       5.006468223446e+01 
       1.444636797478e+00       2.986242638000e+01 
       1.817880989481e+00       1.721828538572e+01 
       2.288567735602e+00       9.830182480421e+00 
       2.881136061871e+00       5.567609379122e+00 
       3.627135403123e+00       3.130692825186e+00 
       4.566292931009e+00       1.748852430878e+00 
       5.748622208544e+00       9.711250749319e-01 
       7.237086581140e+00       5.363056444709e-01 
       9.110952204351e+00       2.946910180312e-01 
       1.147000925570e+01       1.611767404576e-01 
       1.443988612552e+01       8.777596384725e-02 
