# Matter power spectrum P(k) at redshift z=0
# for k=1.05187e-05 to 14.3657 h/Mpc,
# number of wavenumbers equal to 549
#    1:k (h/Mpc)              2:P (Mpc/h)^3        
       1.051869541590e-05       5.175122345075e+01 
       2.349775499059e-05       1.119484680253e+02 
       3.652312506126e-05       1.709582649799e+02 
       4.963038857034e-05       2.294727909764e+02 
       6.285572566156e-05       2.878786126471e+02 
       7.623624120186e-05       3.464611291468e+02 
       8.981030292540e-05       4.054616848667e+02 
       1.036178947603e-04       4.651008187759e+02 
       1.177009899336e-04       5.255901379530e+02 
       1.321039484833e-04       5.871394234799e+02 
       1.468739438105e-04       6.499615188798e+02 
       1.620614228339e-04       7.142760847422e+02 
       1.777206041087e-04       7.803127874061e+02 
       1.939100178599e-04       8.483141603304e+02 
       2.106930911511e-04       9.185383607207e+02 
       2.281387802185e-04       9.912618331303e+02 
       2.463222501614e-04       1.066782017680e+03 
       2.653255994530e-04       1.145420031912e+03 
       2.852386228197e-04       1.227523359326e+03 
       3.061596005702e-04       1.313468487793e+03 
       3.281960950316e-04       1.403663376206e+03 
       3.514657249216e-04       1.498549686354e+03 
       3.760968758758e-04       1.598604510416e+03 
       4.022292896946e-04       1.704341448429e+03 
       4.300144562828e-04       1.816310587603e+03 
       4.596157113937e-04       1.935097157092e+03 
       4.912079218150e-04       2.061318224728e+03 
       5.249766205345e-04       2.195617039890e+03 
       5.611164424630e-04       2.338654412211e+03 
       5.998287131019e-04       2.491096701625e+03 
       6.413180663012e-04       2.653599995984e+03 
       6.857880213871e-04       2.826790457749e+03 
       7.334355406261e-04       3.011241118231e+03 
       7.844447155502e-04       3.207445956180e+03 
       8.389798853738e-04       3.415792788354e+03 
       8.971786500673e-04       3.636536915216e+03 
       9.591453700874e-04       3.869778055663e+03 
       1.024945804380e-03       4.115443270782e+03 
       1.094603495049e-03       4.373277891918e+03 
       1.168098349168e-03       4.642846388338e+03 
       1.245367614954e-03       4.923543242879e+03 
       1.326309150046e-03       5.214613312124e+03 
       1.410786599351e-03       5.515154438909e+03 
       1.498635898519e-03       5.824204440986e+03 
       1.589672431628e-03       6.140753697993e+03 
       1.683698199762e-03       6.463751321807e+03 
       1.780508474053e-03       6.792149404035e+03 
       1.879897571101e-03       7.124926373636e+03 
       1.981663559495e-03       7.461105441177e+03 
       2.085611853470e-03       7.799768158776e+03 
       2.191557758065e-03       8.140062775297e+03 
       2.299328096839e-03       8.481208917127e+03 
       2.408762083904e-03       8.822499316858e+03 
       2.519711606089e-03       9.163297743285e+03 
       2.632041068249e-03       9.503036767084e+03 
       2.745626933029e-03       9.841213301029e+03 
       2.860357061799e-03       1.017738446640e+04 
       2.976129939606e-03       1.051116144581e+04 
       3.092853845834e-03       1.084220543102e+04 
       3.210446014684e-03       1.117022222087e+04 
       3.328831815614e-03       1.149495805755e+04 
       3.447943973123e-03       1.181619456951e+04 
       3.567721837397e-03       1.213374228864e+04 
       3.688110711566e-03       1.244744417587e+04 
       3.809061237414e-03       1.275716467260e+04 
       3.930528838699e-03       1.306279396739e+04 
       4.052473219567e-03       1.336423626853e+04 
       4.174857914551e-03       1.366141721213e+04 
       4.297649886143e-03       1.395427664427e+04 
       4.420819165723e-03       1.424276529742e+04 
       4.544338533692e-03       1.452684876598e+04 
       4.668183234829e-03       1.480649806661e+04 
       4.792330725130e-03       1.508170204206e+04 
       4.916760446688e-03       1.535243689769e+04 
       5.041453627505e-03       1.561872532822e+04 
       5.166393103390e-03       1.588056304716e+04 
       5.291563159443e-03       1.607996271637e+04 
       5.416949388847e-03       1.633067493239e+04 
       5.542538567001e-03       1.657694983910e+04 
       5.668318539188e-03       1.681880547362e+04 
       5.794278120250e-03       1.705627421330e+04 
       5.920407004867e-03       1.728937773921e+04 
       6.046695687240e-03       1.751814694150e+04 
       6.173135389098e-03       1.774262014375e+04 
       6.299717995097e-03       1.796282425729e+04 
       6.426435994767e-03       1.817879409302e+04 
       6.553282430296e-03       1.839057166694e+04 
       6.680250849492e-03       1.859818628188e+04 
       6.807335263357e-03       1.880168564054e+04 
       6.934530107781e-03       1.900110844972e+04 
       7.061830208907e-03       1.919649021893e+04 
       7.189230751776e-03       1.938787323626e+04 
       7.316727251910e-03       1.957530125783e+04 
       7.444315529525e-03       1.975880393310e+04 
       7.571991686103e-03       1.993844079498e+04 
       7.699752083080e-03       2.011424359219e+04 
       7.827593322446e-03       2.028626173336e+04 
       7.955512229049e-03       2.045452209858e+04 
       8.083505834451e-03       2.061908042773e+04 
       8.211571362179e-03       2.077997639891e+04 
       8.339706214229e-03       2.093723370659e+04 
       8.467907958719e-03       2.109091811718e+04 
       8.596174318564e-03       2.124107512368e+04 
       8.724503161093e-03       2.138772433473e+04 
       8.852892488512e-03       2.153091684931e+04 
       8.981340429141e-03       2.167068923893e+04 
       9.109845229347e-03       2.180708939321e+04 
       9.238405246127e-03       2.194014737490e+04 
       9.367018940260e-03       2.206991151730e+04 
       9.495684870001e-03       2.219642125769e+04 
       9.624401685259e-03       2.231970615050e+04 
       9.753168122215e-03       2.243980579148e+04 
       9.881982998354e-03       2.255677572667e+04 
       1.001084520786e-02       2.267062852553e+04 
       1.013975371737e-02       2.278141126246e+04 
       1.026870756202e-02       2.288916488165e+04 
       1.039770584180e-02       2.299391668422e+04 
       1.052674771815e-02       2.309571954641e+04 
       1.065583241085e-02       2.319459403714e+04 
       1.078495919507e-02       2.329057969678e+04 
       1.091412739867e-02       2.338371247670e+04 
       1.104333639972e-02       2.347402836937e+04 
       1.117258562409e-02       2.356156138642e+04 
       1.130187454334e-02       2.364634123392e+04 
       1.143120267268e-02       2.372841383869e+04 
       1.156056956908e-02       2.380780389966e+04 
       1.168997482955e-02       2.388454703740e+04 
       1.181941808948e-02       2.395868310687e+04 
       1.194889902115e-02       2.403023990173e+04 
       1.207841733233e-02       2.409924359395e+04 
       1.220797276496e-02       2.416573337337e+04 
       1.233756509394e-02       2.422974565380e+04 
       1.246719412600e-02       2.429129875495e+04 
       1.259685969867e-02       2.435043640227e+04 
       1.272656167926e-02       2.440717974311e+04 
       1.285629996400e-02       2.446156906570e+04 
       1.298607447721e-02       2.451363054202e+04 
       1.311588517048e-02       2.456340253066e+04 
       1.324573202198e-02       2.461090650070e+04 
       1.337561503580e-02       2.465617061514e+04 
       1.350553424136e-02       2.469923006544e+04 
       1.363548969278e-02       2.474011663425e+04 
       1.376548146844e-02       2.477885306965e+04 
       1.389550967047e-02       2.481546047072e+04 
       1.402557442433e-02       2.484997957705e+04 
       1.415567587839e-02       2.488241936824e+04 
       1.428581420362e-02       2.491282376168e+04 
       1.441598959325e-02       2.494121580816e+04 
       1.454620226246e-02       2.496761531869e+04 
       1.467645244817e-02       2.499205629804e+04 
       1.480674040876e-02       2.501456164986e+04 
       1.493706642395e-02       2.503515398183e+04 
       1.506743079454e-02       2.505386746130e+04 
       1.519783384235e-02       2.507071571044e+04 
       1.532827591007e-02       2.508573477202e+04 
       1.545875736115e-02       2.509894930899e+04 
       1.558927857978e-02       2.511037834764e+04 
       1.571983997081e-02       2.512004346662e+04 
       1.585044195972e-02       2.512796728906e+04 
       1.598108499268e-02       2.513419597508e+04 
       1.611176953650e-02       2.513872361083e+04 
       1.624249607870e-02       2.514158689676e+04 
       1.637326512759e-02       2.514280826432e+04 
       1.650407721230e-02       2.514240801963e+04 
       1.663493288294e-02       2.514041522140e+04 
       1.676583271067e-02       2.513685255878e+04 
       1.689677728786e-02       2.513173360552e+04 
       1.702776722823e-02       2.512509124967e+04 
       1.715880316702e-02       2.511693557610e+04 
       1.728988576121e-02       2.510730042701e+04 
       1.742101568967e-02       2.509620055484e+04 
       1.755219365342e-02       2.508365077931e+04 
       1.768342037587e-02       2.506968892754e+04 
       1.781469660305e-02       2.505433446723e+04 
       1.794602310393e-02       2.503760019656e+04 
       1.807740067065e-02       2.501947695204e+04 
       1.820883011886e-02       2.500005457870e+04 
       1.834031228804e-02       2.497929958116e+04 
       1.847184804183e-02       2.495725942520e+04 
       1.860343826842e-02       2.493394151647e+04 
       1.873508388086e-02       2.490933718480e+04 
       1.886678581750e-02       2.488353399031e+04 
       1.899854504238e-02       2.485651942489e+04 
       1.913036254566e-02       2.482828543278e+04 
       1.926223934405e-02       2.479887815706e+04 
       1.939417648130e-02       2.476833004798e+04 
       1.952617502863e-02       2.473661602043e+04 
       1.965823608525e-02       2.470381770824e+04 
       1.979036077890e-02       2.466987698398e+04 
       1.992255026633e-02       2.463485793579e+04 
       2.005480573390e-02       2.459884220456e+04 
       2.018712839811e-02       2.456169313066e+04 
       2.031951950624e-02       2.452356366761e+04 
       2.045198033690e-02       2.448442926844e+04 
       2.058451220073e-02       2.444427683841e+04 
       2.071711644099e-02       2.440319309802e+04 
       2.084979443429e-02       2.436112601572e+04 
       2.098254759125e-02       2.431813375148e+04 
       2.111537735722e-02       2.427419807840e+04 
       2.124828521305e-02       2.422937377574e+04 
       2.138127267584e-02       2.418367562232e+04 
       2.151434129972e-02       2.413710719948e+04 
       2.164749267671e-02       2.408966584400e+04 
       2.178072843749e-02       2.404139401697e+04 
       2.191405025235e-02       2.399232313835e+04 
       2.204745983202e-02       2.394243391692e+04 
       2.218095892863e-02       2.389169574932e+04 
       2.231454933666e-02       2.384029785655e+04 
       2.244823289391e-02       2.378809656667e+04 
       2.258201148253e-02       2.373513606146e+04 
       2.271588703006e-02       2.368148392415e+04 
       2.284986151048e-02       2.362708620862e+04 
       2.298393694538e-02       2.357204848134e+04 
       2.311811540505e-02       2.351626580733e+04 
       2.325239900970e-02       2.345984476285e+04 
       2.338678993066e-02       2.340280899894e+04 
       2.352129039165e-02       2.334502470394e+04 
       2.365590267006e-02       2.328673587463e+04 
       2.379062909831e-02       2.322775995561e+04 
       2.392547206521e-02       2.316822758275e+04 
       2.406043401740e-02       2.310810478167e+04 
       2.419551746082e-02       2.304744234815e+04 
       2.433072496223e-02       2.298619558392e+04 
       2.446605915074e-02       2.292437371164e+04 
       2.460152271949e-02       2.286207020468e+04 
       2.473711842725e-02       2.279925580911e+04 
       2.487284910020e-02       2.273593901631e+04 
       2.500871763368e-02       2.267206516389e+04 
       2.514472699402e-02       2.260779622490e+04 
       2.528088022046e-02       2.254301744602e+04 
       2.541718042711e-02       2.247782038690e+04 
       2.555363080496e-02       2.241221761553e+04 
       2.569023462396e-02       2.234609544983e+04 
       2.582699523525e-02       2.227959424325e+04 
       2.596391607330e-02       2.221264758829e+04 
       2.610100065833e-02       2.214538460792e+04 
       2.623825259860e-02       2.207771524027e+04 
       2.637567559297e-02       2.200967041497e+04 
       2.651327343341e-02       2.194127411834e+04 
       2.665105000767e-02       2.187251705355e+04 
       2.678900930200e-02       2.180343706757e+04 
       2.692715540405e-02       2.173403316697e+04 
       2.706549250573e-02       2.166430996243e+04 
       2.720402490631e-02       2.159429313452e+04 
       2.734275701556e-02       2.152398410566e+04 
       2.748169335702e-02       2.145330221006e+04 
       2.762083857139e-02       2.138249303373e+04 
       2.776019742003e-02       2.131134392404e+04 
       2.789977478865e-02       2.123993710242e+04 
       2.803957569102e-02       2.116834253542e+04 
       2.817960527295e-02       2.109643169559e+04 
       2.831986881633e-02       2.102433092050e+04 
       2.846037174335e-02       2.095206430971e+04 
       2.860111962091e-02       2.087955415485e+04 
       2.874211816518e-02       2.080681985579e+04 
       2.888337324627e-02       2.073388331427e+04 
       2.902489089325e-02       2.066078040265e+04 
       2.916667729918e-02       2.058753142047e+04 
       2.930873882647e-02       2.051411514399e+04 
       2.945108201238e-02       2.044053583940e+04 
       2.959371357483e-02       2.036678850304e+04 
       2.973664041832e-02       2.029292491334e+04 
       2.987986964024e-02       2.021899101596e+04 
       3.002340853730e-02       2.014479712836e+04 
       3.016726461236e-02       2.007059831600e+04 
       3.031144558141e-02       1.999621671984e+04 
       3.045595938100e-02       1.992179130242e+04 
       3.060081417587e-02       1.984720884984e+04 
       3.074601836696e-02       1.977259661475e+04 
       3.089158059975e-02       1.969781935398e+04 
       3.103750977300e-02       1.962306191508e+04 
       3.118381504784e-02       1.954814437905e+04 
       3.133050585731e-02       1.947318597720e+04 
       3.147759191627e-02       1.939822763542e+04 
       3.162508323183e-02       1.932322143410e+04 
       3.177299011423e-02       1.924809982816e+04 
       3.192132318821e-02       1.917295375479e+04 
       3.207009340494e-02       1.909781884269e+04 
       3.221931205451e-02       1.902261838282e+04 
       3.236899077901e-02       1.894739902665e+04 
       3.251914158625e-02       1.887214488937e+04 
       3.266977686413e-02       1.879688135217e+04 
       3.282090939578e-02       1.872160897315e+04 
       3.297255237533e-02       1.864630776995e+04 
       3.312471942462e-02       1.857103600216e+04 
       3.327742461065e-02       1.849578052770e+04 
       3.343068246399e-02       1.842051750567e+04 
       3.358450799808e-02       1.834528629710e+04 
       3.373891672958e-02       1.827004134065e+04 
       3.389392469985e-02       1.819477999909e+04 
       3.404954849742e-02       1.811968053627e+04 
       3.420580528188e-02       1.804450027154e+04 
       3.436271280888e-02       1.796933300209e+04 
       3.452028945664e-02       1.789425712267e+04 
       3.467855425389e-02       1.781915905987e+04 
       3.483752690939e-02       1.774413227273e+04 
       3.499722784313e-02       1.766911942622e+04 
       3.515767821935e-02       1.759423726298e+04 
       3.531889998145e-02       1.751927961586e+04 
       3.548091588900e-02       1.744447017766e+04 
       3.564374955692e-02       1.736963760388e+04 
       3.580742549708e-02       1.729489044417e+04 
       3.597196916238e-02       1.722021905825e+04 
       3.613740699360e-02       1.714557386127e+04 
       3.630376646918e-02       1.707095364511e+04 
       3.647107615814e-02       1.699641214983e+04 
       3.663936577640e-02       1.692194005050e+04 
       3.680866624677e-02       1.684752368382e+04 
       3.697900976286e-02       1.677314937455e+04 
       3.715042985732e-02       1.669884008988e+04 
       3.732296147459e-02       1.662462951025e+04 
       3.749664104872e-02       1.655041280688e+04 
       3.767150658652e-02       1.647631081045e+04 
       3.784759775658e-02       1.640223956890e+04 
       3.802495598467e-02       1.632827017116e+04 
       3.820362455593e-02       1.625427409710e+04 
       3.838364872466e-02       1.618036312685e+04 
       3.856507583221e-02       1.610651719112e+04 
       3.874795543372e-02       1.603269725209e+04 
       3.893233943466e-02       1.595900188540e+04 
       3.911828223783e-02       1.588525258535e+04 
       3.930584090203e-02       1.581162600205e+04 
       3.949507531344e-02       1.573800813001e+04 
       3.968604837077e-02       1.566446753541e+04 
       3.987882618590e-02       1.559091537966e+04 
       4.007347830110e-02       1.551742313618e+04 
       4.027007792492e-02       1.544395444658e+04 
       4.046870218842e-02       1.537052000220e+04 
       4.066943242389e-02       1.529711056482e+04 
       4.087235446862e-02       1.522371883108e+04 
       4.107755899619e-02       1.515029280659e+04 
       4.128514187848e-02       1.507691066160e+04 
       4.149520458181e-02       1.500353618735e+04 
       4.170785460094e-02       1.493012747415e+04 
       4.192320593561e-02       1.485671845482e+04 
       4.214137961436e-02       1.478328540599e+04 
       4.236250427138e-02       1.470984927133e+04 
       4.258671678310e-02       1.463631475245e+04 
       4.281416297158e-02       1.456280853953e+04 
       4.304499838356e-02       1.448918778155e+04 
       4.327938915479e-02       1.441554016072e+04 
       4.351751297095e-02       1.434177391278e+04 
       4.375956013820e-02       1.426794547720e+04 
       4.400573477858e-02       1.419401977173e+04 
       4.425625616760e-02       1.411999139495e+04 
       4.451136023466e-02       1.404577860421e+04 
       4.477130125017e-02       1.397148060604e+04 
       4.503635372735e-02       1.389700171912e+04 
       4.530681457165e-02       1.382233414082e+04 
       4.558300551686e-02       1.374749431832e+04 
       4.586527589376e-02       1.367242837165e+04 
       4.615400578619e-02       1.359712590685e+04 
       4.644960963984e-02       1.352154323412e+04 
       4.675254040178e-02       1.344565755418e+04 
       4.706329428483e-02       1.336949137541e+04 
       4.738241627009e-02       1.329296787090e+04 
       4.771050648486e-02       1.321604617729e+04 
       4.804822762314e-02       1.313871658480e+04 
       4.839631361295e-02       1.306090498372e+04 
       4.875557978076e-02       1.298267318636e+04 
       4.912693482214e-02       1.290383676004e+04 
       4.951139496071e-02       1.282439865319e+04 
       4.991010077068e-02       1.274428663557e+04 
       5.032433725612e-02       1.266347799673e+04 
       5.075555793060e-02       1.258179698161e+04 
       5.120541383172e-02       1.249925019131e+04 
       5.167578864960e-02       1.241567274575e+04 
       5.216884145826e-02       1.233097861569e+04 
       5.268705893206e-02       1.224499614484e+04 
       5.323331942067e-02       1.215758789747e+04 
       5.381097186175e-02       1.206853086172e+04 
       5.442393322944e-02       1.197760409003e+04 
       5.507680902320e-02       1.188449462452e+04 
       5.577504209273e-02       1.178880308431e+04 
       5.652509562639e-02       1.169005949003e+04 
       5.733467585307e-02       1.158770349415e+04 
       5.821299779770e-02       1.148084420776e+04 
       5.917109108713e-02       1.136847749289e+04 
       6.022212826515e-02       1.124913234359e+04 
       6.138172839555e-02       1.112089173827e+04 
       6.266813355833e-02       1.098114857325e+04 
       6.410206406417e-02       1.082623140992e+04 
       6.570593082888e-02       1.065144840442e+04 
       6.750196882196e-02       1.045065747460e+04 
       6.950891036889e-02       1.021656890520e+04 
       7.173732534461e-02       9.941596402982e+03 
       7.418489251594e-02       9.619689240101e+03 
       7.683406639806e-02       9.248848741234e+03 
       7.965432045792e-02       8.833457742922e+03 
       8.260855948530e-02       8.384922986877e+03 
       8.566048690380e-02       7.920141701944e+03 
       8.877964159700e-02       7.458450445152e+03 
       9.194311978833e-02       7.018304235864e+03 
       9.513496387875e-02       6.614787669437e+03 
       9.834460792801e-02       6.258247465511e+03 
       1.015652828978e-01       5.953850797213e+03 
       1.047927417106e-01       5.702015990191e+03 
       1.080243539385e-01       5.499149710267e+03 
       1.112585033017e-01       5.338571217973e+03 
       1.144942014009e-01       5.211467256828e+03 
       1.177308454840e-01       5.107800541697e+03 
       1.209680685274e-01       5.017194858235e+03 
       1.242056471841e-01       4.929869480301e+03 
       1.274434455306e-01       4.837450799715e+03 
       1.306813807899e-01       4.733733840352e+03 
       1.339194024801e-01       4.615144956330e+03 
       1.371574797436e-01       4.480915304862e+03 
       1.403955936508e-01       4.332867900240e+03 
       1.436337325270e-01       4.174877676888e+03 
       1.468718891151e-01       4.012118969800e+03 
       1.501100588521e-01       3.850261976291e+03 
       1.533482388226e-01       3.694725783989e+03 
       1.565864271222e-01       3.550088310887e+03 
       1.598246224706e-01       3.419721597890e+03 
       1.630628239755e-01       3.305588244280e+03 
       1.663010309888e-01       3.208260393746e+03 
       1.695392430186e-01       3.127026528592e+03 
       1.727774596745e-01       3.060128636586e+03 
       1.760156806347e-01       3.004991716772e+03 
       1.792539056247e-01       2.958545559894e+03 
       1.824921344045e-01       2.917495885746e+03 
       1.857303667596e-01       2.879041473548e+03 
       1.889686024959e-01       2.840159039406e+03 
       1.922068414357e-01       2.798136567185e+03 
       1.954450834152e-01       2.751358044708e+03 
       1.986833282827e-01       2.699100105586e+03 
       2.019215758968e-01       2.641540688899e+03 
       2.051598261257e-01       2.579631657155e+03 
       2.083980788463e-01       2.514889719198e+03 
       2.116363339429e-01       2.449117488206e+03 
       2.148745913072e-01       2.384131746480e+03 
       2.181128508374e-01       2.321577083055e+03 
       2.213511124376e-01       2.262765621970e+03 
       2.245893760176e-01       2.208656790038e+03 
       2.278276414924e-01       2.159793154266e+03 
       2.310659087817e-01       2.116345758114e+03 
       2.343041778099e-01       2.078124550387e+03 
       2.375424485052e-01       2.044620387531e+03 
       2.407807208000e-01       2.015053732247e+03 
       2.440189946302e-01       1.988465105586e+03 
       2.472572699350e-01       1.963809914553e+03 
       2.504955466570e-01       1.940054080866e+03 
       2.537338247414e-01       1.916296015173e+03 
       2.569721041365e-01       1.891822874782e+03 
       2.602103847931e-01       1.866157507448e+03 
       2.634486666642e-01       1.839078604373e+03 
       2.666869497055e-01       1.810593171196e+03 
       2.699252338746e-01       1.780901764722e+03 
       2.731635191310e-01       1.750391704033e+03 
       2.764018054365e-01       1.719545913484e+03 
       2.796400927542e-01       1.688912759361e+03 
       2.828783810493e-01       1.659036568003e+03 
       2.861166702884e-01       1.630399507156e+03 
       2.893549604396e-01       1.603364804260e+03 
       2.925932514724e-01       1.578157599502e+03 
       2.958315433579e-01       1.554841265273e+03 
       2.990698360680e-01       1.533354369646e+03 
       3.023081295762e-01       1.513522618541e+03 
       3.055464238569e-01       1.495095529079e+03 
       3.087847188858e-01       1.477784293715e+03 
       3.120230146393e-01       1.461284347495e+03 
       3.152613110952e-01       1.445293823936e+03 
       3.184996082317e-01       1.429536250621e+03 
       3.217379060284e-01       1.413776442260e+03 
       3.249762044653e-01       1.397840128341e+03 
       3.282145035234e-01       1.381629919995e+03 
       3.314528031844e-01       1.365124940745e+03 
       3.346911034307e-01       1.348379132617e+03 
       3.379294042455e-01       1.331502454933e+03 
       3.411677056124e-01       1.314636544236e+03 
       3.444060075158e-01       1.297936067815e+03 
       3.476443099407e-01       1.281544536897e+03 
       3.508826128725e-01       1.265591063711e+03 
       3.541209162972e-01       1.250179451628e+03 
       3.573592202015e-01       1.235381269300e+03 
       3.605975245723e-01       1.221242511998e+03 
       3.638358293972e-01       1.207769159505e+03 
       3.670741346640e-01       1.194927829384e+03 
       3.703124403610e-01       1.182657140553e+03 
       3.735507464772e-01       1.170866811180e+03 
       3.767890530016e-01       1.159454857445e+03 
       3.800273599237e-01       1.148321906760e+03 
       3.832656672334e-01       1.137377826840e+03 
       3.865039749210e-01       1.126555669327e+03 
       3.897422829769e-01       1.115805098231e+03 
       3.929805913920e-01       1.105099314106e+03 
       3.962189001576e-01       1.094424411590e+03 
       3.994572092649e-01       1.083783753480e+03 
       4.026955187059e-01       1.073189547094e+03 
       4.059338284723e-01       1.062672446901e+03 
       4.091721385565e-01       1.052266526085e+03 
       4.124104489510e-01       1.042012877568e+03 
       4.156487596485e-01       1.031949449198e+03 
       4.188870706419e-01       1.022110323083e+03 
       4.221253819243e-01       1.012516070222e+03 
       4.253636934893e-01       1.003176010013e+03 
       4.286020053303e-01       9.940877993712e+02 
       4.318403174411e-01       9.852427710485e+02 
       4.350786298156e-01       9.766313489899e+02 
       4.383169424480e-01       9.682354992993e+02 
       4.415552553327e-01       9.600370984481e+02 
       4.447935684639e-01       9.520195275159e+02 
       4.480318818365e-01       9.441532178801e+02 
       4.512701954452e-01       9.364154913401e+02 
       4.545085092849e-01       9.287811775191e+02 
       4.577468233507e-01       9.212335563805e+02 
       4.609851376378e-01       9.137589368575e+02 
       4.642234521416e-01       9.063563339978e+02 
       4.674617668575e-01       8.990235622105e+02 
       4.707000817812e-01       8.917670029382e+02 
       4.739383969084e-01       8.845907617703e+02 
       4.771767122349e-01       8.775016931550e+02 
       4.804150277567e-01       8.705083743965e+02 
       4.836533434698e-01       8.636161333290e+02 
       4.868916593705e-01       8.568363314855e+02 
       4.901299754549e-01       8.501768030003e+02 
       4.933682917195e-01       8.436435322744e+02 
       4.966066081608e-01       8.372390481202e+02 
       4.998449247752e-01       8.309587084493e+02 
       5.030832415594e-01       8.247981768433e+02 
       5.063215585102e-01       8.187469084092e+02 
       5.095598756244e-01       8.127938570330e+02 
       5.127981928988e-01       8.069322190672e+02 
       5.160365103304e-01       8.011522413773e+02 
       5.192748279164e-01       7.954504349180e+02 
       5.225131456537e-01       7.898195610684e+02 
       5.257514635397e-01       7.842552736083e+02 
       5.289897815715e-01       7.787530381682e+02 
       5.520141836186e-01       7.414038155233e+02 
       5.773411047126e-01       7.042302457610e+02 
       6.055945677222e-01       6.668515105914e+02 
       6.376974084835e-01       6.285970430073e+02 
       6.750854722804e-01       5.890121303617e+02 
       7.201373929463e-01       5.470664687858e+02 
       7.771076770940e-01       5.013488635966e+02 
       8.543023734243e-01       4.495685382285e+02 
       9.690936611267e-01       3.884445261629e+02 
       1.154428905834e+00       3.162694965803e+02 
       1.437244771963e+00       2.425328197831e+02 
       1.808538847832e+00       1.803168577667e+02 
       2.276806099683e+00       1.303145149604e+02 
       2.866329037982e+00       9.118791857418e+01 
       3.608494464475e+00       6.183736237770e+01 
       4.542825379646e+00       4.079263354004e+01 
       5.719078311779e+00       2.630821037085e+01 
       7.199893018740e+00       1.667671297456e+01 
       9.064128283491e+00       1.044706861126e+01 
       1.141106143185e+01       6.503176490253e+00 
       1.436567521210e+01       4.046013149542e+00 
