# Matter power spectrum P(k) at redshift z=0
# for k=1.05245e-05 to 13.9182 h/Mpc,
# number of wavenumbers equal to 548
#    1:k (h/Mpc)              2:P (Mpc/h)^3        
       1.052454381924e-05       5.166717426626e+01 
       2.351768793567e-05       1.117979880131e+02 
       3.655727814512e-05       1.707426894146e+02 
       4.967901372888e-05       2.291932443079e+02 
       6.291919427623e-05       2.875361933515e+02 
       7.631504899841e-05       3.460569914946e+02 
       8.990507674303e-05       4.049970931765e+02 
       1.037294013043e-04       4.645771933200e+02 
       1.178301466587e-04       5.250090902374e+02 
       1.322518367903e-04       5.865027984195e+02 
       1.470418247727e-04       6.492714343713e+02 
       1.622507557020e-04       7.135349877099e+02 
       1.779330678736e-04       7.795235015019e+02 
       1.941475361749e-04       8.474799512545e+02 
       2.109578609286e-04       9.176629995034e+02 
       2.284333042107e-04       9.903496822663e+02 
       2.466493738068e-04       1.065838111028e+03 
       2.656885522017e-04       1.144450171610e+03 
       2.856410640286e-04       1.226534225566e+03 
       3.066056698655e-04       1.312467741068e+03 
       3.286904667362e-04       1.402659785080e+03 
       3.520136657217e-04       1.497553234850e+03 
       3.767043043070e-04       1.597626521559e+03 
       4.029028352481e-04       1.703394666592e+03 
       4.307615149305e-04       1.815409277128e+03 
       4.604444931273e-04       1.934257111218e+03 
       4.921274844201e-04       2.060556745234e+03 
       5.259968824074e-04       2.194952819877e+03 
       5.622481660272e-04       2.338107327538e+03 
       6.010834496244e-04       2.490687427245e+03 
       6.427080530945e-04       2.653349514121e+03 
       6.873260239998e-04       2.826719335882e+03 
       7.351346361474e-04       3.011368680612e+03 
       7.863180187731e-04       3.207789258763e+03 
       8.410402270402e-04       3.416365541034e+03 
       8.994382248264e-04       3.637348347265e+03 
       9.616153795570e-04       3.870831941247e+03 
       1.027636125820e-03       4.116737049479e+03 
       1.097522406804e-03       4.374802218809e+03 
       1.171252339299e-03       4.644584977445e+03 
       1.248761289803e-03       4.925473196813e+03 
       1.329945246817e-03       5.216705714805e+03 
       1.414666093925e-03       5.517369561469e+03 
       1.502758189412e-03       5.826509468254e+03 
       1.594035575035e-03       6.143108305746e+03 
       1.688299169457e-03       6.466113997411e+03 
       1.785343422717e-03       6.794478517560e+03 
       1.884962074989e-03       7.127181208491e+03 
       1.986952834532e-03       7.463247002451e+03 
       2.091120936706e-03       7.801759753968e+03 
       2.197281653102e-03       8.141870279226e+03 
       2.305261885133e-03       8.482801382485e+03 
       2.414901005798e-03       8.823848810247e+03 
       2.526051116348e-03       9.164379152552e+03 
       2.638576870976e-03       9.503828446284e+03 
       2.752355000529e-03       9.841695987419e+03 
       2.867273641381e-03       1.017754165882e+04 
       2.983231551631e-03       1.051097906089e+04 
       3.100137275687e-03       1.084167170496e+04 
       3.217908300736e-03       1.116932738910e+04 
       3.336470234744e-03       1.149369405028e+04 
       3.455756024975e-03       1.181455503054e+04 
       3.575705228178e-03       1.213172198284e+04 
       3.696263337996e-03       1.244503947133e+04 
       3.817381171189e-03       1.275437313529e+04 
       3.939014311729e-03       1.305961408631e+04 
       4.061122610127e-03       1.336066724269e+04 
       4.183669734420e-03       1.365745877782e+04 
       4.306622768735e-03       1.394993007420e+04 
       4.429951855203e-03       1.423803215597e+04 
       4.553629875046e-03       1.452173041220e+04 
       4.677632164815e-03       1.480099664515e+04 
       4.801936264061e-03       1.507582095062e+04 
       4.926521690990e-03       1.534617831574e+04 
       5.051369742968e-03       1.561209447598e+04 
       5.176463319074e-03       1.587356142365e+04 
       5.301786762154e-03       1.607271988519e+04 
       5.427325718154e-03       1.632307594239e+04 
       5.553067010717e-03       1.656899890777e+04 
       5.678998529296e-03       1.681050738826e+04 
       5.805109129206e-03       1.704763303668e+04 
       5.931388542257e-03       1.728039606953e+04 
       6.057827296752e-03       1.750883014661e+04 
       6.184416645775e-03       1.773297231466e+04 
       6.311148502844e-03       1.795284963605e+04 
       6.438015384089e-03       1.816849640653e+04 
       6.565010356242e-03       1.837995518956e+04 
       6.692126989781e-03       1.858725618159e+04 
       6.819359316677e-03       1.879044931616e+04 
       6.946701792234e-03       1.898956280764e+04 
       7.074149260593e-03       1.918464250442e+04 
       7.201696923499e-03       1.937572800706e+04 
       7.329340311994e-03       1.956286106565e+04 
       7.457075260733e-03       1.974607660104e+04 
       7.584897884645e-03       1.992542082655e+04 
       7.712804557705e-03       2.010094152639e+04 
       7.840791893606e-03       2.027268110094e+04 
       7.968856728136e-03       2.044066696172e+04 
       8.096996103091e-03       2.060495136675e+04 
       8.225207251585e-03       2.076557604798e+04 
       8.353487584606e-03       2.092256751008e+04 
       8.481834678710e-03       2.107599476322e+04 
       8.610246264746e-03       2.122588361266e+04 
       8.738720217510e-03       2.137227875484e+04 
       8.867254546240e-03       2.151521733331e+04 
       8.995847385888e-03       2.165473406251e+04 
       9.124496989085e-03       2.179088484805e+04 
       9.253201718748e-03       2.192369665698e+04 
       9.381960041258e-03       2.205321743547e+04 
       9.510770520180e-03       2.217948384317e+04 
       9.639631810459e-03       2.230252950058e+04 
       9.768542653059e-03       2.242239411121e+04 
       9.897501870011e-03       2.253912686489e+04 
       1.002650835983e-02       2.265274483296e+04 
       1.015556109328e-02       2.276330178688e+04 
       1.028465910943e-02       2.287082151328e+04 
       1.041380151203e-02       2.297534901256e+04 
       1.054298746613e-02       2.307692114091e+04 
       1.067221619494e-02       2.317557314108e+04 
       1.080148697695e-02       2.327133133739e+04 
       1.093079914319e-02       2.336423894983e+04 
       1.106015207476e-02       2.345433910787e+04 
       1.118954520049e-02       2.354165008548e+04 
       1.131897799477e-02       2.362621606323e+04 
       1.144844997553e-02       2.370807517573e+04 
       1.157796070239e-02       2.378725788545e+04 
       1.170750977489e-02       2.386377971477e+04 
       1.183709683091e-02       2.393770226964e+04 
       1.196672154514e-02       2.400904532464e+04 
       1.209638362766e-02       2.407783906574e+04 
       1.222608282269e-02       2.414411839513e+04 
       1.235581890734e-02       2.420791257972e+04 
       1.248559169049e-02       2.426926372727e+04 
       1.261540101176e-02       2.432818885706e+04 
       1.274524674053e-02       2.438472943208e+04 
       1.287512877505e-02       2.443890842175e+04 
       1.300504704159e-02       2.449077713862e+04 
       1.313500149369e-02       2.454034237542e+04 
       1.326499211143e-02       2.458763440551e+04 
       1.339501890077e-02       2.463269758979e+04 
       1.352508189296e-02       2.467556080787e+04 
       1.365518114396e-02       2.471624303590e+04 
       1.378531673394e-02       2.475477196691e+04 
       1.391548876682e-02       2.479117926104e+04 
       1.404569736980e-02       2.482548377410e+04 
       1.417594269302e-02       2.485772846359e+04 
       1.430622490917e-02       2.488792780863e+04 
       1.443654421320e-02       2.491611856757e+04 
       1.456690082201e-02       2.494232076609e+04 
       1.469729497421e-02       2.496655109015e+04 
       1.482772692991e-02       2.498886303365e+04 
       1.495819697049e-02       2.500925346301e+04 
       1.508870539847e-02       2.502775880034e+04 
       1.521925253735e-02       2.504441552704e+04 
       1.534983873151e-02       2.505922947965e+04 
       1.548046434611e-02       2.507223905563e+04 
       1.561112976703e-02       2.508346804434e+04 
       1.574183540083e-02       2.509292493252e+04 
       1.587258167471e-02       2.510065818841e+04 
       1.600336903655e-02       2.510667063225e+04 
       1.613419795490e-02       2.511099888964e+04 
       1.626506891902e-02       2.511365699485e+04 
       1.639598243897e-02       2.511467988132e+04 
       1.652693904566e-02       2.511407927580e+04 
       1.665793929098e-02       2.511187734935e+04 
       1.678898374789e-02       2.510811134547e+04 
       1.692007301057e-02       2.510279390969e+04 
       1.705120769459e-02       2.509594199621e+04 
       1.718238843704e-02       2.508758672973e+04 
       1.731361589678e-02       2.507774351838e+04 
       1.744489075457e-02       2.506643243845e+04 
       1.757621371337e-02       2.505368612070e+04 
       1.770758549853e-02       2.503952807963e+04 
       1.783900685808e-02       2.502396788580e+04 
       1.797047856295e-02       2.500701273174e+04 
       1.810200140734e-02       2.498870545848e+04 
       1.823357620896e-02       2.496906304679e+04 
       1.836520380938e-02       2.494810237104e+04 
       1.849688507437e-02       2.492586206799e+04 
       1.862862089427e-02       2.490231406746e+04 
       1.876041218433e-02       2.487754392334e+04 
       1.889225988514e-02       2.485152025882e+04 
       1.902416496300e-02       2.482429660066e+04 
       1.915612841037e-02       2.479584698193e+04 
       1.928815124633e-02       2.476622906057e+04 
       1.942023451700e-02       2.473545013182e+04 
       1.955237929604e-02       2.470357183647e+04 
       1.968458668514e-02       2.467053238873e+04 
       1.981685781456e-02       2.463640630394e+04 
       1.994919384362e-02       2.460119451974e+04 
       2.008159596131e-02       2.456493586858e+04 
       2.021406538679e-02       2.452769207274e+04 
       2.034660337007e-02       2.448925037315e+04 
       2.047921119253e-02       2.444992617576e+04 
       2.061189016765e-02       2.440956919468e+04 
       2.074464164158e-02       2.436826135262e+04 
       2.087746699386e-02       2.432599001493e+04 
       2.101036763813e-02       2.428277967115e+04 
       2.114334502282e-02       2.423867959887e+04 
       2.127640063190e-02       2.419363721018e+04 
       2.140953598567e-02       2.414771434438e+04 
       2.154275264154e-02       2.410092131366e+04 
       2.167605219486e-02       2.405330159754e+04 
       2.180943627972e-02       2.400480218734e+04 
       2.194290656988e-02       2.395552376576e+04 
       2.207646477965e-02       2.390543348708e+04 
       2.221011266479e-02       2.385454315718e+04 
       2.234385202350e-02       2.380287954255e+04 
       2.247768469738e-02       2.375050233799e+04 
       2.261161257246e-02       2.369730826565e+04 
       2.274563758025e-02       2.364345068490e+04 
       2.287976169881e-02       2.358890604909e+04 
       2.301398695388e-02       2.353357899038e+04 
       2.314831542000e-02       2.347760815807e+04 
       2.328274922173e-02       2.342099224897e+04 
       2.341729053485e-02       2.336370199165e+04 
       2.355194158763e-02       2.330579131655e+04 
       2.368670466213e-02       2.324725072842e+04 
       2.382158209553e-02       2.318813609067e+04 
       2.395657628155e-02       2.312839880054e+04 
       2.409168967181e-02       2.306807114400e+04 
       2.422692477738e-02       2.300713015343e+04 
       2.436228417025e-02       2.294569909821e+04 
       2.449777048493e-02       2.288371697882e+04 
       2.463338642004e-02       2.282122283057e+04 
       2.476913474000e-02       2.275817050236e+04 
       2.490501827676e-02       2.269461213841e+04 
       2.504103993159e-02       2.263059858161e+04 
       2.517720267688e-02       2.256611741366e+04 
       2.531350955811e-02       2.250113619130e+04 
       2.544996369573e-02       2.243573639703e+04 
       2.558656828729e-02       2.236988713181e+04 
       2.572332660946e-02       2.230360734825e+04 
       2.586024202022e-02       2.223690303530e+04 
       2.599731796112e-02       2.216979835310e+04 
       2.613455795961e-02       2.210231827472e+04 
       2.627196563137e-02       2.203445603703e+04 
       2.640954468287e-02       2.196622271489e+04 
       2.654729891391e-02       2.189763689098e+04 
       2.668523222027e-02       2.182870513102e+04 
       2.682334859643e-02       2.175939672905e+04 
       2.696165213849e-02       2.168979619279e+04 
       2.710014704705e-02       2.161990569771e+04 
       2.723883763031e-02       2.154965225448e+04 
       2.737772830720e-02       2.147916999579e+04 
       2.751682361067e-02       2.140838255762e+04 
       2.765612819110e-02       2.133730110636e+04 
       2.779564681980e-02       2.126598626427e+04 
       2.793538439267e-02       2.119443696137e+04 
       2.807534593401e-02       2.112263786119e+04 
       2.821553660043e-02       2.105055052376e+04 
       2.835596168491e-02       2.097825638931e+04 
       2.849662662110e-02       2.090577929358e+04 
       2.863753698763e-02       2.083305353334e+04 
       2.877869851276e-02       2.076016164168e+04 
       2.892011707907e-02       2.068709609046e+04 
       2.906179872842e-02       2.061384696719e+04 
       2.920374966708e-02       2.054042268041e+04 
       2.934597627103e-02       2.046675164016e+04 
       2.948848509153e-02       2.039304947465e+04 
       2.963128286090e-02       2.031914426389e+04 
       2.977437649851e-02       2.024515619401e+04 
       2.991777311704e-02       2.017094764005e+04 
       3.006148002897e-02       2.009662203023e+04 
       3.020550475343e-02       2.002223044198e+04 
       3.034985502319e-02       1.994769506128e+04 
       3.049453879210e-02       1.987306347329e+04 
       3.063956424275e-02       1.979834528883e+04 
       3.078493979449e-02       1.972355133284e+04 
       3.093067411183e-02       1.964860989275e+04 
       3.107677611317e-02       1.957366187373e+04 
       3.122325497991e-02       1.949865626855e+04 
       3.137012016603e-02       1.942356596614e+04 
       3.151738140805e-02       1.934839296378e+04 
       3.166504873545e-02       1.927320252557e+04 
       3.181313248159e-02       1.919799663525e+04 
       3.196164329514e-02       1.912264111617e+04 
       3.211059215202e-02       1.904734356934e+04 
       3.225999036792e-02       1.897201393034e+04 
       3.240984961144e-02       1.889661181555e+04 
       3.256018191783e-02       1.882119721166e+04 
       3.271099970341e-02       1.874581638936e+04 
       3.286231578076e-02       1.867037976736e+04 
       3.301414337454e-02       1.859496152008e+04 
       3.316649613823e-02       1.851959149868e+04 
       3.331938817166e-02       1.844415530903e+04 
       3.347283403942e-02       1.836875751639e+04 
       3.362684879029e-02       1.829337629137e+04 
       3.378144797766e-02       1.821798015243e+04 
       3.393664768095e-02       1.814264218378e+04 
       3.409246452831e-02       1.806727922072e+04 
       3.424891572048e-02       1.799203002316e+04 
       3.440601905590e-02       1.791676614113e+04 
       3.456379295733e-02       1.784151300678e+04 
       3.472225649982e-02       1.776633659434e+04 
       3.488142944038e-02       1.769123216128e+04 
       3.504133224927e-02       1.761608661132e+04 
       3.520198614308e-02       1.754105062969e+04 
       3.536341311983e-02       1.746599905911e+04 
       3.552563599605e-02       1.739103119819e+04 
       3.568867844611e-02       1.731606414107e+04 
       3.585256504395e-02       1.724123021229e+04 
       3.601732130732e-02       1.716640149033e+04 
       3.618297374479e-02       1.709161322132e+04 
       3.634954990569e-02       1.701697569298e+04 
       3.651707843322e-02       1.694232694180e+04 
       3.668558912098e-02       1.686773925048e+04 
       3.685511297313e-02       1.679318313764e+04 
       3.702568226861e-02       1.671872358509e+04 
       3.719733062952e-02       1.664435312391e+04 
       3.737009309421e-02       1.656999850255e+04 
       3.754400619537e-02       1.649567833447e+04 
       3.771910804346e-02       1.642150105675e+04 
       3.789543841611e-02       1.634732451514e+04 
       3.807303885379e-02       1.627322989756e+04 
       3.825195276252e-02       1.619918382837e+04 
       3.843222552397e-02       1.612519334569e+04 
       3.861390461383e-02       1.605122395857e+04 
       3.879703972910e-02       1.597737161788e+04 
       3.898168292509e-02       1.590358923605e+04 
       3.916788876308e-02       1.582980389282e+04 
       3.935571446960e-02       1.575602091301e+04 
       3.954522010847e-02       1.568235724472e+04 
       3.973646876679e-02       1.560874509499e+04 
       3.992952675635e-02       1.553511702552e+04 
       4.012446383181e-02       1.546156512232e+04 
       4.032135342759e-02       1.538805108823e+04 
       4.052027291516e-02       1.531450533764e+04 
       4.072130388306e-02       1.524104350572e+04 
       4.092453244194e-02       1.516755066895e+04 
       4.113004955738e-02       1.509411054637e+04 
       4.133795141351e-02       1.502068536520e+04 
       4.154833981097e-02       1.494725674993e+04 
       4.176132260299e-02       1.487381631991e+04 
       4.197701417411e-02       1.480037198021e+04 
       4.219553596650e-02       1.472686543636e+04 
       4.241701705970e-02       1.465336249685e+04 
       4.264159481021e-02       1.457985491027e+04 
       4.286941555851e-02       1.450624338995e+04 
       4.310063541199e-02       1.443258289841e+04 
       4.333542111372e-02       1.435892239722e+04 
       4.357395100844e-02       1.428515965303e+04 
       4.381641611875e-02       1.421129265290e+04 
       4.406302134695e-02       1.413739370089e+04 
       4.431398681999e-02       1.406331836085e+04 
       4.456954939825e-02       1.398907238178e+04 
       4.482996437220e-02       1.391479274310e+04 
       4.509550737516e-02       1.384037374389e+04 
       4.536647654544e-02       1.376571514198e+04 
       4.564319497688e-02       1.369083059386e+04 
       4.592601350450e-02       1.361579442105e+04 
       4.621531388011e-02       1.354048393827e+04 
       4.651151240394e-02       1.346494761366e+04 
       4.681506409098e-02       1.338912721077e+04 
       4.712646746670e-02       1.331298920447e+04 
       4.744627010661e-02       1.323649809718e+04 
       4.777507505807e-02       1.315965252795e+04 
       4.811354831283e-02       1.308240410326e+04 
       4.846242753655e-02       1.300467926462e+04 
       4.882253230784e-02       1.292647456175e+04 
       4.919477617869e-02       1.284772285903e+04 
       4.958018094206e-02       1.276841989950e+04 
       4.997989358646e-02       1.268843443572e+04 
       5.039520653656e-02       1.260769872587e+04 
       5.082758193052e-02       1.252614860875e+04 
       5.127868087841e-02       1.244377682375e+04 
       5.175039889220e-02       1.236039873572e+04 
       5.224490899186e-02       1.227583976437e+04 
       5.276471438835e-02       1.219009779246e+04 
       5.331271314124e-02       1.210293554532e+04 
       5.389227779858e-02       1.201412746469e+04 
       5.450735375134e-02       1.192347523106e+04 
       5.516258084341e-02       1.183065808667e+04 
       5.586344356648e-02       1.173531118322e+04 
       5.661645568257e-02       1.163695103593e+04 
       5.742938479099e-02       1.153496036911e+04 
       5.831152003405e-02       1.142853289473e+04 
       5.927397956074e-02       1.131663770092e+04 
       6.033003937921e-02       1.119780806960e+04 
       6.149543474631e-02       1.107010045229e+04 
       6.278852878445e-02       1.093085346481e+04 
       6.423014958840e-02       1.077643759293e+04 
       6.584276867874e-02       1.060207734190e+04 
       6.764858173465e-02       1.040158348444e+04 
       6.966611912298e-02       1.016759211845e+04 
       7.190554592442e-02       9.892521794877e+03 
       7.436396968986e-02       9.570324768710e+03 
       7.702325083283e-02       9.199119355979e+03 
       7.985243865781e-02       8.783467610240e+03 
       8.281429860899e-02       8.334957983861e+03 
       8.587264809267e-02       7.870627544919e+03 
       8.899727217926e-02       7.409860539945e+03 
       9.216553170517e-02       6.971088358516e+03 
       9.536169094826e-02       6.569307997793e+03 
       9.857534713773e-02       6.214774197163e+03 
       1.017998424097e-01       5.912494945603e+03 
       1.050310020462e-01       5.662802635951e+03 
       1.082662414302e-01       5.462016502414e+03 
       1.115039728025e-01       5.303388790701e+03 
       1.147432253408e-01       5.178046879061e+03 
       1.179834070588e-01       5.075926732232e+03 
       1.212241575033e-01       4.986649036703e+03 
       1.244652573285e-01       4.900411219182e+03 
       1.277065730443e-01       4.808873322815e+03 
       1.309480233533e-01       4.705845964590e+03 
       1.341895586729e-01       4.587798278403e+03 
       1.374311486923e-01       4.454015556593e+03 
       1.406727748145e-01       4.306366685485e+03 
       1.439144255678e-01       4.148760281889e+03 
       1.471560938185e-01       3.986406249606e+03 
       1.503977750797e-01       3.825006655049e+03 
       1.536394664825e-01       3.669975193774e+03 
       1.568811661514e-01       3.525902470246e+03 
       1.601228728239e-01       3.396140104351e+03 
       1.633645856194e-01       3.282646431989e+03 
       1.666063038970e-01       3.185974718158e+03 
       1.698480271696e-01       3.105401179063e+03 
       1.730897550503e-01       3.039147978987e+03 
       1.763314872195e-01       2.984638280333e+03 
       1.795732234046e-01       2.938784569812e+03 
       1.828149633667e-01       2.898292038137e+03 
       1.860567068924e-01       2.860412925143e+03 
       1.892984537886e-01       2.821994978348e+03 
       1.925402038783e-01       2.780382455802e+03 
       1.957819569984e-01       2.733961057447e+03 
       1.990237129976e-01       2.682011229085e+03 
       2.022654717353e-01       2.624728588675e+03 
       2.055072330802e-01       2.563066962105e+03 
       2.087489969093e-01       2.498561965236e+03 
       2.119907631076e-01       2.433005407073e+03 
       2.152325315672e-01       2.368232832974e+03 
       2.184743021864e-01       2.305885423277e+03 
       2.217160748698e-01       2.247293127014e+03 
       2.249578495276e-01       2.193401721298e+03 
       2.281996260749e-01       2.144770176431e+03 
       2.314414044318e-01       2.101570050219e+03 
       2.346831845228e-01       2.063611609197e+03 
       2.379249662765e-01       2.030380405070e+03 
       2.411667496254e-01       2.001096216327e+03 
       2.444085345056e-01       1.974790348674e+03 
       2.476503208566e-01       1.950409430650e+03 
       2.508921086210e-01       1.926921956261e+03 
       2.541338977443e-01       1.903417619891e+03 
       2.573756881750e-01       1.879182455131e+03 
       2.606174798639e-01       1.853740882320e+03 
       2.638592727644e-01       1.826863013294e+03 
       2.671010668321e-01       1.798554665579e+03 
       2.703428620247e-01       1.769026703276e+03 
       2.735846583020e-01       1.738656349791e+03 
       2.768264556257e-01       1.707936874210e+03 
       2.800682539592e-01       1.677419940649e+03 
       2.833100532677e-01       1.647655526212e+03 
       2.865518535180e-01       1.619132973237e+03 
       2.897936546781e-01       1.592213984943e+03 
       2.930354567179e-01       1.567125326620e+03 
       2.962772596081e-01       1.543935672587e+03 
       2.995190633211e-01       1.522576163991e+03 
       3.027608678304e-01       1.502876988489e+03 
       3.060026731103e-01       1.484590486870e+03 
       3.092444791367e-01       1.467424746564e+03 
       3.124862858861e-01       1.451073672988e+03 
       3.157280933362e-01       1.435233143970e+03 
       3.189699014655e-01       1.419622231409e+03 
       3.222117102533e-01       1.404002202543e+03 
       3.254535196800e-01       1.388199240921e+03 
       3.286953297264e-01       1.372111207100e+03 
       3.319371403745e-01       1.355721465790e+03 
       3.351789516065e-01       1.339082375454e+03 
       3.384207634058e-01       1.322302562805e+03 
       3.416625757559e-01       1.305525823916e+03 
       3.449043886414e-01       1.288910642068e+03 
       3.481462020472e-01       1.272596614623e+03 
       3.513880159589e-01       1.256716008406e+03 
       3.546298303625e-01       1.241376912654e+03 
       3.578716452445e-01       1.226652971305e+03 
       3.611134605921e-01       1.212589086955e+03 
       3.643552763927e-01       1.199193650112e+03 
       3.675970926344e-01       1.186433422300e+03 
       3.708389093054e-01       1.174246740708e+03 
       3.740807263947e-01       1.162540835358e+03 
       3.773225438913e-01       1.151216276794e+03 
       3.805643617848e-01       1.140169114415e+03 
       3.838061800651e-01       1.129310907581e+03 
       3.870479987225e-01       1.118573156800e+03 
       3.902898177475e-01       1.107907736147e+03 
       3.935316371310e-01       1.097282669824e+03 
       3.967734568642e-01       1.086684539114e+03 
       4.000152769384e-01       1.076115354817e+03 
       4.032570973456e-01       1.065588809228e+03 
       4.064989180777e-01       1.055135179611e+03 
       4.097407391268e-01       1.044788452265e+03 
       4.129825604857e-01       1.034592117887e+03 
       4.162243821469e-01       1.024585452074e+03 
       4.194662041034e-01       1.014801126919e+03 
       4.227080263484e-01       1.005262188606e+03 
       4.259498488754e-01       9.959734876150e+02 
       4.291916716779e-01       9.869380242624e+02 
       4.324334947496e-01       9.781456278638e+02 
       4.356753180846e-01       9.695885251319e+02 
       4.389171416769e-01       9.612486068761e+02 
       4.421589655210e-01       9.531085376338e+02 
       4.454007896112e-01       9.451462932246e+02 
       4.486426139423e-01       9.373378588888e+02 
       4.518844385090e-01       9.296559934179e+02 
       4.551262633063e-01       9.220769769316e+02 
       4.583680883293e-01       9.145820364812e+02 
       4.616099135731e-01       9.071593915137e+02 
       4.648517390333e-01       8.998074524142e+02 
       4.680935647051e-01       8.925236173611e+02 
       4.713353905844e-01       8.853139073997e+02 
       4.745772166667e-01       8.781832619622e+02 
       4.778190429480e-01       8.711376554630e+02 
       4.810608694242e-01       8.641858596346e+02 
       4.843026960914e-01       8.573354233512e+02 
       4.875445229458e-01       8.505962854979e+02 
       4.907863499836e-01       8.439778432119e+02 
       4.940281772013e-01       8.374853938826e+02 
       4.972700045952e-01       8.311204112947e+02 
       5.005118321620e-01       8.248804229910e+02 
       5.037536598984e-01       8.187597510768e+02 
       5.069954878009e-01       8.127478867102e+02 
       5.102373158666e-01       8.068353347442e+02 
       5.134791440922e-01       8.010125587753e+02 
       5.167209724748e-01       7.952728237461e+02 
       5.199628010113e-01       7.896101133929e+02 
       5.232046296990e-01       7.840192293776e+02 
       5.264464585351e-01       7.784932589110e+02 
       5.492071958891e-01       7.413873860219e+02 
       5.742010144141e-01       7.044026530316e+02 
       6.020209165311e-01       6.673446488914e+02 
       6.335382652336e-01       6.294655895903e+02 
       6.700981686750e-01       5.903822348809e+02 
       7.139073495583e-01       5.491066385279e+02 
       7.688667062264e-01       5.043415599834e+02 
       8.424968425853e-01       4.539492883227e+02 
       9.504405952575e-01       3.947837329583e+02 
       1.123509784719e+00       3.245027391078e+02 
       1.392951927427e+00       2.505051192580e+02 
       1.752207397697e+00       1.869529877122e+02 
       2.205878723637e+00       1.357327451535e+02 
       2.777036729642e+00       9.544523324624e+01 
       3.496082108416e+00       6.501795456343e+01 
       4.401306608003e+00       4.305642715462e+01 
       5.540916733913e+00       2.785342759600e+01 
       6.975600880958e+00       1.769593141106e+01 
       8.781761211572e+00       1.110143289782e+01 
       1.105558234956e+01       6.914699164751e+00 
       1.391815356204e+01       4.300858041522e+00 
