# Matter power spectrum P(k) at redshift z=0
# for k=1.06508e-05 to 13.8882 h/Mpc,
# number of wavenumbers equal to 547
#    1:k (h/Mpc)              2:P (Mpc/h)^3        
       1.065075777632e-05       4.997837710555e+01 
       2.383390895391e-05       1.082928749197e+02 
       3.706549339276e-05       1.654609337340e+02 
       5.038280559806e-05       2.221590780619e+02 
       6.382378480318e-05       2.787668719487e+02 
       7.742736925766e-05       3.355658412399e+02 
       9.123386234085e-05       3.927950318521e+02 
       1.052853155829e-04       4.506736764532e+02 
       1.196259337126e-04       5.094128102875e+02 
       1.343025068858e-04       5.692222669715e+02 
       1.493648752438e-04       6.303155333072e+02 
       1.648664308563e-04       6.929135213626e+02 
       1.808646618507e-04       7.572477720749e+02 
       1.974217430151e-04       8.235633938627e+02 
       2.146051762686e-04       8.921218725992e+02 
       2.324884829316e-04       9.632038333474e+02 
       2.511519474826e-04       1.037111822065e+03 
       2.706834091616e-04       1.114173075804e+03 
       2.911790930078e-04       1.194742305679e+03 
       3.127444652716e-04       1.279204359234e+03 
       3.354950891264e-04       1.367976756902e+03 
       3.595574447234e-04       1.461511837176e+03 
       3.850696624608e-04       1.560298409565e+03 
       4.121820996742e-04       1.664862530437e+03 
       4.410576690825e-04       1.775767126868e+03 
       4.718718033324e-04       1.893609959457e+03 
       5.048119162551e-04       2.019019451674e+03 
       5.400762021203e-04       2.152647794861e+03 
       5.778716055487e-04       2.295160792184e+03 
       6.184108052896e-04       2.447223943208e+03 
       6.619080946078e-04       2.609484533454e+03 
       7.085741186910e-04       2.782549739217e+03 
       7.586095501566e-04       2.966961380166e+03 
       8.121979432445e-04       3.163168449489e+03 
       8.694981879248e-04       3.371499315095e+03 
       9.306371538854e-04       3.592135967020e+03 
       9.957032268412e-04       3.825093029821e+03 
       1.064741451469e-03       4.070204290043e+03 
       1.137750878799e-03       4.327118673684e+03 
       1.214684475473e-03       4.595306810228e+03 
       1.295451629927e-03       4.874077751322e+03 
       1.379922956384e-03       5.162602947494e+03 
       1.467936826604e-03       5.459912294493e+03 
       1.559306906459e-03       5.765039057823e+03 
       1.653829957241e-03       6.076942337227e+03 
       1.751293260662e-03       6.394574181724e+03 
       1.851481198013e-03       6.716905582024e+03 
       1.954180708499e-03       7.042947164865e+03 
       2.059185529334e-03       7.371764339550e+03 
       2.166299257093e-03       7.702487732065e+03 
       2.275337358825e-03       8.034318832331e+03 
       2.386128306660e-03       8.366532594736e+03 
       2.498514021281e-03       8.698476595125e+03 
       2.612349799052e-03       9.029568219173e+03 
       2.727503874842e-03       9.359290606748e+03 
       2.843856745152e-03       9.687189353575e+03 
       2.961300348737e-03       1.001286523870e+04 
       3.079737177420e-03       1.033597065020e+04 
       3.199079369168e-03       1.065620325862e+04 
       3.319247819066e-03       1.097330327567e+04 
       3.440171331234e-03       1.128704654596e+04 
       3.561785825407e-03       1.159724019848e+04 
       3.684033605163e-03       1.190372086174e+04 
       3.806862690172e-03       1.220635257920e+04 
       3.930226211718e-03       1.250501841385e+04 
       4.054081868781e-03       1.279962478648e+04 
       4.178391440813e-03       1.309009126523e+04 
       4.303120352737e-03       1.337635766661e+04 
       4.428237287501e-03       1.365837250762e+04 
       4.553713841556e-03       1.393610142964e+04 
       4.679524218828e-03       1.420951333446e+04 
       4.805644959028e-03       1.447859258141e+04 
       4.932054696512e-03       1.474332400429e+04 
       5.058733946209e-03       1.500370603637e+04 
       5.185664913523e-03       1.525975958667e+04 
       5.312831325416e-03       1.545587579216e+04 
       5.440218280205e-03       1.570108394737e+04 
       5.567812113883e-03       1.594196427993e+04 
       5.695600281020e-03       1.617853545758e+04 
       5.823571248546e-03       1.641082312605e+04 
       5.951714400924e-03       1.663885591264e+04 
       6.080019955365e-03       1.686265653774e+04 
       6.208478885955e-03       1.708226561392e+04 
       6.337082855659e-03       1.729771059648e+04 
       6.465824155304e-03       1.750902282939e+04 
       6.594695648762e-03       1.771624742062e+04 
       6.723690723632e-03       1.791941242019e+04 
       6.852803246819e-03       1.811855433103e+04 
       6.982027524466e-03       1.831372315026e+04 
       7.111358265768e-03       1.850494890748e+04 
       7.240790550254e-03       1.869226965329e+04 
       7.370319798161e-03       1.887573678868e+04 
       7.499941743580e-03       1.905537618827e+04 
       7.629652410084e-03       1.923123161230e+04 
       7.759448088578e-03       1.940335539945e+04 
       7.889325317149e-03       1.957178049964e+04 
       8.019280862719e-03       1.973655403249e+04 
       8.149311704302e-03       1.989769836735e+04 
       8.279415017732e-03       2.005527584857e+04 
       8.409588161704e-03       2.020931119561e+04 
       8.539828664997e-03       2.035984737806e+04 
       8.670134214783e-03       2.050694434370e+04 
       8.800502645906e-03       2.065062659407e+04 
       8.930931931041e-03       2.079093651104e+04 
       9.061420171661e-03       2.092790455863e+04 
       9.191965589732e-03       2.106158171059e+04 
       9.322566520068e-03       2.119200721005e+04 
       9.453221403296e-03       2.131921499710e+04 
       9.583928779364e-03       2.144324535780e+04 
       9.714687281564e-03       2.156413611830e+04 
       9.845495631002e-03       2.168192707558e+04 
       9.976352631501e-03       2.179664391945e+04 
       1.010725716488e-02       2.190833766871e+04 
       1.023820818658e-02       2.201703309526e+04 
       1.036920472166e-02       2.212277589311e+04 
       1.050024586100e-02       2.222559513677e+04 
       1.063133075788e-02       2.232552848868e+04 
       1.076245862474e-02       2.242261184452e+04 
       1.089362873022e-02       2.251687347564e+04 
       1.102484039635e-02       2.260835064867e+04 
       1.115609299603e-02       2.269708713079e+04 
       1.128738595060e-02       2.278311380322e+04 
       1.141871872764e-02       2.286644901194e+04 
       1.155009083891e-02       2.294714843941e+04 
       1.168150183844e-02       2.302523306924e+04 
       1.181295132071e-02       2.310072764377e+04 
       1.194443891906e-02       2.317367932991e+04 
       1.207596430409e-02       2.324412084311e+04 
       1.220752718224e-02       2.331206917747e+04 
       1.233912729449e-02       2.337757016317e+04 
       1.247076441510e-02       2.344064632964e+04 
       1.260243835044e-02       2.350133220884e+04 
       1.273414893798e-02       2.355966383194e+04 
       1.286589604525e-02       2.361565561263e+04 
       1.299767956892e-02       2.366935342131e+04 
       1.312949943401e-02       2.372077844085e+04 
       1.326135559301e-02       2.376997546083e+04 
       1.339324802523e-02       2.381695225557e+04 
       1.352517673610e-02       2.386174903882e+04 
       1.365714175652e-02       2.390440001870e+04 
       1.378914314235e-02       2.394492149929e+04 
       1.392118097382e-02       2.398334420297e+04 
       1.405325535510e-02       2.401970007958e+04 
       1.418536641385e-02       2.405401126330e+04 
       1.431751430080e-02       2.408630505505e+04 
       1.444969918941e-02       2.411661018589e+04 
       1.458192127555e-02       2.414495201248e+04 
       1.471418077719e-02       2.417135483513e+04 
       1.484647793415e-02       2.419583248711e+04 
       1.497881300786e-02       2.421843418080e+04 
       1.511118628119e-02       2.423917213330e+04 
       1.524359805825e-02       2.425806713806e+04 
       1.537604866426e-02       2.427515823197e+04 
       1.550853844544e-02       2.429045543224e+04 
       1.564106776889e-02       2.430398757757e+04 
       1.577363702256e-02       2.431577892178e+04 
       1.590624661516e-02       2.432585400853e+04 
       1.603889697619e-02       2.433423906235e+04 
       1.617158855587e-02       2.434094581817e+04 
       1.630432182523e-02       2.434601302718e+04 
       1.643709727611e-02       2.434945102013e+04 
       1.656991542124e-02       2.435129156084e+04 
       1.670277679428e-02       2.435153962947e+04 
       1.683568194998e-02       2.435024808370e+04 
       1.696863146424e-02       2.434741591809e+04 
       1.710162593430e-02       2.434307225115e+04 
       1.723466597882e-02       2.433722441555e+04 
       1.736775223814e-02       2.432992225036e+04 
       1.750088537439e-02       2.432115747833e+04 
       1.763406607176e-02       2.431096955240e+04 
       1.776729503666e-02       2.429937981615e+04 
       1.790057299802e-02       2.428639404178e+04 
       1.803390070751e-02       2.427205493879e+04 
       1.816727893982e-02       2.425635690361e+04 
       1.830070849296e-02       2.423934957798e+04 
       1.843419018856e-02       2.422101801873e+04 
       1.856772487219e-02       2.420140693811e+04 
       1.870131341371e-02       2.418054590489e+04 
       1.883495670761e-02       2.415843511035e+04 
       1.896865567343e-02       2.413509953699e+04 
       1.910241125609e-02       2.411053268172e+04 
       1.923622442634e-02       2.408481470009e+04 
       1.937009618117e-02       2.405789298174e+04 
       1.950402754426e-02       2.402984398204e+04 
       1.963801956644e-02       2.400067822611e+04 
       1.977207332617e-02       2.397036072773e+04 
       1.990618993003e-02       2.393896958609e+04 
       2.004037051325e-02       2.390649838552e+04 
       2.017461624023e-02       2.387296657297e+04 
       2.030892830511e-02       2.383842928586e+04 
       2.044330793233e-02       2.380284142069e+04 
       2.057775637724e-02       2.376627785067e+04 
       2.071227492668e-02       2.372868739477e+04 
       2.084686489966e-02       2.369016492588e+04 
       2.098152764799e-02       2.365066689453e+04 
       2.111626455695e-02       2.361025548063e+04 
       2.125107704602e-02       2.356890366423e+04 
       2.138596656956e-02       2.352669931883e+04 
       2.152093461759e-02       2.348357108565e+04 
       2.165598271657e-02       2.343958237509e+04 
       2.179111243013e-02       2.339475540460e+04 
       2.192632535998e-02       2.334906838196e+04 
       2.206162314667e-02       2.330260216352e+04 
       2.219700747052e-02       2.325530613799e+04 
       2.233248005250e-02       2.320725597760e+04 
       2.246804265514e-02       2.315838778644e+04 
       2.260369708351e-02       2.310878651165e+04 
       2.273944518622e-02       2.305845190695e+04 
       2.287528885639e-02       2.300741909521e+04 
       2.301123003273e-02       2.295559438713e+04 
       2.314727070061e-02       2.290313836625e+04 
       2.328341289321e-02       2.284990483949e+04 
       2.341965869259e-02       2.279619637379e+04 
       2.355601023097e-02       2.274173319972e+04 
       2.369246969188e-02       2.268661418116e+04 
       2.382903931147e-02       2.263088723543e+04 
       2.396572137978e-02       2.257452884249e+04 
       2.410251824208e-02       2.251765803649e+04 
       2.423943230029e-02       2.246012355105e+04 
       2.437646601437e-02       2.240201763023e+04 
       2.451362190380e-02       2.234337837121e+04 
       2.465090254912e-02       2.228420820035e+04 
       2.478831059347e-02       2.222449848685e+04 
       2.492584874425e-02       2.216422434575e+04 
       2.506351977474e-02       2.210351661163e+04 
       2.520132652586e-02       2.204226566769e+04 
       2.533927190796e-02       2.198061790144e+04 
       2.547735890262e-02       2.191839644979e+04 
       2.561559056458e-02       2.185577505221e+04 
       2.575397002372e-02       2.179265947324e+04 
       2.589250048705e-02       2.172916926336e+04 
       2.603118524081e-02       2.166525617343e+04 
       2.617002765266e-02       2.160088428415e+04 
       2.630903117393e-02       2.153617571491e+04 
       2.644819934189e-02       2.147103117819e+04 
       2.658753578216e-02       2.140557131905e+04 
       2.672704421123e-02       2.133971858269e+04 
       2.686672843895e-02       2.127349243571e+04 
       2.700659237126e-02       2.120695408375e+04 
       2.714664001286e-02       2.114008587155e+04 
       2.728687547009e-02       2.107292887741e+04 
       2.742730295388e-02       2.100540456232e+04 
       2.756792678278e-02       2.093758883256e+04 
       2.770875138609e-02       2.086948727585e+04 
       2.784978130718e-02       2.080113246169e+04 
       2.799102120685e-02       2.073247275489e+04 
       2.813247586684e-02       2.066360515482e+04 
       2.827415019348e-02       2.059443407843e+04 
       2.841604922146e-02       2.052507138435e+04 
       2.855817811776e-02       2.045544325728e+04 
       2.870054218570e-02       2.038561828012e+04 
       2.884314686916e-02       2.031556876307e+04 
       2.898599775700e-02       2.024528803876e+04 
       2.912910058753e-02       2.017481249661e+04 
       2.927246125333e-02       2.010416645969e+04 
       2.941608580610e-02       2.003340961941e+04 
       2.955998046178e-02       1.996243882360e+04 
       2.970415160586e-02       1.989122689777e+04 
       2.984860579890e-02       1.981995122204e+04 
       2.999334978229e-02       1.974851151235e+04 
       3.013839048420e-02       1.967694861414e+04 
       3.028373502580e-02       1.960524383216e+04 
       3.042939072778e-02       1.953335806905e+04 
       3.057536511706e-02       1.946143114752e+04 
       3.072166593384e-02       1.938934204847e+04 
       3.086830113892e-02       1.931715092396e+04 
       3.101527892137e-02       1.924491875916e+04 
       3.116260770647e-02       1.917253352984e+04 
       3.131029616408e-02       1.910007238648e+04 
       3.145835321727e-02       1.902759544562e+04 
       3.160678805145e-02       1.895495325052e+04 
       3.175561012379e-02       1.888231352776e+04 
       3.190482917319e-02       1.880959056541e+04 
       3.205445523057e-02       1.873687454168e+04 
       3.220449862975e-02       1.866405704895e+04 
       3.235497001876e-02       1.859116940387e+04 
       3.250588037170e-02       1.851824984350e+04 
       3.265724100118e-02       1.844539392905e+04 
       3.280906357133e-02       1.837246517481e+04 
       3.296136011142e-02       1.829945958485e+04 
       3.311414303018e-02       1.822648919167e+04 
       3.326742513083e-02       1.815353176803e+04 
       3.342121962677e-02       1.808050174323e+04 
       3.357554015817e-02       1.800748609613e+04 
       3.373040080931e-02       1.793448073460e+04 
       3.388581612686e-02       1.786153726570e+04 
       3.404180113906e-02       1.778851029058e+04 
       3.419837137594e-02       1.771557566849e+04 
       3.435554289054e-02       1.764267111480e+04 
       3.451333228138e-02       1.756968653996e+04 
       3.467175671598e-02       1.749682318719e+04 
       3.483083395580e-02       1.742393735055e+04 
       3.499058238243e-02       1.735107287352e+04 
       3.515102102534e-02       1.727827502207e+04 
       3.531216959111e-02       1.720547854646e+04 
       3.547404849437e-02       1.713276509517e+04 
       3.563667889047e-02       1.706003728089e+04 
       3.580008271010e-02       1.698744567995e+04 
       3.596428269585e-02       1.691484125475e+04 
       3.612930244110e-02       1.684227052804e+04 
       3.629516643106e-02       1.676977600617e+04 
       3.646190008646e-02       1.669730427645e+04 
       3.662952980981e-02       1.662494165053e+04 
       3.679808303466e-02       1.655262470618e+04 
       3.696758827783e-02       1.648029474514e+04 
       3.713807519510e-02       1.640808642108e+04 
       3.730957464043e-02       1.633588508815e+04 
       3.748211872905e-02       1.626377787788e+04 
       3.765574090477e-02       1.619173047001e+04 
       3.783047601179e-02       1.611969690748e+04 
       3.800636037138e-02       1.604777153630e+04 
       3.818343186390e-02       1.597590506165e+04 
       3.836173001644e-02       1.590404651885e+04 
       3.854129609683e-02       1.583229570576e+04 
       3.872217321424e-02       1.576056158580e+04 
       3.890440642718e-02       1.568890142827e+04 
       3.908804285950e-02       1.561727588375e+04 
       3.927313182498e-02       1.554573440954e+04 
       3.945972496150e-02       1.547425266567e+04 
       3.964787637546e-02       1.540274783446e+04 
       3.983764279757e-02       1.533133528270e+04 
       4.002908375094e-02       1.526000934331e+04 
       4.022226173283e-02       1.518866656908e+04 
       4.041724241112e-02       1.511736534779e+04 
       4.061409483736e-02       1.504609611760e+04 
       4.081289167757e-02       1.497496888397e+04 
       4.101370946308e-02       1.490371592886e+04 
       4.121662886312e-02       1.483254128797e+04 
       4.142173498174e-02       1.476137011925e+04 
       4.162911768138e-02       1.469028357207e+04 
       4.183887193635e-02       1.461915340465e+04 
       4.205109821918e-02       1.454802363678e+04 
       4.226590292379e-02       1.447689305664e+04 
       4.248339882967e-02       1.440578204368e+04 
       4.270370561177e-02       1.433462300447e+04 
       4.292695040168e-02       1.426343565876e+04 
       4.315326840623e-02       1.419225968470e+04 
       4.338280359065e-02       1.412100012418e+04 
       4.361570943449e-02       1.404973548935e+04 
       4.385214976944e-02       1.397839617584e+04 
       4.409229971014e-02       1.390698018107e+04 
       4.433634669007e-02       1.383550610313e+04 
       4.458449161709e-02       1.376391061600e+04 
       4.483695016521e-02       1.369224350394e+04 
       4.509395422205e-02       1.362047043183e+04 
       4.535575351457e-02       1.354856269161e+04 
       4.562261743960e-02       1.347644165578e+04 
       4.589483713039e-02       1.340425031798e+04 
       4.617272779565e-02       1.333181148612e+04 
       4.645663137475e-02       1.325919785462e+04 
       4.674691956026e-02       1.318636030231e+04 
       4.704399724927e-02       1.311332171761e+04 
       4.734830649666e-02       1.304001849630e+04 
       4.766033105826e-02       1.296639062469e+04 
       4.798060162952e-02       1.289247495736e+04 
       4.830970190793e-02       1.281817792698e+04 
       4.864827563445e-02       1.274352017832e+04 
       4.899703480349e-02       1.266844811045e+04 
       4.935676927368e-02       1.259290571996e+04 
       4.972835806487e-02       1.251686044779e+04 
       5.011278269432e-02       1.244027160799e+04 
       5.051114298975e-02       1.236305221145e+04 
       5.092467592487e-02       1.228517307320e+04 
       5.135477815970e-02       1.220655024508e+04 
       5.180303314282e-02       1.212711113869e+04 
       5.227124385462e-02       1.204675927916e+04 
       5.276147255433e-02       1.196537044210e+04 
       5.327608925282e-02       1.188281541954e+04 
       5.381783108583e-02       1.179900079114e+04 
       5.438987532444e-02       1.171371460094e+04 
       5.499592943963e-02       1.162670052389e+04 
       5.564034242413e-02       1.153773625037e+04 
       5.632824240501e-02       1.144650988986e+04 
       5.706570628394e-02       1.135257169965e+04 
       5.785996732437e-02       1.125544721646e+04 
       5.871966543229e-02       1.115438329312e+04 
       5.965514068241e-02       1.104854578377e+04 
       6.067876026104e-02       1.093670602869e+04 
       6.180524681089e-02       1.081718409379e+04 
       6.305193315897e-02       1.068782936134e+04 
       6.443879288514e-02       1.054554949402e+04 
       6.598798091912e-02       1.038634107952e+04 
       6.772248465903e-02       1.020479067545e+04 
       6.966343596913e-02       9.994329536386e+03 
       7.182590588938e-02       9.747498319094e+03 
       7.421388230356e-02       9.457457438361e+03 
       7.681646790685e-02       9.120116987674e+03 
       7.960793469521e-02       8.736686881350e+03 
       8.255262048787e-02       8.315192518259e+03 
       8.561246872453e-02       7.869928660224e+03 
       8.875348664798e-02       7.418999072215e+03 
       9.194895657272e-02       6.981091014431e+03 
       9.517968917357e-02       6.572592374597e+03 
       9.843272081661e-02       6.205756134985e+03 
       1.016996385646e-01       5.887831480442e+03 
       1.049751209648e-01       5.621285821712e+03 
       1.082558556281e-01       5.404337064497e+03 
       1.115398010282e-01       5.231703612014e+03 
       1.148257064495e-01       5.095658668676e+03 
       1.181128083863e-01       4.986890392804e+03 
       1.214006416912e-01       4.895362346582e+03 
       1.246889232649e-01       4.811179723116e+03 
       1.279774808490e-01       4.725495208250e+03 
       1.312662095883e-01       4.631205626273e+03 
       1.345550455913e-01       4.523628309126e+03 
       1.378439498563e-01       4.400775094505e+03 
       1.411328985066e-01       4.263310402766e+03 
       1.444218768619e-01       4.114176120413e+03 
       1.477108758373e-01       3.957932671273e+03 
       1.509998897575e-01       3.799973933817e+03 
       1.542889150289e-01       3.645787895388e+03 
       1.575779493330e-01       3.500259305579e+03 
       1.608669911355e-01       3.367250028200e+03 
       1.641560393879e-01       3.249310178614e+03 
       1.674450933451e-01       3.147612928288e+03 
       1.707341524545e-01       3.062019642134e+03 
       1.740232162875e-01       2.991259879780e+03 
       1.773122844973e-01       2.933160655754e+03 
       1.806013567932e-01       2.884925055901e+03 
       1.838904329237e-01       2.843409692638e+03 
       1.871795126668e-01       2.805513615038e+03 
       1.904685958224e-01       2.768755205683e+03 
       1.937576822086e-01       2.729906603001e+03 
       1.970467716582e-01       2.687026941981e+03 
       2.003358640164e-01       2.638992790287e+03 
       2.036249591398e-01       2.585589439431e+03 
       2.069140568945e-01       2.527425637317e+03 
       2.102031571554e-01       2.465747595752e+03 
       2.134922598056e-01       2.402215076788e+03 
       2.167813647351e-01       2.338625541669e+03 
       2.200704718410e-01       2.276682421316e+03 
       2.233595810263e-01       2.217821230308e+03 
       2.266486921998e-01       2.163154088060e+03 
       2.299378052755e-01       2.113382735708e+03 
       2.332269201724e-01       2.068854900985e+03 
       2.365160368140e-01       2.029537805435e+03 
       2.398051551279e-01       1.995078869933e+03 
       2.430942750459e-01       1.964831363667e+03 
       2.463833965032e-01       1.937931056472e+03 
       2.496725194387e-01       1.913381031129e+03 
       2.529616437943e-01       1.890157227331e+03 
       2.562507695149e-01       1.867312817131e+03 
       2.595398965484e-01       1.844056844708e+03 
       2.628290248452e-01       1.819815040037e+03 
       2.661181543580e-01       1.794261506238e+03 
       2.694072850422e-01       1.767292148535e+03 
       2.726964168550e-01       1.739027547881e+03 
       2.759855497560e-01       1.709763467764e+03 
       2.792746837063e-01       1.679931439646e+03 
       2.825638186692e-01       1.650046733166e+03 
       2.858529546095e-01       1.620653955318e+03 
       2.891420914937e-01       1.592254303060e+03 
       2.924312292897e-01       1.565265586123e+03 
       2.957203679669e-01       1.539970407986e+03 
       2.990095074961e-01       1.516507231407e+03 
       3.022986478494e-01       1.494863855927e+03 
       3.055877889999e-01       1.474920835598e+03 
       3.088769309222e-01       1.456465347350e+03 
       3.121660735916e-01       1.439230709191e+03 
       3.154552169846e-01       1.422926638581e+03 
       3.187443610788e-01       1.407250595757e+03 
       3.220335058526e-01       1.391921929063e+03 
       3.253226512852e-01       1.376685619239e+03 
       3.286117973568e-01       1.361345620667e+03 
       3.319009440483e-01       1.345768857177e+03 
       3.351900913413e-01       1.329900103410e+03 
       3.384792392182e-01       1.313760528045e+03 
       3.417683876620e-01       1.297432463211e+03 
       3.450575366566e-01       1.281047789432e+03 
       3.483466861862e-01       1.264747159208e+03 
       3.516358362357e-01       1.248680796832e+03 
       3.549249867906e-01       1.232983122972e+03 
       3.582141378369e-01       1.217766053379e+03 
       3.615032893612e-01       1.203117221848e+03 
       3.647924413504e-01       1.189093081856e+03 
       3.680815937921e-01       1.175716660797e+03 
       3.713707466742e-01       1.162976097399e+03 
       3.746598999849e-01       1.150822560890e+03 
       3.779490537132e-01       1.139180278989e+03 
       3.812382078480e-01       1.127953002223e+03 
       3.845273623790e-01       1.117039534093e+03 
       3.878165172961e-01       1.106349673130e+03 
       3.911056725894e-01       1.095805403467e+03 
       3.943948282494e-01       1.085348621623e+03 
       3.976839842672e-01       1.074946118042e+03 
       4.009731406337e-01       1.064576269590e+03 
       4.042622973405e-01       1.054233808230e+03 
       4.075514543793e-01       1.043928437688e+03 
       4.108406117421e-01       1.033680156625e+03 
       4.141297694212e-01       1.023521297435e+03 
       4.174189274089e-01       1.013491480314e+03 
       4.207080856982e-01       1.003629253125e+03 
       4.239972442818e-01       9.939699541011e+02 
       4.272864031531e-01       9.845402197368e+02 
       4.305755623053e-01       9.753531246332e+02 
       4.338647217321e-01       9.664133830975e+02 
       4.371538814273e-01       9.577147540669e+02 
       4.404430413848e-01       9.492478431521e+02 
       4.437322015987e-01       9.409990559382e+02 
       4.470213620634e-01       9.329536429710e+02 
       4.503105227734e-01       9.250903321673e+02 
       4.535996837232e-01       9.173879763407e+02 
       4.568888449078e-01       9.098204466889e+02 
       4.601780063220e-01       9.023645910218e+02 
       4.634671679610e-01       8.949985347996e+02 
       4.667563298199e-01       8.877092078019e+02 
       4.700454918943e-01       8.804883949302e+02 
       4.733346541794e-01       8.733351492871e+02 
       4.766238166710e-01       8.662520358551e+02 
       4.799129793648e-01       8.592461929889e+02 
       4.832021422567e-01       8.523195522105e+02 
       4.864913053426e-01       8.454822439518e+02 
       4.897804686186e-01       8.387408404956e+02 
       4.930696320809e-01       8.321028043024e+02 
       4.963587957257e-01       8.255767823581e+02 
       4.996479595496e-01       8.191727510757e+02 
       5.029371235488e-01       8.128932513527e+02 
       5.062262877201e-01       8.067362381382e+02 
       5.095154520600e-01       8.006995285149e+02 
       5.128046165653e-01       7.947719770520e+02 
       5.160937812329e-01       7.889457051728e+02 
       5.193829460596e-01       7.832108601477e+02 
       5.226721110424e-01       7.775609349342e+02 
       5.259612761784e-01       7.719886109488e+02 
       5.292504414647e-01       7.664876261408e+02 
       5.325396068986e-01       7.610535909034e+02 
       5.554870649479e-01       7.247931217222e+02 
       5.806644427158e-01       6.886215331936e+02 
       6.086578615588e-01       6.524274098174e+02 
       6.403258334343e-01       6.154695122183e+02 
       6.769884430044e-01       5.773911204667e+02 
       7.208008970912e-01       5.372548008401e+02 
       7.755507116577e-01       4.938487505088e+02 
       8.484930674124e-01       4.451602905496e+02 
       9.546636514015e-01       3.882020771908e+02 
       1.124125108386e+00       3.204495087185e+02 
       1.390306336235e+00       2.480713919398e+02 
       1.748448406572e+00       1.852061596510e+02 
       2.201137432297e+00       1.344707789921e+02 
       2.771067763728e+00       9.454377490875e+01 
       3.488567625527e+00       6.438041254119e+01 
       4.391846434538e+00       4.261216396142e+01 
       5.529007081138e+00       2.754952333537e+01 
       6.960607516434e+00       1.749189954955e+01 
       8.762885683965e+00       1.096662056095e+01 
       1.103181946819e+01       6.826601780391e+00 
       1.388823786683e+01       4.243552031892e+00 
