# Matter power spectrum P(k) at redshift z=0
# for k=1.04923e-05 to 13.8458 h/Mpc,
# number of wavenumbers equal to 548
#    1:k (h/Mpc)              2:P (Mpc/h)^3        
       1.049232247035e-05       5.213257133530e+01 
       2.345523593752e-05       1.128491122881e+02 
       3.646425159762e-05       1.723663773313e+02 
       4.955481903676e-05       2.313826831014e+02 
       6.276298101726e-05       2.902876827715e+02 
       7.612569894774e-05       3.493688818670e+02 
       8.968118887938e-05       4.088692913265e+02 
       1.034692725499e-04       4.690108926291e+02 
       1.175317480310e-04       5.300066054257e+02 
       1.319127845698e-04       5.920674522092e+02 
       1.466593462158e-04       6.554074789658e+02 
       1.618216487627e-04       7.202475428684e+02 
       1.774536543295e-04       7.868184946393e+02 
       1.936136075092e-04       8.553640783547e+02 
       2.103646162897e-04       9.261436714862e+02 
       2.277752797860e-04       9.994349859327e+02 
       2.459203630093e-04       1.075536756534e+03 
       2.648815162194e-04       1.154771444639e+03 
       2.847480325501e-04       1.237487933612e+03 
       3.056176322223e-04       1.324064163091e+03 
       3.275972543450e-04       1.414909626368e+03 
       3.508038276357e-04       1.510467586440e+03 
       3.753649789627e-04       1.611216842230e+03 
       4.014196231875e-04       1.717672794916e+03 
       4.291183594352e-04       1.830387495957e+03 
       4.586235783056e-04       1.949948276093e+03 
       4.901091632438e-04       2.076974530424e+03 
       5.237596502464e-04       2.212112072246e+03 
       5.597686979183e-04       2.356024604118e+03 
       5.983367211322e-04       2.509381733082e+03 
       6.396675642168e-04       2.672843240880e+03 
       6.839641420622e-04       2.847039458842e+03 
       7.314230660280e-04       3.032548094458e+03 
       7.822283966550e-04       3.229868284407e+03 
       8.365448177365e-04       3.439393400640e+03 
       8.945106845460e-04       3.661384514950e+03 
       9.562315291821e-04       3.895947077439e+03 
       1.021774668661e-03       4.143013464972e+03 
       1.091165523318e-03       4.402333583797e+03 
       1.164386101462e-03       4.673475235886e+03 
       1.241375858705e-03       4.955834699782e+03 
       1.322034844468e-03       5.248656746253e+03 
       1.406228768183e-03       5.551035784823e+03 
       1.493795413366e-03       5.862008166223e+03 
       1.584551735226e-03       6.180557327060e+03 
       1.678300999947e-03       6.505625111812e+03 
       1.774839435990e-03       6.836155162310e+03 
       1.873962029110e-03       7.171116678673e+03 
       1.975467262546e-03       7.509523187963e+03 
       2.079160751554e-03       7.850446585530e+03 
       2.184857831100e-03       8.193025351441e+03 
       2.292385223890e-03       8.536470235220e+03 
       2.401581948153e-03       8.880065014658e+03 
       2.512299629949e-03       9.223165620769e+03 
       2.624402372809e-03       9.565197861143e+03 
       2.737766316453e-03       9.905651093085e+03 
       2.852278991948e-03       1.024407784589e+04 
       2.967838556955e-03       1.058008331948e+04 
       3.084352973527e-03       1.091332438881e+04 
       3.201739173283e-03       1.124350332882e+04 
       3.319922240667e-03       1.157036268122e+04 
       3.438834634197e-03       1.189368140239e+04 
       3.558415457581e-03       1.221326742933e+04 
       3.678609786779e-03       1.252896187277e+04 
       3.799368055043e-03       1.284062850765e+04 
       3.920645495294e-03       1.314815363610e+04 
       4.042401637421e-03       1.345144290682e+04 
       4.164599857097e-03       1.375042043029e+04 
       4.287206972133e-03       1.404502437434e+04 
       4.410192882226e-03       1.433520836722e+04 
       4.533530247960e-03       1.462093446335e+04 
       4.657194205091e-03       1.490217692072e+04 
       4.781162110383e-03       1.517892012885e+04 
       4.905413315578e-03       1.545114175718e+04 
       5.029928966360e-03       1.571886748886e+04 
       5.154691823485e-03       1.598209130944e+04 
       5.279686103568e-03       1.624081927281e+04 
       5.404897337246e-03       1.649506701108e+04 
       5.530312242736e-03       1.674485093192e+04 
       5.655918612993e-03       1.699018876671e+04 
       5.781705214922e-03       1.723111104940e+04 
       5.907661699236e-03       1.746763884225e+04 
       6.033778519772e-03       1.769980288600e+04 
       6.160046861154e-03       1.792763923204e+04 
       6.286458573889e-03       1.815117786613e+04 
       6.413006116048e-03       1.837044871714e+04 
       6.539682500801e-03       1.858549705483e+04 
       6.666481249153e-03       1.879634974553e+04 
       6.793396347327e-03       1.900305202418e+04 
       6.920422208277e-03       1.920564552374e+04 
       7.047553636885e-03       1.940416352004e+04 
       7.174785798468e-03       1.959864918471e+04 
       7.302114190225e-03       1.978914305948e+04 
       7.429534615329e-03       1.997568058164e+04 
       7.557043159395e-03       2.015830818197e+04 
       7.684636169069e-03       2.033706924673e+04 
       7.812310232534e-03       2.051201092920e+04 
       7.940062161739e-03       2.068315611862e+04 
       8.067888976184e-03       2.085056298719e+04 
       8.195787888093e-03       2.101426875212e+04 
       8.323756288873e-03       2.117429709225e+04 
       8.451791736696e-03       2.133071676953e+04 
       8.579891945135e-03       2.148356552005e+04 
       8.708054772728e-03       2.163287212687e+04 
       8.836278213402e-03       2.177868337523e+04 
       8.964560387672e-03       2.192103105397e+04 
       9.092899534535e-03       2.205996583867e+04 
       9.221294004024e-03       2.219552319049e+04 
       9.349742250328e-03       2.232774360947e+04 
       9.478242825461e-03       2.245666420496e+04 
       9.606794373412e-03       2.258232740581e+04 
       9.735395624741e-03       2.270476337161e+04 
       9.864045391591e-03       2.282402097305e+04 
       9.992742563062e-03       2.294012016454e+04 
       1.012148610094e-02       2.305311216298e+04 
       1.025027503575e-02       2.316303168453e+04 
       1.037910846305e-02       2.326991315091e+04 
       1.050798554007e-02       2.337378751467e+04 
       1.063690548255e-02       2.347470049850e+04 
       1.076586756178e-02       2.357267525219e+04 
       1.089487110190e-02       2.366775791018e+04 
       1.102391547739e-02       2.375998711929e+04 
       1.115300011070e-02       2.384937727734e+04 
       1.128212447006e-02       2.393598820540e+04 
       1.141128806750e-02       2.401983241296e+04 
       1.154049045688e-02       2.410095627526e+04 
       1.166973123222e-02       2.417938810170e+04 
       1.179901002603e-02       2.425516661485e+04 
       1.192832650778e-02       2.432832397769e+04 
       1.205768038250e-02       2.439888520140e+04 
       1.218707138949e-02       2.446688315847e+04 
       1.231649930107e-02       2.453236016808e+04 
       1.244596392145e-02       2.459534029054e+04 
       1.257546508569e-02       2.465585488902e+04 
       1.270500265871e-02       2.471393502860e+04 
       1.283457653440e-02       2.476961537082e+04 
       1.296418663476e-02       2.482292378376e+04 
       1.309383290912e-02       2.487390005962e+04 
       1.322351533343e-02       2.492255741883e+04 
       1.335323390961e-02       2.496893762108e+04 
       1.348298866489e-02       2.501306964517e+04 
       1.361277965131e-02       2.505497856491e+04 
       1.374260694512e-02       2.509469438871e+04 
       1.387247064639e-02       2.513224027742e+04 
       1.400237087851e-02       2.516763617040e+04 
       1.413230778784e-02       2.520093890048e+04 
       1.426228154333e-02       2.523213801795e+04 
       1.439229233618e-02       2.526129634460e+04 
       1.452234037960e-02       2.528841340262e+04 
       1.465242590851e-02       2.531352612950e+04 
       1.478254917932e-02       2.533665841511e+04 
       1.491271046977e-02       2.535783517234e+04 
       1.504291007869e-02       2.537709674881e+04 
       1.517314832594e-02       2.539444756432e+04 
       1.530342555223e-02       2.540991987575e+04 
       1.543374211904e-02       2.542354185249e+04 
       1.556409840857e-02       2.543534526086e+04 
       1.569449482370e-02       2.544533807786e+04 
       1.582493178792e-02       2.545354994802e+04 
       1.595540974539e-02       2.546000205244e+04 
       1.608592916090e-02       2.546473763760e+04 
       1.621649051997e-02       2.546776846820e+04 
       1.634709432883e-02       2.546910519493e+04 
       1.647774111459e-02       2.546877870988e+04 
       1.660843142528e-02       2.546683166910e+04 
       1.673916582996e-02       2.546324875426e+04 
       1.686994491889e-02       2.545810495371e+04 
       1.700076930366e-02       2.545137205528e+04 
       1.713163961735e-02       2.544309272518e+04 
       1.726255651476e-02       2.543328751126e+04 
       1.739352067254e-02       2.542198915953e+04 
       1.752453278950e-02       2.540919867522e+04 
       1.765559358677e-02       2.539495389173e+04 
       1.778670380810e-02       2.537927256287e+04 
       1.791786422011e-02       2.536216039947e+04 
       1.804907561260e-02       2.534369667287e+04 
       1.818033879881e-02       2.532381716359e+04 
       1.831165461581e-02       2.530260340346e+04 
       1.844302392476e-02       2.528004624802e+04 
       1.857444761134e-02       2.525616987864e+04 
       1.870592658606e-02       2.523102167149e+04 
       1.883746178468e-02       2.520459285512e+04 
       1.896905416861e-02       2.517691429219e+04 
       1.910070472532e-02       2.514800543562e+04 
       1.923241446881e-02       2.511786761849e+04 
       1.936418444003e-02       2.508655861766e+04 
       1.949601570740e-02       2.505409191463e+04 
       1.962790936726e-02       2.502044987620e+04 
       1.975986654439e-02       2.498566767523e+04 
       1.989188839259e-02       2.494978418605e+04 
       2.002397609515e-02       2.491280373542e+04 
       2.015613086550e-02       2.487474064638e+04 
       2.028835394773e-02       2.483561333584e+04 
       2.042064661726e-02       2.479545298123e+04 
       2.055301018142e-02       2.475430240418e+04 
       2.068544598013e-02       2.471210776127e+04 
       2.081795538657e-02       2.466895893521e+04 
       2.095053980787e-02       2.462482776319e+04 
       2.108320068582e-02       2.457974009418e+04 
       2.121593949765e-02       2.453371313796e+04 
       2.134875775672e-02       2.448681859094e+04 
       2.148165701339e-02       2.443898034840e+04 
       2.161463885579e-02       2.439030725233e+04 
       2.174770491066e-02       2.434072391295e+04 
       2.188085684423e-02       2.429033559389e+04 
       2.201409636311e-02       2.423909240168e+04 
       2.214742521521e-02       2.418703824860e+04 
       2.228084519069e-02       2.413419641930e+04 
       2.241435812295e-02       2.408055332988e+04 
       2.254796588962e-02       2.402615706789e+04 
       2.268167041363e-02       2.397102701009e+04 
       2.281547366425e-02       2.391514370006e+04 
       2.294937765825e-02       2.385853882076e+04 
       2.308338446097e-02       2.380127089711e+04 
       2.321749618759e-02       2.374327399678e+04 
       2.335171500427e-02       2.368459301194e+04 
       2.348604312944e-02       2.362525819420e+04 
       2.362048283507e-02       2.356532662304e+04 
       2.375503644806e-02       2.350472661880e+04 
       2.388970635155e-02       2.344353746650e+04 
       2.402449498637e-02       2.338168478021e+04 
       2.415940485251e-02       2.331931410161e+04 
       2.429443851065e-02       2.325636377600e+04 
       2.442959858366e-02       2.319280017207e+04 
       2.456488775829e-02       2.312870366840e+04 
       2.470030878678e-02       2.306414482216e+04 
       2.483586448859e-02       2.299898209972e+04 
       2.497155775218e-02       2.293337485242e+04 
       2.510739153686e-02       2.286722846013e+04 
       2.524336887464e-02       2.280063894431e+04 
       2.537949287223e-02       2.273348818028e+04 
       2.551576671301e-02       2.266601770610e+04 
       2.565219365918e-02       2.259806974150e+04 
       2.578877705387e-02       2.252967589232e+04 
       2.592552032339e-02       2.246077641032e+04 
       2.606242697952e-02       2.239156168638e+04 
       2.619950062195e-02       2.232194680208e+04 
       2.633674494066e-02       2.225192505334e+04 
       2.647416371856e-02       2.218156161108e+04 
       2.661176083407e-02       2.211080991075e+04 
       2.674954026390e-02       2.203973104886e+04 
       2.688750608585e-02       2.196826754176e+04 
       2.702566248175e-02       2.189655922188e+04 
       2.716401374053e-02       2.182450701430e+04 
       2.730256426130e-02       2.175212613417e+04 
       2.744131855667e-02       2.167940817608e+04 
       2.758028125611e-02       2.160656971081e+04 
       2.771945710945e-02       2.153332177035e+04 
       2.785885099051e-02       2.145981011437e+04 
       2.799846790086e-02       2.138607299409e+04 
       2.813831297377e-02       2.131207591604e+04 
       2.827839147822e-02       2.123789824536e+04 
       2.841870882315e-02       2.116341242343e+04 
       2.855927056179e-02       2.108878720810e+04 
       2.870008239625e-02       2.101394315646e+04 
       2.884115018221e-02       2.093887094204e+04 
       2.898247993383e-02       2.086364103163e+04 
       2.912407782885e-02       2.078817096463e+04 
       2.926595021390e-02       2.071263399230e+04 
       2.940810361000e-02       2.063688007239e+04 
       2.955054471831e-02       2.056095913490e+04 
       2.969328042609e-02       2.048488136163e+04 
       2.983631781293e-02       2.040868181002e+04 
       2.997966415723e-02       2.033238498608e+04 
       3.012332694292e-02       2.025587229200e+04 
       3.026731386653e-02       2.017934800049e+04 
       3.041163284448e-02       2.010263063333e+04 
       3.055629202078e-02       2.002588124348e+04 
       3.070129977494e-02       1.994897757305e+04 
       3.084666473035e-02       1.987198512701e+04 
       3.099239576295e-02       1.979495858291e+04 
       3.113850201029e-02       1.971783741980e+04 
       3.128499288107e-02       1.964059949484e+04 
       3.143187806497e-02       1.956339722628e+04 
       3.157916754310e-02       1.948607021694e+04 
       3.172687159881e-02       1.940875430736e+04 
       3.187500082903e-02       1.933130482405e+04 
       3.202356615614e-02       1.925388481306e+04 
       3.217257884047e-02       1.917642631794e+04 
       3.232205049329e-02       1.909882247378e+04 
       3.247199309048e-02       1.902137918474e+04 
       3.262241898690e-02       1.894376832255e+04 
       3.277334093142e-02       1.886628030507e+04 
       3.292477208267e-02       1.878870593625e+04 
       3.307672602569e-02       1.871110374522e+04 
       3.322921678930e-02       1.863351171691e+04 
       3.338225886446e-02       1.855597095176e+04 
       3.353586722349e-02       1.847837752075e+04 
       3.369005734038e-02       1.840086785212e+04 
       3.384484521215e-02       1.832339652879e+04 
       3.400024738126e-02       1.824582612924e+04 
       3.415628095939e-02       1.816836650255e+04 
       3.431296365240e-02       1.809086547507e+04 
       3.447031378670e-02       1.801339164660e+04 
       3.462835033708e-02       1.793602471907e+04 
       3.478709295615e-02       1.785865893245e+04 
       3.494656200541e-02       1.778130646644e+04 
       3.510677858811e-02       1.770403746051e+04 
       3.526776458410e-02       1.762678930436e+04 
       3.542954268661e-02       1.754960220937e+04 
       3.559213644136e-02       1.747239352513e+04 
       3.575557028793e-02       1.739533335429e+04 
       3.591986960371e-02       1.731821292588e+04 
       3.608506075055e-02       1.724121354121e+04 
       3.625117112431e-02       1.716424967117e+04 
       3.641822920761e-02       1.708731803506e+04 
       3.658626462589e-02       1.701049560570e+04 
       3.675530820718e-02       1.693366783760e+04 
       3.692539204571e-02       1.685689480602e+04 
       3.709654956990e-02       1.678018362021e+04 
       3.726881561477e-02       1.670352070615e+04 
       3.744222649944e-02       1.662691640994e+04 
       3.761682010991e-02       1.655037013965e+04 
       3.779263598773e-02       1.647388591190e+04 
       3.796971542493e-02       1.639747337931e+04 
       3.814810156580e-02       1.632104551886e+04 
       3.832783951617e-02       1.624468183623e+04 
       3.850897646073e-02       1.616839664984e+04 
       3.869156178928e-02       1.609211290274e+04 
       3.887564723254e-02       1.601590893707e+04 
       3.906128700854e-02       1.593971871960e+04 
       3.924853798049e-02       1.586358674543e+04 
       3.943745982737e-02       1.578742971744e+04 
       3.962811522819e-02       1.571134176031e+04 
       3.982057006161e-02       1.563533333512e+04 
       4.001489362218e-02       1.555924431897e+04 
       4.021115885495e-02       1.548324004177e+04 
       4.040944261044e-02       1.540713283858e+04 
       4.060982592199e-02       1.533118781141e+04 
       4.081239430789e-02       1.525519778415e+04 
       4.101723810097e-02       1.517917062405e+04 
       4.122445280868e-02       1.510315645717e+04 
       4.143413950708e-02       1.502708618864e+04 
       4.164640527256e-02       1.495103256342e+04 
       4.186136365563e-02       1.487493159947e+04 
       4.207913520190e-02       1.479878008470e+04 
       4.229984802564e-02       1.472256037464e+04 
       4.252363844268e-02       1.464630079398e+04 
       4.275065166972e-02       1.456995700075e+04 
       4.298104259877e-02       1.449354383622e+04 
       4.321497665624e-02       1.441703379981e+04 
       4.345263075804e-02       1.434038356688e+04 
       4.369419437347e-02       1.426366065973e+04 
       4.393987071308e-02       1.418676060984e+04 
       4.418987805765e-02       1.410971840506e+04 
       4.444445124893e-02       1.403255209549e+04 
       4.470384336547e-02       1.395514081422e+04 
       4.496832761161e-02       1.387753674047e+04 
       4.523819945218e-02       1.379968256645e+04 
       4.551377903155e-02       1.372164648493e+04 
       4.579541392250e-02       1.364328606756e+04 
       4.608348225945e-02       1.356458970686e+04 
       4.637839632043e-02       1.348565607333e+04 
       4.668060663542e-02       1.340630561886e+04 
       4.699060671396e-02       1.332658412275e+04 
       4.730893850439e-02       1.324641367012e+04 
       4.763619872052e-02       1.316578957460e+04 
       4.797304620123e-02       1.308462121866e+04 
       4.832021050506e-02       1.300296472084e+04 
       4.867850198752e-02       1.292063943568e+04 
       4.904882366677e-02       1.283765235517e+04 
       4.943218525557e-02       1.275391480810e+04 
       4.982971982947e-02       1.266935703149e+04 
       5.024270371775e-02       1.258392373644e+04 
       5.067258035183e-02       1.249746542628e+04 
       5.112098899507e-02       1.240993549090e+04 
       5.158979951890e-02       1.232114128491e+04 
       5.208115469662e-02       1.223099077407e+04 
       5.259752187462e-02       1.213931797441e+04 
       5.314175636702e-02       1.204585862078e+04 
       5.371717951859e-02       1.195040817800e+04 
       5.432767509480e-02       1.185269506848e+04 
       5.497780845997e-02       1.175233793792e+04 
       5.567297379987e-02       1.164890411425e+04 
       5.641957519621e-02       1.154183297858e+04 
       5.722524713955e-02       1.143042879303e+04 
       5.809911798516e-02       1.131377509461e+04 
       5.905211378029e-02       1.119071066497e+04 
       6.009728587092e-02       1.105962995780e+04 
       6.125011694517e-02       1.091847118479e+04 
       6.252870648929e-02       1.076443512943e+04 
       6.395364679319e-02       1.059382560928e+04 
       6.554727454583e-02       1.040177543028e+04 
       6.733186574008e-02       1.018221064759e+04 
       6.932638319360e-02       9.928052212921e+03 
       7.154186642963e-02       9.632155187498e+03 
       7.397666473289e-02       9.289136532642e+03 
       7.661393880746e-02       8.897777666965e+03 
       7.942367534025e-02       8.463167596423e+03 
       8.236895708316e-02       7.997097769825e+03 
       8.541336095246e-02       7.516457888128e+03 
       8.852613651345e-02       7.040184518678e+03 
       9.168406466828e-02       6.586157598469e+03 
       9.487092161194e-02       6.168880986481e+03 
       9.807594486822e-02       5.798191808486e+03 
       1.012922311770e-01       5.478974066755e+03 
       1.045154459768e-01       5.211488418935e+03 
       1.077429034057e-01       4.992160169315e+03 
       1.109729526543e-01       4.814450738456e+03 
       1.142045840369e-01       4.669807631182e+03 
       1.174371817602e-01       4.548601005812e+03 
       1.206703708413e-01       4.440994782258e+03 
       1.239039230858e-01       4.337817846467e+03 
       1.271376996218e-01       4.231332375374e+03 
       1.303716158799e-01       4.115877924130e+03 
       1.336056202886e-01       3.988211834420e+03 
       1.368396813280e-01       3.847644044079e+03 
       1.400737796652e-01       3.695776790166e+03 
       1.433079033802e-01       3.536020308195e+03 
       1.465420450657e-01       3.372923303505e+03 
       1.497762000672e-01       3.211487548582e+03 
       1.530103654128e-01       3.056508786904e+03 
       1.562445391633e-01       2.912068369019e+03 
       1.594787200164e-01       2.781192343500e+03 
       1.627129070661e-01       2.665660180747e+03 
       1.659470996555e-01       2.565994583689e+03 
       1.691812972867e-01       2.481557942051e+03 
       1.724154995655e-01       2.410736119542e+03 
       1.756497061672e-01       2.351183981371e+03 
       1.788839168154e-01       2.300087455465e+03 
       1.821181312682e-01       2.254452861589e+03 
       1.853523493101e-01       2.211724861483e+03 
       1.885865707457e-01       2.169189341178e+03 
       1.918207953967e-01       2.124409538340e+03 
       1.950550230984e-01       2.075923004436e+03 
       1.982892536982e-01       2.023057626512e+03 
       2.015234870544e-01       1.965922882236e+03 
       2.047577230345e-01       1.905310266988e+03 
       2.079919615147e-01       1.842495172021e+03 
       2.112262023791e-01       1.779017283379e+03 
       2.144604455189e-01       1.716447120843e+03 
       2.176946908316e-01       1.656227461992e+03 
       2.209289382213e-01       1.599519012982e+03 
       2.241631875972e-01       1.547175560734e+03 
       2.273974388740e-01       1.499704561949e+03 
       2.306316919712e-01       1.457277035002e+03 
       2.338659468128e-01       1.419740550340e+03 
       2.371002033267e-01       1.386647867532e+03 
       2.403344614452e-01       1.357319222187e+03 
       2.435687211038e-01       1.330888055675e+03 
       2.468029822416e-01       1.306419380584e+03 
       2.500372448008e-01       1.282981569047e+03 
       2.532715087267e-01       1.259759756417e+03 
       2.565057739671e-01       1.236099953021e+03 
       2.597400404728e-01       1.211562045450e+03 
       2.629743081967e-01       1.185923002909e+03 
       2.662085770941e-01       1.159162736818e+03 
       2.694428471226e-01       1.131445269617e+03 
       2.726771182417e-01       1.103082383650e+03 
       2.759113904127e-01       1.074491795519e+03 
       2.791456635990e-01       1.046150079695e+03 
       2.823799377653e-01       1.018537448225e+03 
       2.856142128784e-01       9.920902647932e+02 
       2.888484889061e-01       9.671369818791e+02 
       2.920827658179e-01       9.438915685786e+02 
       2.953170435847e-01       9.224275450259e+02 
       2.985513221784e-01       9.026935080223e+02 
       3.017856015724e-01       8.845451050260e+02 
       3.050198817410e-01       8.677576252564e+02 
       3.082541626598e-01       8.520741432794e+02 
       3.114884443052e-01       8.372137667275e+02 
       3.147227266548e-01       8.228987983490e+02 
       3.179570096869e-01       8.088741963122e+02 
       3.211912933808e-01       7.949147657312e+02 
       3.244255777167e-01       7.808546987593e+02 
       3.276598626754e-01       7.665901359985e+02 
       3.308941482386e-01       7.520955841068e+02 
       3.341284343887e-01       7.374101369057e+02 
       3.373627211086e-01       7.226261055685e+02 
       3.405970083821e-01       7.078679589140e+02 
       3.438312961934e-01       6.932731040533e+02 
       3.470655845275e-01       6.789756063849e+02 
       3.502998733699e-01       6.650948931639e+02 
       3.535341627065e-01       6.517293454504e+02 
       3.567684525237e-01       6.389526637189e+02 
       3.600027428087e-01       6.268092310830e+02 
       3.632370335488e-01       6.153099527395e+02 
       3.664713247319e-01       6.044277472729e+02 
       3.697056163465e-01       5.941093821790e+02 
       3.729399083811e-01       5.842705775423e+02 
       3.761742008249e-01       5.748140784610e+02 
       3.794084936674e-01       5.656450384497e+02 
       3.826427868985e-01       5.566755793517e+02 
       3.858770805083e-01       5.478376124746e+02 
       3.891113744874e-01       5.390832979668e+02 
       3.923456688265e-01       5.303792539410e+02 
       3.955799635169e-01       5.217088937260e+02 
       3.988142585499e-01       5.130749046136e+02 
       4.020485539172e-01       5.044843211455e+02 
       4.052828496109e-01       4.959617096647e+02 
       4.085171456230e-01       4.875458560674e+02 
       4.117514419462e-01       4.792696630348e+02 
       4.149857385730e-01       4.711758822702e+02 
       4.182200354964e-01       4.632965585695e+02 
       4.214543327096e-01       4.556528263450e+02 
       4.246886302060e-01       4.482572785775e+02 
       4.279229279789e-01       4.411065483896e+02 
       4.311572260223e-01       4.341961153997e+02 
       4.343915243301e-01       4.275173889618e+02 
       4.376258228963e-01       4.210521122093e+02 
       4.408601217153e-01       4.147863715285e+02 
       4.440944207815e-01       4.086983597050e+02 
       4.473287200896e-01       4.027610195473e+02 
       4.505630196342e-01       3.969486389314e+02 
       4.537973194104e-01       3.912389142722e+02 
       4.570316194132e-01       3.856089417177e+02 
       4.602659196379e-01       3.800456481158e+02 
       4.635002200796e-01       3.745446111809e+02 
       4.667345207340e-01       3.691078086917e+02 
       4.699688215966e-01       3.637347842125e+02 
       4.732031226631e-01       3.584341039221e+02 
       4.764374239294e-01       3.532123241517e+02 
       4.796717253914e-01       3.480755033357e+02 
       4.829060270452e-01       3.430314016157e+02 
       4.861403288869e-01       3.380933787987e+02 
       4.893746309128e-01       3.332672843033e+02 
       4.926089331192e-01       3.285643017836e+02 
       4.958432355026e-01       3.239863276569e+02 
       4.990775380596e-01       3.195305532178e+02 
       5.023118407868e-01       3.151913086045e+02 
       5.055461436808e-01       3.109568525939e+02 
       5.087804467386e-01       3.068182609865e+02 
       5.120147499570e-01       3.027654571226e+02 
       5.152490533330e-01       2.987894387815e+02 
       5.184833568635e-01       2.948868297226e+02 
       5.217176605458e-01       2.910467568496e+02 
       5.249519643770e-01       2.872670944287e+02 
       5.476348793461e-01       2.622171873278e+02 
       5.725395293017e-01       2.381002308687e+02 
       6.002548523258e-01       2.149535374075e+02 
       6.316457582038e-01       1.922091943292e+02 
       6.680464800812e-01       1.699320525819e+02 
       7.116440502390e-01       1.476909079865e+02 
       7.663006028257e-01       1.251837772121e+02 
       8.394537130639e-01       1.019196965222e+02 
       9.465642859357e-01       7.750853813936e+01 
       1.118170825732e+00       5.273477669043e+01 
       1.385766307016e+00       3.184789723956e+01 
       1.743101133047e+00       1.839911609613e+01 
       2.194413375422e+00       1.051411481980e+01 
       2.762602706951e+00       5.959986353529e+00 
       3.477910750453e+00       3.353876983733e+00 
       4.378430223698e+00       1.874821967597e+00 
       5.512117072381e+00       1.041732900945e+00 
       6.939344255204e+00       5.756334248164e-01 
       8.736116824065e+00       3.164674104863e-01 
       1.099811947022e+01       1.731727453627e-01 
       1.384581208301e+01       9.435240564250e-02 
