# Matter power spectrum P(k) at redshift z=0
# for k=1.05216e-05 to 13.9014 h/Mpc,
# number of wavenumbers equal to 548
#    1:k (h/Mpc)              2:P (Mpc/h)^3        
       1.052162017240e-05       5.170916654934e+01 
       2.350772107913e-05       1.118731710347e+02 
       3.654020024128e-05       1.708503926789e+02 
       4.965469873119e-05       2.293329082149e+02 
       6.288745637405e-05       2.877072693589e+02 
       7.627564016474e-05       3.462589005289e+02 
       8.985768334586e-05       4.052292031523e+02 
       1.036736397250e-04       4.648387933868e+02 
       1.177655578436e-04       5.252993766055e+02 
       1.321778796441e-04       5.868208466839e+02 
       1.469578682853e-04       6.496161855963e+02 
       1.621560696842e-04       7.139052173306e+02 
       1.778268121613e-04       7.799177979171e+02 
       1.940287481518e-04       8.478966798692e+02 
       2.108254412086e-04       9.181002746640e+02 
       2.282860003257e-04       9.908053213347e+02 
       2.464857617582e-04       1.066309592881e+03 
       2.655070157703e-04       1.144934595254e+03 
       2.854397717961e-04       1.227028251557e+03 
       3.063825500011e-04       1.312967530960e+03 
       3.284431797490e-04       1.403160954147e+03 
       3.517395755950e-04       1.498050788553e+03 
       3.764004487259e-04       1.598114793602e+03 
       4.025658960250e-04       1.703867276259e+03 
       4.303877902338e-04       1.815859093809e+03 
       4.600298737232e-04       1.934676230953e+03 
       4.916674368247e-04       2.060936510489e+03 
       5.254864425558e-04       2.195283882787e+03 
       5.616819476895e-04       2.338379740651e+03 
       6.004556721769e-04       2.490890856984e+03 
       6.420125931567e-04       2.653473462046e+03 
       6.865564946312e-04       2.826753521824e+03 
       7.342844955267e-04       3.011303451834e+03 
       7.853807074603e-04       3.207616091728e+03 
       8.400093291696e-04       3.416077598221e+03 
       8.983076443675e-04       3.636941034777e+03 
       9.603795189002e-04       3.870303390980e+03 
       1.026290051399e-03       4.116088583702e+03 
       1.096061986160e-03       4.374038530346e+03 
       1.169674336399e-03       4.643714235973e+03 
       1.247063410278e-03       4.924506886261e+03 
       1.328126131146e-03       5.215658308138e+03 
       1.412725263021e-03       5.516260957580e+03 
       1.500695952217e-03       5.825356080947e+03 
       1.591852910682e-03       6.141930298144e+03 
       1.685997597132e-03       6.464932123760e+03 
       1.782924870927e-03       6.793313593442e+03 
       1.882428759257e-03       7.126053572040e+03 
       1.984307149445e-03       7.462176131402e+03 
       2.088365365329e-03       7.800764022102e+03 
       2.194418694421e-03       8.140966667778e+03 
       2.302293998561e-03       8.482005350974e+03 
       2.411830570806e-03       8.823174322859e+03 
       2.522880404826e-03       9.163838788230e+03 
       2.635308029882e-03       9.503433007574e+03 
       2.748990042548e-03       9.841454932232e+03 
       2.863814441592e-03       1.017746333439e+04 
       2.979679848539e-03       1.051107043823e+04 
       3.096494675272e-03       1.084193874971e+04 
       3.214176282509e-03       1.116977488457e+04 
       3.332650158999e-03       1.149432606009e+04 
       3.451849140678e-03       1.181537478962e+04 
       3.571712681076e-03       1.213273191248e+04 
       3.692186178644e-03       1.244624148997e+04 
       3.813220362724e-03       1.275576843346e+04 
       3.934770737248e-03       1.306120339187e+04 
       4.056797079609e-03       1.336245094647e+04 
       4.179262991157e-03       1.365943700749e+04 
       4.302135495260e-03       1.395210224629e+04 
       4.425384678732e-03       1.424039757156e+04 
       4.548983372436e-03       1.452428822709e+04 
       4.672906867087e-03       1.480374564380e+04 
       4.797132660503e-03       1.507875962787e+04 
       4.921640232876e-03       1.534930581229e+04 
       5.046410846930e-03       1.561540774001e+04 
       5.171427370143e-03       1.587705956623e+04 
       5.296674116521e-03       1.607639698103e+04 
       5.422136705660e-03       1.632693300623e+04 
       5.547801937108e-03       1.657303379715e+04 
       5.673657678258e-03       1.681471832722e+04 
       5.799692764211e-03       1.705201787850e+04 
       5.925896908236e-03       1.728495272053e+04 
       6.052260621603e-03       1.751355689044e+04 
       6.178775141736e-03       1.773786651205e+04 
       6.305432367739e-03       1.795790951623e+04 
       6.432224802458e-03       1.817371998705e+04 
       6.559145500367e-03       1.838533973541e+04 
       6.686188020621e-03       1.859280007111e+04 
       6.813346384718e-03       1.879614675020e+04 
       6.940615038267e-03       1.899541896585e+04 
       7.067988816420e-03       1.919065151841e+04 
       7.195462912579e-03       1.938188838158e+04 
       7.323032850035e-03       1.956917062830e+04 
       7.450694456232e-03       1.975253339368e+04 
       7.578443839380e-03       1.993202543596e+04 
       7.706277367195e-03       2.010768815103e+04 
       7.834191647523e-03       2.027956930200e+04 
       7.962183510688e-03       2.044769351978e+04 
       8.090249993374e-03       2.061211843468e+04 
       8.218388323908e-03       2.077287969242e+04 
       8.346595908785e-03       2.093000539123e+04 
       8.474870320347e-03       2.108356613805e+04 
       8.603209285481e-03       2.123358967450e+04 
       8.731610675253e-03       2.138011257603e+04 
       8.860072495387e-03       2.152318175439e+04 
       8.988592877524e-03       2.166282872776e+04 
       9.117170071166e-03       2.179910384980e+04 
       9.245802436271e-03       2.193204264464e+04 
       9.374488436424e-03       2.206168649400e+04 
       9.503226632536e-03       2.218807525403e+04 
       9.632015677038e-03       2.231124403536e+04 
       9.760854308503e-03       2.243123043650e+04 
       9.889741346691e-03       2.254808027098e+04 
       1.001867568796e-02       2.266181530206e+04 
       1.014765630100e-02       2.277248632019e+04 
       1.027668222292e-02       2.288012729162e+04 
       1.040575255559e-02       2.298476888094e+04 
       1.053486646227e-02       2.308645706441e+04 
       1.066402316444e-02       2.318521984820e+04 
       1.079322193894e-02       2.328109471442e+04 
       1.092246211522e-02       2.337411917319e+04 
       1.105174307285e-02       2.346432910269e+04 
       1.118106423920e-02       2.355174149476e+04 
       1.131042508723e-02       2.363642619270e+04 
       1.143982513352e-02       2.371839102272e+04 
       1.156926393637e-02       2.379768102919e+04 
       1.169874109404e-02       2.387431533686e+04 
       1.182825624318e-02       2.394833857823e+04 
       1.195780905728e-02       2.401979479942e+04 
       1.208739924525e-02       2.408869713879e+04 
       1.221702655018e-02       2.415508305614e+04 
       1.234669074807e-02       2.421898909617e+04 
       1.247639164673e-02       2.428043631213e+04 
       1.260612908473e-02       2.433947051907e+04 
       1.273590293043e-02       2.439611555344e+04 
       1.286571308106e-02       2.445040334261e+04 
       1.299555946191e-02       2.450236476057e+04 
       1.312544202555e-02       2.455203288271e+04 
       1.325536075111e-02       2.459942759433e+04 
       1.338531564362e-02       2.464460370485e+04 
       1.351530673340e-02       2.468755960857e+04 
       1.364533407550e-02       2.472834040846e+04 
       1.377539774920e-02       2.476696987230e+04 
       1.390549785752e-02       2.480348073918e+04 
       1.403563452678e-02       2.483789417220e+04 
       1.416580790625e-02       2.487023571319e+04 
       1.429601816775e-02       2.490053959104e+04 
       1.442626550538e-02       2.492883509985e+04 
       1.455655013517e-02       2.495513306687e+04 
       1.468687229490e-02       2.497947623244e+04 
       1.481723224380e-02       2.500187431973e+04 
       1.494763026242e-02       2.502237024407e+04 
       1.507806665244e-02       2.504098423956e+04 
       1.520854173650e-02       2.505773915805e+04 
       1.533905585813e-02       2.507264830367e+04 
       1.546960938166e-02       2.508575953032e+04 
       1.560020269211e-02       2.509708475572e+04 
       1.573083619518e-02       2.510664807462e+04 
       1.586151031723e-02       2.511448497214e+04 
       1.599222550526e-02       2.512059286554e+04 
       1.612298222697e-02       2.512502422211e+04 
       1.625378097073e-02       2.512779933099e+04 
       1.638462224574e-02       2.512890697214e+04 
       1.651550658203e-02       2.512840728802e+04 
       1.664643453057e-02       2.512631809625e+04 
       1.677740666345e-02       2.512264895175e+04 
       1.690842357393e-02       2.511742713610e+04 
       1.703948587665e-02       2.511067499365e+04 
       1.717059420779e-02       2.510242323243e+04 
       1.730174922525e-02       2.509267691598e+04 
       1.743295160886e-02       2.508147939589e+04 
       1.756420206062e-02       2.506883489821e+04 
       1.769550130488e-02       2.505476946154e+04 
       1.782685008870e-02       2.503929807023e+04 
       1.795824918201e-02       2.502245419667e+04 
       1.808969937799e-02       2.500425431006e+04 
       1.822120149331e-02       2.498471526078e+04 
       1.835275636850e-02       2.496386157610e+04 
       1.848436486828e-02       2.494169951242e+04 
       1.861602788189e-02       2.491826715301e+04 
       1.874774632350e-02       2.489358072053e+04 
       1.887952113256e-02       2.486767700793e+04 
       1.901135327425e-02       2.484053934522e+04 
       1.914324373989e-02       2.481221539474e+04 
       1.927519354737e-02       2.478269957778e+04 
       1.940720374161e-02       2.475203434197e+04 
       1.953927539506e-02       2.472022170135e+04 
       1.967140960817e-02       2.468729417781e+04 
       1.980360750994e-02       2.465326429394e+04 
       1.993587025841e-02       2.461817150169e+04 
       2.006819904124e-02       2.458200970307e+04 
       2.020059507628e-02       2.454479308494e+04 
       2.033305961215e-02       2.450655882341e+04 
       2.046559392887e-02       2.446728270520e+04 
       2.059819933848e-02       2.442704613944e+04 
       2.073087718570e-02       2.438585665387e+04 
       2.086362884860e-02       2.434367338960e+04 
       2.099645573930e-02       2.430054590697e+04 
       2.112935930470e-02       2.425653274407e+04 
       2.126234102721e-02       2.421162242742e+04 
       2.139540242552e-02       2.416578266283e+04 
       2.152854505542e-02       2.411909798185e+04 
       2.166177051056e-02       2.407150299276e+04 
       2.179508042336e-02       2.402319067637e+04 
       2.192847646583e-02       2.397402036408e+04 
       2.206196035048e-02       2.392402179127e+04 
       2.219553383128e-02       2.387322968437e+04 
       2.232919870454e-02       2.382167467939e+04 
       2.246295680998e-02       2.376938300321e+04 
       2.259681003169e-02       2.371629432850e+04 
       2.273076029917e-02       2.366255267167e+04 
       2.286480958848e-02       2.360807276976e+04 
       2.299895992324e-02       2.355288639863e+04 
       2.313321337590e-02       2.349698683517e+04 
       2.326757206883e-02       2.344048140179e+04 
       2.340203817558e-02       2.338333034880e+04 
       2.353661392216e-02       2.332546381866e+04 
       2.367130158827e-02       2.326702383672e+04 
       2.380610350874e-02       2.320800119355e+04 
       2.394102207480e-02       2.314827419257e+04 
       2.407605973561e-02       2.308812487723e+04 
       2.421121899967e-02       2.302733873511e+04 
       2.434650243633e-02       2.296598011357e+04 
       2.448191267743e-02       2.290406664856e+04 
       2.461745241882e-02       2.284162610108e+04 
       2.475312442212e-02       2.277871487792e+04 
       2.488893151639e-02       2.271530582738e+04 
       2.502487659991e-02       2.265137613767e+04 
       2.516096264207e-02       2.258694674385e+04 
       2.529719268522e-02       2.252210704974e+04 
       2.543356984663e-02       2.245678051956e+04 
       2.557009732058e-02       2.239102432654e+04 
       2.570677838037e-02       2.232484587055e+04 
       2.584361638056e-02       2.225821925549e+04 
       2.598061475917e-02       2.219126359420e+04 
       2.611777704002e-02       2.212385971143e+04 
       2.625510683509e-02       2.205608520332e+04 
       2.639260784704e-02       2.198793503367e+04 
       2.653028387176e-02       2.191945527554e+04 
       2.666813880099e-02       2.185055477156e+04 
       2.680617662513e-02       2.178138641912e+04 
       2.694440143603e-02       2.171188392525e+04 
       2.708281742995e-02       2.164207514604e+04 
       2.722142891062e-02       2.157192033424e+04 
       2.736024029240e-02       2.150153678233e+04 
       2.749925610352e-02       2.143085873988e+04 
       2.763848098952e-02       2.135986640589e+04 
       2.777791971675e-02       2.128858448786e+04 
       2.791757717599e-02       2.121709525979e+04 
       2.805745838630e-02       2.114536038257e+04 
       2.819756849886e-02       2.107339165481e+04 
       2.833791280112e-02       2.100127815075e+04 
       2.847849672100e-02       2.092887551830e+04 
       2.861932583126e-02       2.085619856808e+04 
       2.876040585411e-02       2.078334672824e+04 
       2.890174266590e-02       2.071040262326e+04 
       2.904334230209e-02       2.063721738948e+04 
       2.918521096234e-02       2.056383676559e+04 
       2.932735501584e-02       2.049032958123e+04 
       2.946978100686e-02       2.041669580550e+04 
       2.961249566051e-02       2.034287816990e+04 
       2.975550588873e-02       2.026889791045e+04 
       2.989881879654e-02       2.019483675475e+04 
       3.004244168855e-02       2.012060274316e+04 
       3.018638207573e-02       2.004626577966e+04 
       3.033064768247e-02       1.997181480786e+04 
       3.047524645398e-02       1.989729134361e+04 
       3.062018656390e-02       1.982264333981e+04 
       3.076547642238e-02       1.974789498494e+04 
       3.091112468442e-02       1.967311836185e+04 
       3.105714025859e-02       1.959824575060e+04 
       3.120353231615e-02       1.952324849831e+04 
       3.135031030061e-02       1.944819392471e+04 
       3.149748393766e-02       1.937316442870e+04 
       3.164506324559e-02       1.929801441215e+04 
       3.179305854619e-02       1.922282127600e+04 
       3.194148047617e-02       1.914764816071e+04 
       3.209033999906e-02       1.907234845137e+04 
       3.223964841776e-02       1.899711050029e+04 
       3.238941738760e-02       1.892179043110e+04 
       3.253965893010e-02       1.884648258190e+04 
       3.269038544739e-02       1.877111513686e+04 
       3.284160973729e-02       1.869577154989e+04 
       3.299334500921e-02       1.862038750323e+04 
       3.314560490080e-02       1.854509070993e+04 
       3.329840349547e-02       1.846972484168e+04 
       3.345175534078e-02       1.839438142838e+04 
       3.360567546786e-02       1.831900293561e+04 
       3.376017941171e-02       1.824374753435e+04 
       3.391528323272e-02       1.816845368803e+04 
       3.407100353922e-02       1.809319472794e+04 
       3.422735751136e-02       1.801794212844e+04 
       3.438436292620e-02       1.794275491929e+04 
       3.454203818419e-02       1.786759396553e+04 
       3.470040233725e-02       1.779245964578e+04 
       3.485947511822e-02       1.771734116387e+04 
       3.501927697224e-02       1.764230295302e+04 
       3.517982908970e-02       1.756727752737e+04 
       3.534115344131e-02       1.749234047714e+04 
       3.550327281510e-02       1.741739808217e+04 
       3.566621085570e-02       1.734257621399e+04 
       3.582999210602e-02       1.726774907863e+04 
       3.599464205136e-02       1.719298097991e+04 
       3.616018716639e-02       1.711824738109e+04 
       3.632665496497e-02       1.704359200716e+04 
       3.649407405320e-02       1.696903344594e+04 
       3.666247418581e-02       1.689449429121e+04 
       3.683188632629e-02       1.682004494791e+04 
       3.700234271088e-02       1.674556241151e+04 
       3.717387691695e-02       1.667121525707e+04 
       3.734652393587e-02       1.659690253694e+04 
       3.752032025097e-02       1.652267404215e+04 
       3.769530392089e-02       1.644849749802e+04 
       3.787151466869e-02       1.637439020176e+04 
       3.804899397748e-02       1.630032525651e+04 
       3.822778519281e-02       1.622628822778e+04 
       3.840793363262e-02       1.615231887710e+04 
       3.858948670541e-02       1.607843520619e+04 
       3.877249403722e-02       1.600460740501e+04 
       3.895700760840e-02       1.593083418867e+04 
       3.914308190094e-02       1.585708129744e+04 
       3.933077405747e-02       1.578341254252e+04 
       3.952014405293e-02       1.570971643689e+04 
       3.971125488021e-02       1.563608716740e+04 
       3.990417275105e-02       1.556255805455e+04 
       4.009896731388e-02       1.548901171181e+04 
       4.029571189012e-02       1.541551560514e+04 
       4.049448373096e-02       1.534204377575e+04 
       4.069536429676e-02       1.526855252553e+04 
       4.089843956138e-02       1.519508782382e+04 
       4.110380034434e-02       1.512168865089e+04 
       4.131154267354e-02       1.504825862632e+04 
       4.152176818235e-02       1.497484809877e+04 
       4.173458454467e-02       1.490138054046e+04 
       4.195010595251e-02       1.482795966405e+04 
       4.216845364108e-02       1.475450199681e+04 
       4.238975646711e-02       1.468100453741e+04 
       4.261415154690e-02       1.460748025891e+04 
       4.284178496153e-02       1.453391160386e+04 
       4.307281253788e-02       1.446028398272e+04 
       4.330740071514e-02       1.438661288401e+04 
       4.354572750826e-02       1.431281439663e+04 
       4.378798358138e-02       1.423896896786e+04 
       4.403437344635e-02       1.416503930284e+04 
       4.428511680406e-02       1.409098158401e+04 
       4.454045004904e-02       1.401676527328e+04 
       4.480062796129e-02       1.394248016715e+04 
       4.506592561363e-02       1.386798643780e+04 
       4.533664052738e-02       1.379329722378e+04 
       4.561309511578e-02       1.371841878857e+04 
       4.589563946101e-02       1.364335216011e+04 
       4.618465448014e-02       1.356799884777e+04 
       4.648055554522e-02       1.349247596832e+04 
       4.678379663626e-02       1.341662362930e+04 
       4.709487512124e-02       1.334043519478e+04 
       4.741433727710e-02       1.326391736065e+04 
       4.774278468959e-02       1.318702649597e+04 
       4.808088169976e-02       1.310969486099e+04 
       4.842936410232e-02       1.303195096598e+04 
       4.878904934729e-02       1.295371367641e+04 
       4.916084855550e-02       1.287488736641e+04 
       4.954578073176e-02       1.279548749424e+04 
       4.994498965325e-02       1.271543172626e+04 
       5.035976402938e-02       1.263461300693e+04 
       5.079156168005e-02       1.255301408552e+04 
       5.124203867190e-02       1.247050266902e+04 
       5.171308459725e-02       1.238698716811e+04 
       5.220686549247e-02       1.230237786147e+04 
       5.272587628721e-02       1.221645205670e+04 
       5.327300517012e-02       1.212913256157e+04 
       5.385161286438e-02       1.204019962825e+04 
       5.446563052827e-02       1.194934730616e+04 
       5.511968080349e-02       1.185636507960e+04 
       5.581922732395e-02       1.176080012985e+04 
       5.657075852001e-02       1.166221874951e+04 
       5.738201125212e-02       1.155998017067e+04 
       5.826223754178e-02       1.145329323474e+04 
       5.922251120933e-02       1.134109187410e+04 
       6.027605646616e-02       1.122193357478e+04 
       6.143855042986e-02       1.109388995044e+04 
       6.272829571713e-02       1.095430749642e+04 
       6.416606666588e-02       1.079954065350e+04 
       6.577430483500e-02       1.062485787047e+04 
       6.757522617579e-02       1.042408030748e+04 
       6.958746293643e-02       1.018990280048e+04 
       7.182138353825e-02       9.914723180287e+03 
       7.427438163755e-02       9.592507758560e+03 
       7.692861429718e-02       9.221316202875e+03 
       7.975334167169e-02       8.805621880601e+03 
       8.271139746556e-02       8.356935311176e+03 
       8.576654114900e-02       7.892222535811e+03 
       8.888843439287e-02       7.430847360407e+03 
       9.205430585191e-02       6.991238164449e+03 
       9.524830915469e-02       6.588454742630e+03 
       9.845996023531e-02       6.232750108483e+03 
       1.016825458712e-01       5.929243357057e+03 
       1.049118553256e-01       5.678295861209e+03 
       1.081452811827e-01       5.476247394250e+03 
       1.113812214910e-01       5.316407023595e+03 
       1.146186966825e-01       5.189930503185e+03 
       1.178571094144e-01       5.086747000716e+03 
       1.210960959645e-01       4.996505647694e+03 
       1.243354349961e-01       4.909420137973e+03 
       1.275749918086e-01       4.817135233835e+03 
       1.308146843684e-01       4.713468161413e+03 
       1.340544626455e-01       4.594875443180e+03 
       1.372942960570e-01       4.460620363308e+03 
       1.405341658405e-01       4.312550625992e+03 
       1.437740604232e-01       4.154559588234e+03 
       1.470139726102e-01       3.991835949484e+03 
       1.502538978765e-01       3.830048628706e+03 
       1.534938333302e-01       3.674613058168e+03 
       1.567337770813e-01       3.530109514034e+03 
       1.599737278586e-01       3.399884799466e+03 
       1.632136847756e-01       3.285887259315e+03 
       1.664536471878e-01       3.188681397984e+03 
       1.696936146057e-01       3.107541374251e+03 
       1.729335866407e-01       3.040695833754e+03 
       1.761735629721e-01       2.985581664117e+03 
       1.794135433264e-01       2.939115693699e+03 
       1.826535274640e-01       2.898007922509e+03 
       1.858935151711e-01       2.859501475730e+03 
       1.891335062540e-01       2.820507837373e+03 
       1.923735005354e-01       2.778363245995e+03 
       1.956134978519e-01       2.731446123433e+03 
       1.988534980518e-01       2.679052172952e+03 
       2.020935009944e-01       2.621369286932e+03 
       2.053335065479e-01       2.559354372787e+03 
       2.085735145894e-01       2.494521765585e+03 
       2.118135250035e-01       2.428656276942e+03 
       2.150535376820e-01       2.363597161141e+03 
       2.182935525234e-01       2.300966705492e+03 
       2.215335694318e-01       2.242077939851e+03 
       2.247735883173e-01       2.187879940811e+03 
       2.280136090950e-01       2.138915606006e+03 
       2.312536316847e-01       2.095355140810e+03 
       2.344936560108e-01       2.057006786397e+03 
       2.377336820020e-01       2.023354860306e+03 
       2.409737095904e-01       1.993628670417e+03 
       2.442137387122e-01       1.966863802616e+03 
       2.474537693067e-01       1.942015901690e+03 
       2.506938013165e-01       1.918063377491e+03 
       2.539338346870e-01       1.894102262592e+03 
       2.571738693665e-01       1.869427301116e+03 
       2.604139053058e-01       1.843567739062e+03 
       2.636539424582e-01       1.816300323898e+03 
       2.668939807793e-01       1.787631959943e+03 
       2.701340202267e-01       1.757771230032e+03 
       2.733740607601e-01       1.727096689632e+03 
       2.766141023413e-01       1.696092447418e+03 
       2.798541449335e-01       1.665304235721e+03 
       2.830941885019e-01       1.635275049515e+03 
       2.863342330131e-01       1.606481459953e+03 
       2.895742784354e-01       1.579285453724e+03 
       2.928143247383e-01       1.553906959257e+03 
       2.960543718927e-01       1.530412599150e+03 
       2.992944198708e-01       1.508735456640e+03 
       3.025344686461e-01       1.488703886019e+03 
       3.057745181930e-01       1.470070473313e+03 
       3.090145684872e-01       1.452545892858e+03 
       3.122546195053e-01       1.435832578840e+03 
       3.154946712248e-01       1.419628029572e+03 
       3.187347236243e-01       1.403657089236e+03 
       3.219747766831e-01       1.387685271848e+03 
       3.252148303815e-01       1.371543979337e+03 
       3.284548847003e-01       1.355133620443e+03 
       3.316949396214e-01       1.338437147168e+03 
       3.349349951272e-01       1.321507764204e+03 
       3.381750512007e-01       1.304452145048e+03 
       3.414151078258e-01       1.287414510421e+03 
       3.446551649869e-01       1.270541679930e+03 
       3.478952226688e-01       1.253982489748e+03 
       3.511352808571e-01       1.237858443072e+03 
       3.543753395378e-01       1.222275188259e+03 
       3.576153986975e-01       1.207305159821e+03 
       3.608554583233e-01       1.192991673069e+03 
       3.640955184026e-01       1.179339702023e+03 
       3.673355789234e-01       1.166318741589e+03 
       3.705756398740e-01       1.153865140367e+03 
       3.738157012433e-01       1.141891630668e+03 
       3.770557630203e-01       1.130296727287e+03 
       3.802958251947e-01       1.118981353837e+03 
       3.835358877563e-01       1.107859481905e+03 
       3.867759506953e-01       1.096863593753e+03 
       3.900160140023e-01       1.085945061634e+03 
       3.932560776682e-01       1.075076099067e+03 
       3.964961416841e-01       1.064242999737e+03 
       3.997362060415e-01       1.053448709893e+03 
       4.029762707321e-01       1.042707408177e+03 
       4.062163357479e-01       1.032046208907e+03 
       4.094564010812e-01       1.021499777012e+03 
       4.126964667244e-01       1.011109469009e+03 
       4.159365326703e-01       1.000913580191e+03 
       4.191765989118e-01       9.909444294062e+02 
       4.224166654421e-01       9.812187827745e+02 
       4.256567322546e-01       9.717502342465e+02 
       4.288967993429e-01       9.625341716841e+02 
       4.321368667007e-01       9.535648724632e+02 
       4.353769343220e-01       9.448286385621e+02 
       4.386170022010e-01       9.363113829180e+02 
       4.418570703319e-01       9.279965610214e+02 
       4.450971387092e-01       9.198613510500e+02 
       4.483372073276e-01       9.118837622722e+02 
       4.515772761818e-01       9.040374386332e+02 
       4.548173452669e-01       8.962986881180e+02 
       4.580574145778e-01       8.886499253782e+02 
       4.612974841099e-01       8.810816571737e+02 
       4.645375538584e-01       8.735865293846e+02 
       4.677776238188e-01       8.661687491932e+02 
       4.710176939868e-01       8.588287537897e+02 
       4.742577643582e-01       8.515768037511e+02 
       4.774978349286e-01       8.444147808868e+02 
       4.807379056942e-01       8.373503302003e+02 
       4.839779766509e-01       8.303937335902e+02 
       4.872180477950e-01       8.235509300558e+02 
       4.904581191227e-01       8.168327747908e+02 
       4.936981906303e-01       8.102442023911e+02 
       4.969382623145e-01       8.037857374030e+02 
       5.001783341717e-01       7.974562108236e+02 
       5.034184061985e-01       7.912478540269e+02 
       5.066584783917e-01       7.851525465266e+02 
       5.098985507482e-01       7.791594468856e+02 
       5.131386232647e-01       7.732597977607e+02 
       5.163786959384e-01       7.674486032202e+02 
       5.196187687662e-01       7.617172903471e+02 
       5.228588417453e-01       7.560624290110e+02 
       5.260989148729e-01       7.504764833781e+02 
       5.488415966697e-01       7.130980866355e+02 
       5.738147365394e-01       6.760327418222e+02 
       6.016103987712e-01       6.391219009905e+02 
       6.330984571748e-01       6.016959353287e+02 
       6.696215108184e-01       5.634426906679e+02 
       7.133817401109e-01       5.235010198924e+02 
       7.682711019258e-01       4.807541439203e+02 
       8.417910505529e-01       4.333431971282e+02 
       9.495424846739e-01       3.784862303223e+02 
       1.122274439640e+00       3.138615776537e+02 
       1.391291207044e+00       2.452352887842e+02 
       1.750103138830e+00       1.848848401597e+02 
       2.203229341536e+00       1.351102035945e+02 
       2.773701354201e+00       9.536461768019e+01 
       3.491883119514e+00       6.509598396173e+01 
       4.396020394171e+00       4.315520428230e+01 
       5.534261784987e+00       2.793363411483e+01 
       6.967222796641e+00       1.775249937980e+01 
       8.771213828324e+00       1.113884210915e+01 
       1.104230398076e+01       6.938627601053e+00 
       1.390143708613e+01       4.315897440265e+00 
