# Matter power spectrum P(k) at redshift z=0
# for k=1.05216e-05 to 13.9014 h/Mpc,
# number of wavenumbers equal to 548
#    1:k (h/Mpc)              2:P (Mpc/h)^3        
       1.052162017240e-05       5.147305163359e+01 
       2.350772107913e-05       1.113623346372e+02 
       3.654020024128e-05       1.700702538995e+02 
       4.965469873119e-05       2.282857259855e+02 
       6.288745637405e-05       2.863935375350e+02 
       7.627564016474e-05       3.446778096584e+02 
       8.985768334586e-05       4.033788414932e+02 
       1.036736397250e-04       4.627162418176e+02 
       1.177655578436e-04       5.229007493134e+02 
       1.321778796441e-04       5.841412994366e+02 
       1.469578682853e-04       6.466499016409e+02 
       1.621560696842e-04       7.106453761520e+02 
       1.778268121613e-04       7.763565294291e+02 
       1.940287481518e-04       8.440250055267e+02 
       2.108254412086e-04       9.139080359609e+02 
       2.282860003257e-04       9.862810961162e+02 
       2.464857617582e-04       1.061440599299e+03 
       2.655070157703e-04       1.139706583395e+03 
       2.854397717961e-04       1.221425382820e+03 
       3.063825500011e-04       1.306972245422e+03 
       3.284431797490e-04       1.396753826495e+03 
       3.517395755950e-04       1.491210373988e+03 
       3.764004487259e-04       1.590817465776e+03 
       4.025658960250e-04       1.696087060390e+03 
       4.303877902338e-04       1.807567499787e+03 
       4.600298737232e-04       1.925842092940e+03 
       4.916674368247e-04       2.051525841538e+03 
       5.254864425558e-04       2.185259755543e+03 
       5.616819476895e-04       2.327702207702e+03 
       6.004556721769e-04       2.479516926299e+03 
       6.420125931567e-04       2.641357145112e+03 
       6.865564946312e-04       2.813845971845e+03 
       7.342844955267e-04       2.997553208253e+03 
       7.853807074603e-04       3.192969443593e+03 
       8.400093291696e-04       3.400479071324e+03 
       8.983076443675e-04       3.620333999391e+03 
       9.603795189002e-04       3.852630774531e+03 
       1.026290051399e-03       4.097293661063e+03 
       1.096061986160e-03       4.354065754895e+03 
       1.169674336399e-03       4.622510065682e+03 
       1.247063410278e-03       4.902020559143e+03 
       1.328126131146e-03       5.191842524262e+03 
       1.412725263021e-03       5.491072561139e+03 
       1.500695952217e-03       5.798756294112e+03 
       1.591852910682e-03       6.113884970510e+03 
       1.685997597132e-03       6.435411906362e+03 
       1.782924870927e-03       6.762293922687e+03 
       1.882428759257e-03       7.093514547219e+03 
       1.984307149445e-03       7.428102308280e+03 
       2.088365365329e-03       7.765144144992e+03 
       2.194418694421e-03       8.103793365111e+03 
       2.302293998561e-03       8.443274807193e+03 
       2.411830570806e-03       8.782885945240e+03 
       2.522880404826e-03       9.121994882906e+03 
       2.635308029882e-03       9.460038464228e+03 
       2.748990042548e-03       9.796516933278e+03 
       2.863814441592e-03       1.013099107726e+04 
       2.979679848539e-03       1.046307489133e+04 
       3.096494675272e-03       1.079243242282e+04 
       3.214176282509e-03       1.111877162741e+04 
       3.332650158999e-03       1.144184087699e+04 
       3.451849140678e-03       1.176142367833e+04 
       3.571712681076e-03       1.207733173482e+04 
       3.692186178644e-03       1.238940982018e+04 
       3.813220362724e-03       1.269752346295e+04 
       3.934770737248e-03       1.300156381176e+04 
       4.056797079609e-03       1.330143588391e+04 
       4.179262991157e-03       1.359706592834e+04 
       4.302135495260e-03       1.388839488768e+04 
       4.425384678732e-03       1.417537389516e+04 
       4.548983372436e-03       1.445796835366e+04 
       4.672906867087e-03       1.473614982494e+04 
       4.797132660503e-03       1.500990816212e+04 
       4.921640232876e-03       1.527921910986e+04 
       5.046410846930e-03       1.554410610399e+04 
       5.171427370143e-03       1.580456332680e+04 
       5.296674116521e-03       1.606059721308e+04 
       5.422136705660e-03       1.631222297132e+04 
       5.547801937108e-03       1.655945634758e+04 
       5.673657678258e-03       1.680231485761e+04 
       5.799692764211e-03       1.704082832302e+04 
       5.925896908236e-03       1.727501556679e+04 
       6.052260621603e-03       1.750490917967e+04 
       6.178775141736e-03       1.773054384890e+04 
       6.305432367739e-03       1.795194608234e+04 
       6.432224802458e-03       1.816914854946e+04 
       6.559145500367e-03       1.838219165786e+04 
       6.686188020621e-03       1.859110532858e+04 
       6.813346384718e-03       1.879593394191e+04 
       6.940615038267e-03       1.899671533074e+04 
       7.067988816420e-03       1.919348294904e+04 
       7.195462912579e-03       1.938627944094e+04 
       7.323032850035e-03       1.957514456567e+04 
       7.450694456232e-03       1.976011215833e+04 
       7.578443839380e-03       1.994122969958e+04 
       7.706277367195e-03       2.011853732252e+04 
       7.834191647523e-03       2.029208154933e+04 
       7.962183510688e-03       2.046188577167e+04 
       8.090249993374e-03       2.062800642154e+04 
       8.218388323908e-03       2.079047794907e+04 
       8.346595908785e-03       2.094932726611e+04 
       8.474870320347e-03       2.110462385332e+04 
       8.603209285481e-03       2.125639430453e+04 
       8.731610675253e-03       2.140467407315e+04 
       8.860072495387e-03       2.154950897995e+04 
       8.988592877524e-03       2.169092945235e+04 
       9.117170071166e-03       2.182898479672e+04 
       9.245802436271e-03       2.196370949002e+04 
       9.374488436424e-03       2.209514389418e+04 
       9.503226632536e-03       2.222332686301e+04 
       9.632015677038e-03       2.234829251654e+04 
       9.760854308503e-03       2.247007748555e+04 
       9.889741346691e-03       2.258872665004e+04 
       1.001867568796e-02       2.270426081628e+04 
       1.014765630100e-02       2.281672988931e+04 
       1.027668222292e-02       2.292616693937e+04 
       1.040575255559e-02       2.303260174701e+04 
       1.053486646227e-02       2.313607945485e+04 
       1.066402316444e-02       2.323662721822e+04 
       1.079322193894e-02       2.333428170707e+04 
       1.092246211522e-02       2.342907963922e+04 
       1.105174307285e-02       2.352105611660e+04 
       1.118106423920e-02       2.361022732917e+04 
       1.131042508723e-02       2.369666246294e+04 
       1.143982513352e-02       2.378036855872e+04 
       1.156926393637e-02       2.386138998389e+04 
       1.169874109404e-02       2.393974514024e+04 
       1.182825624318e-02       2.401547802089e+04 
       1.195780905728e-02       2.408863205218e+04 
       1.208739924525e-02       2.415921968870e+04 
       1.221702655018e-02       2.422727778930e+04 
       1.234669074807e-02       2.429284231473e+04 
       1.247639164673e-02       2.435593370882e+04 
       1.260612908473e-02       2.441659726612e+04 
       1.273590293043e-02       2.447485625799e+04 
       1.286571308106e-02       2.453074208785e+04 
       1.299555946191e-02       2.458428512065e+04 
       1.312544202555e-02       2.463551794730e+04 
       1.325536075111e-02       2.468445994539e+04 
       1.338531564362e-02       2.473116554321e+04 
       1.351530673340e-02       2.477563259413e+04 
       1.364533407550e-02       2.481790582413e+04 
       1.377539774920e-02       2.485800857340e+04 
       1.390549785752e-02       2.489597319923e+04 
       1.403563452678e-02       2.493182046136e+04 
       1.416580790625e-02       2.496557552859e+04 
       1.429601816775e-02       2.499727230230e+04 
       1.442626550538e-02       2.502693974906e+04 
       1.455655013517e-02       2.505458832071e+04 
       1.468687229490e-02       2.508026050740e+04 
       1.481723224380e-02       2.510396568334e+04 
       1.494763026242e-02       2.512574654593e+04 
       1.507806665244e-02       2.514562304730e+04 
       1.520854173650e-02       2.516361778106e+04 
       1.533905585813e-02       2.517974377309e+04 
       1.546960938166e-02       2.519404873790e+04 
       1.560020269211e-02       2.520654433885e+04 
       1.573083619518e-02       2.521725447407e+04 
       1.586151031723e-02       2.522621448780e+04 
       1.599222550526e-02       2.523342153002e+04 
       1.612298222697e-02       2.523892801695e+04 
       1.625378097073e-02       2.524275408165e+04 
       1.638462224574e-02       2.524488824280e+04 
       1.651550658203e-02       2.524539066060e+04 
       1.664643453057e-02       2.524427902536e+04 
       1.677740666345e-02       2.524156274557e+04 
       1.690842357393e-02       2.523726903506e+04 
       1.703948587665e-02       2.523142016382e+04 
       1.717059420779e-02       2.522404680895e+04 
       1.730174922525e-02       2.521515391713e+04 
       1.743295160886e-02       2.520478487985e+04 
       1.756420206062e-02       2.519294382519e+04 
       1.769550130488e-02       2.517965678753e+04 
       1.782685008870e-02       2.516493871540e+04 
       1.795824918201e-02       2.514882312626e+04 
       1.808969937799e-02       2.513132647953e+04 
       1.822120149331e-02       2.511246562715e+04 
       1.835275636850e-02       2.509226513681e+04 
       1.848436486828e-02       2.507073124508e+04 
       1.861602788189e-02       2.504790214592e+04 
       1.874774632350e-02       2.502379409822e+04 
       1.887952113256e-02       2.499844401791e+04 
       1.901135327425e-02       2.497183516353e+04 
       1.914324373989e-02       2.494401537830e+04 
       1.927519354737e-02       2.491497907083e+04 
       1.940720374161e-02       2.488476886527e+04 
       1.953927539506e-02       2.485338680728e+04 
       1.967140960817e-02       2.482086557236e+04 
       1.980360750994e-02       2.478721776872e+04 
       1.993587025841e-02       2.475248304093e+04 
       2.006819904124e-02       2.471665532082e+04 
       2.020059507628e-02       2.467974890753e+04 
       2.033305961215e-02       2.464180118001e+04 
       2.046559392887e-02       2.460278790904e+04 
       2.059819933848e-02       2.456279087906e+04 
       2.073087718570e-02       2.452181772779e+04 
       2.086362884860e-02       2.447982753904e+04 
       2.099645573930e-02       2.443687014765e+04 
       2.112935930470e-02       2.439300440006e+04 
       2.126234102721e-02       2.434821888611e+04 
       2.139540242552e-02       2.430248130934e+04 
       2.152854505542e-02       2.425587661266e+04 
       2.166177051056e-02       2.420833929778e+04 
       2.179508042336e-02       2.416006313225e+04 
       2.192847646583e-02       2.411090709034e+04 
       2.206196035048e-02       2.406090114241e+04 
       2.219553383128e-02       2.401008026828e+04 
       2.232919870454e-02       2.395847534474e+04 
       2.246295680998e-02       2.390611282608e+04 
       2.259681003169e-02       2.385293233414e+04 
       2.273076029917e-02       2.379907850001e+04 
       2.286480958848e-02       2.374446593544e+04 
       2.299895992324e-02       2.368912667277e+04 
       2.313321337590e-02       2.363305412592e+04 
       2.326757206883e-02       2.357635610797e+04 
       2.340203817558e-02       2.351899290371e+04 
       2.353661392216e-02       2.346089460956e+04 
       2.367130158827e-02       2.340220384287e+04 
       2.380610350874e-02       2.334291152826e+04 
       2.394102207480e-02       2.328289578510e+04 
       2.407605973561e-02       2.322243963631e+04 
       2.421121899967e-02       2.316132812305e+04 
       2.434650243633e-02       2.309962594908e+04 
       2.448191267743e-02       2.303735097251e+04 
       2.461745241882e-02       2.297453120285e+04 
       2.475312442212e-02       2.291122336771e+04 
       2.488893151639e-02       2.284740041368e+04 
       2.502487659991e-02       2.278303964496e+04 
       2.516096264207e-02       2.271816222706e+04 
       2.529719268522e-02       2.265285795852e+04 
       2.543356984663e-02       2.258705028772e+04 
       2.557009732058e-02       2.252079670018e+04 
       2.570677838037e-02       2.245410478461e+04 
       2.584361638056e-02       2.238694875908e+04 
       2.598061475917e-02       2.231944817382e+04 
       2.611777704002e-02       2.225148375909e+04 
       2.625510683509e-02       2.218313345169e+04 
       2.639260784704e-02       2.211439237296e+04 
       2.653028387176e-02       2.204530685631e+04 
       2.666813880099e-02       2.197578573104e+04 
       2.680617662513e-02       2.190598235817e+04 
       2.694440143603e-02       2.183583047701e+04 
       2.708281742995e-02       2.176535815643e+04 
       2.722142891062e-02       2.169452574035e+04 
       2.736024029240e-02       2.162345088060e+04 
       2.749925610352e-02       2.155206786745e+04 
       2.763848098952e-02       2.148035702576e+04 
       2.777791971675e-02       2.140834325892e+04 
       2.791757717599e-02       2.133610911247e+04 
       2.805745838630e-02       2.126361633445e+04 
       2.819756849886e-02       2.119087688416e+04 
       2.833791280112e-02       2.111798008880e+04 
       2.847849672100e-02       2.104478155066e+04 
       2.861932583126e-02       2.097129624712e+04 
       2.876040585411e-02       2.089762385798e+04 
       2.890174266590e-02       2.082384721670e+04 
       2.904334230209e-02       2.074981743012e+04 
       2.918521096234e-02       2.067558041264e+04 
       2.932735501584e-02       2.060120517497e+04 
       2.946978100686e-02       2.052669179671e+04 
       2.961249566051e-02       2.045198307909e+04 
       2.975550588873e-02       2.037710038868e+04 
       2.989881879654e-02       2.030212560883e+04 
       3.004244168855e-02       2.022696682871e+04 
       3.018638207573e-02       2.015169408961e+04 
       3.033064768247e-02       2.007629642339e+04 
       3.047524645398e-02       2.000081544883e+04 
       3.062018656390e-02       1.992519918837e+04 
       3.076547642238e-02       1.984947192178e+04 
       3.091112468442e-02       1.977370581645e+04 
       3.105714025859e-02       1.969783321435e+04 
       3.120353231615e-02       1.962182553727e+04 
       3.135031030061e-02       1.954575017001e+04 
       3.149748393766e-02       1.946968955020e+04 
       3.164506324559e-02       1.939349815797e+04 
       3.179305854619e-02       1.931725342878e+04 
       3.194148047617e-02       1.924101851707e+04 
       3.209033999906e-02       1.916464690754e+04 
       3.223964841776e-02       1.908832689259e+04 
       3.238941738760e-02       1.901191469711e+04 
       3.253965893010e-02       1.893550462138e+04 
       3.269038544739e-02       1.885902491486e+04 
       3.284160973729e-02       1.878255897357e+04 
       3.299334500921e-02       1.870604253544e+04 
       3.314560490080e-02       1.862960318004e+04 
       3.329840349547e-02       1.855308472319e+04 
       3.345175534078e-02       1.847657857996e+04 
       3.360567546786e-02       1.840002725961e+04 
       3.376017941171e-02       1.832358868997e+04 
       3.391528323272e-02       1.824710150192e+04 
       3.407100353922e-02       1.817063887582e+04 
       3.422735751136e-02       1.809417226996e+04 
       3.438436292620e-02       1.801776054894e+04 
       3.454203818419e-02       1.794136456192e+04 
       3.470040233725e-02       1.786498460166e+04 
       3.485947511822e-02       1.778860979931e+04 
       3.501927697224e-02       1.771230435404e+04 
       3.517982908970e-02       1.763600079863e+04 
       3.534115344131e-02       1.755977443358e+04 
       3.550327281510e-02       1.748353160805e+04 
       3.566621085570e-02       1.740739775081e+04 
       3.582999210602e-02       1.733124720393e+04 
       3.599464205136e-02       1.725514394294e+04 
       3.616018716639e-02       1.717906330767e+04 
       3.632665496497e-02       1.710304870328e+04 
       3.649407405320e-02       1.702711844009e+04 
       3.666247418581e-02       1.695119510149e+04 
       3.683188632629e-02       1.687534863671e+04 
       3.700234271088e-02       1.679945616311e+04 
       3.717387691695e-02       1.672368544262e+04 
       3.734652393587e-02       1.664793554974e+04 
       3.752032025097e-02       1.657225578842e+04 
       3.769530392089e-02       1.649661365397e+04 
       3.787151466869e-02       1.642102602037e+04 
       3.804899397748e-02       1.634546570773e+04 
       3.822778519281e-02       1.626991793701e+04 
       3.840793363262e-02       1.619442188546e+04 
       3.858948670541e-02       1.611899501689e+04 
       3.877249403722e-02       1.604360715240e+04 
       3.895700760840e-02       1.596825649533e+04 
       3.914308190094e-02       1.589290839251e+04 
       3.933077405747e-02       1.581762578588e+04 
       3.952014405293e-02       1.574229709192e+04 
       3.971125488021e-02       1.566701540537e+04 
       3.990417275105e-02       1.559181317280e+04 
       4.009896731388e-02       1.551657285237e+04 
       4.029571189012e-02       1.544136078607e+04 
       4.049448373096e-02       1.536615031335e+04 
       4.069536429676e-02       1.529089709274e+04 
       4.089843956138e-02       1.521564590190e+04 
       4.110380034434e-02       1.514043448116e+04 
       4.131154267354e-02       1.506516593413e+04 
       4.152176818235e-02       1.498988917071e+04 
       4.173458454467e-02       1.491452691745e+04 
       4.195010595251e-02       1.483918093366e+04 
       4.216845364108e-02       1.476376687867e+04 
       4.238975646711e-02       1.468828028729e+04 
       4.261415154690e-02       1.461273244951e+04 
       4.284178496153e-02       1.453710421466e+04 
       4.307281253788e-02       1.446137925977e+04 
       4.330740071514e-02       1.438557098157e+04 
       4.354572750826e-02       1.430959397559e+04 
       4.378798358138e-02       1.423352578983e+04 
       4.403437344635e-02       1.415732693335e+04 
       4.428511680406e-02       1.408095126871e+04 
       4.454045004904e-02       1.400436563271e+04 
       4.480062796129e-02       1.392765591945e+04 
       4.506592561363e-02       1.385068009756e+04 
       4.533664052738e-02       1.377344751097e+04 
       4.561309511578e-02       1.369596033646e+04 
       4.589563946101e-02       1.361821517375e+04 
       4.618465448014e-02       1.354010966035e+04 
       4.648055554522e-02       1.346175445460e+04 
       4.678379663626e-02       1.338298544064e+04 
       4.709487512124e-02       1.330378966639e+04 
       4.741433727710e-02       1.322416667370e+04 
       4.774278468959e-02       1.314406544934e+04 
       4.808088169976e-02       1.306341030329e+04 
       4.842936410232e-02       1.298221968228e+04 
       4.878904934729e-02       1.290040252212e+04 
       4.916084855550e-02       1.281785219466e+04 
       4.954578073176e-02       1.273457023391e+04 
       4.994498965325e-02       1.265045984019e+04 
       5.035976402938e-02       1.256539781106e+04 
       5.079156168005e-02       1.247934707703e+04 
       5.124203867190e-02       1.239215429409e+04 
       5.171308459725e-02       1.230370288000e+04 
       5.220686549247e-02       1.221387403017e+04 
       5.272587628721e-02       1.212241332794e+04 
       5.327300517012e-02       1.202920369914e+04 
       5.385161286438e-02       1.193398089442e+04 
       5.446563052827e-02       1.183638769470e+04 
       5.511968080349e-02       1.173615030582e+04 
       5.581922732395e-02       1.163274489754e+04 
       5.657075852001e-02       1.152565141038e+04 
       5.738201125212e-02       1.141412897750e+04 
       5.826223754178e-02       1.129726816794e+04 
       5.922251120933e-02       1.117386598823e+04 
       6.027605646616e-02       1.104232444750e+04 
       6.143855042986e-02       1.090054394900e+04 
       6.272829571713e-02       1.074569627446e+04 
       6.416606666588e-02       1.057398273647e+04 
       6.577430483500e-02       1.038057966567e+04 
       6.757522617579e-02       1.015935573903e+04 
       6.958746293643e-02       9.903283737846e+03 
       7.182138353825e-02       9.605359789185e+03 
       7.427438163755e-02       9.260481279666e+03 
       7.692861429718e-02       8.867834482276e+03 
       7.975334167169e-02       8.432913481564e+03 
       8.271139746556e-02       7.967811154067e+03 
       8.576654114900e-02       7.489459083851e+03 
       8.888843439287e-02       7.016631802250e+03 
       9.205430585191e-02       6.566851798809e+03 
       9.524830915469e-02       6.154218430715e+03 
       9.845996023531e-02       5.788167873193e+03 
       1.016825458712e-01       5.473236680785e+03 
       1.049118553256e-01       5.209451551929e+03 
       1.081452811827e-01       4.993046037310e+03 
       1.113812214910e-01       4.817423433827e+03 
       1.146186966825e-01       4.674027995537e+03 
       1.178571094144e-01       4.553267154270e+03 
       1.210960959645e-01       4.445437992615e+03 
       1.243354349961e-01       4.341527204504e+03 
       1.275749918086e-01       4.233986768819e+03 
       1.308146843684e-01       4.117352548245e+03 
       1.340544626455e-01       3.988588323133e+03 
       1.372942960570e-01       3.847159470564e+03 
       1.405341658405e-01       3.694779630900e+03 
       1.437740604232e-01       3.534909536267e+03 
       1.470139726102e-01       3.372099679556e+03 
       1.502538978765e-01       3.211294117096e+03 
       1.534938333302e-01       3.057208521588e+03 
       1.567337770813e-01       2.913832465708e+03 
       1.599737278586e-01       2.784079040713e+03 
       1.632136847756e-01       2.669629533469e+03 
       1.664536471878e-01       2.570933253907e+03 
       1.696936146057e-01       2.487280852801e+03 
       1.729335866407e-01       2.417020884627e+03 
       1.761735629721e-01       2.357793208554e+03 
       1.794135433264e-01       2.306783950543e+03 
       1.826535274640e-01       2.261017263682e+03 
       1.858935151711e-01       2.218016542258e+03 
       1.891335062540e-01       2.175042276329e+03 
       1.923735005354e-01       2.129755713664e+03 
       1.956134978519e-01       2.080746146344e+03 
       1.988534980518e-01       2.027404237177e+03 
       2.020935009944e-01       1.969888621150e+03 
       2.053335065479e-01       1.909014415813e+03 
       2.085735145894e-01       1.846072021869e+03 
       2.118135250035e-01       1.782584569766e+03 
       2.150535376820e-01       1.720127592593e+03 
       2.182935525234e-01       1.660097080435e+03 
       2.215335694318e-01       1.603629790757e+03 
       2.247735883173e-01       1.551552940129e+03 
       2.280136090950e-01       1.504342550519e+03 
       2.312536316847e-01       1.462147993429e+03 
       2.344936560108e-01       1.424797462360e+03 
       2.377336820020e-01       1.391829362445e+03 
       2.409737095904e-01       1.362553086390e+03 
       2.442137387122e-01       1.336104606672e+03 
       2.474537693067e-01       1.311549123470e+03 
       2.506938013165e-01       1.287973396450e+03 
       2.539338346870e-01       1.264569944869e+03 
       2.571738693665e-01       1.240707878811e+03 
       2.604139053058e-01       1.215963070447e+03 
       2.636539424582e-01       1.190128373301e+03 
       2.668939807793e-01       1.163197822675e+03 
       2.701340202267e-01       1.135342050379e+03 
       2.733740607601e-01       1.106881824436e+03 
       2.766141023413e-01       1.078233080690e+03 
       2.798541449335e-01       1.049870031631e+03 
       2.830941885019e-01       1.022269387916e+03 
       2.863342330131e-01       9.958538959699e+02 
       2.895742784354e-01       9.709483872635e+02 
       2.928143247383e-01       9.477533762270e+02 
       2.960543718927e-01       9.263328141424e+02 
       2.992944198708e-01       9.066300134730e+02 
       3.025344686461e-01       8.884923743036e+02 
       3.057745181930e-01       8.716969011174e+02 
       3.090145684872e-01       8.559807044256e+02 
       3.122546195053e-01       8.410717136423e+02 
       3.154946712248e-01       8.266918051896e+02 
       3.187347236243e-01       8.125863996494e+02 
       3.219747766831e-01       7.985367719463e+02 
       3.252148303815e-01       7.843833371276e+02 
       3.284548847003e-01       7.700288115334e+02 
       3.316949396214e-01       7.554511734755e+02 
       3.349349951272e-01       7.406930646410e+02 
       3.381750512007e-01       7.258470869112e+02 
       3.414151078258e-01       7.110418357886e+02 
       3.446551649869e-01       6.964099467705e+02 
       3.478952226688e-01       6.820878147700e+02 
       3.511352808571e-01       6.681881111722e+02 
       3.543753395378e-01       6.548103014920e+02 
       3.576153986975e-01       6.420239256902e+02 
       3.608554583233e-01       6.298719403661e+02 
       3.640955184026e-01       6.183613909701e+02 
       3.673355789234e-01       6.074655147784e+02 
       3.705756398740e-01       5.971254217631e+02 
       3.738157012433e-01       5.872587981153e+02 
       3.770557630203e-01       5.777686696118e+02 
       3.802958251947e-01       5.685593411458e+02 
       3.835358877563e-01       5.595467759866e+02 
       3.867759506953e-01       5.506640871785e+02 
       3.900160140023e-01       5.418621402580e+02 
       3.932560776682e-01       5.331117200259e+02 
       3.964961416841e-01       5.243971600793e+02 
       3.997362060415e-01       5.157191096893e+02 
       4.029762707321e-01       5.070894364564e+02 
       4.062163357479e-01       4.985331493141e+02 
       4.094564010812e-01       4.900832771581e+02 
       4.126964667244e-01       4.817801906412e+02 
       4.159365326703e-01       4.736619169307e+02 
       4.191765989118e-01       4.657611464605e+02 
       4.224166654421e-01       4.580953635991e+02 
       4.256567322546e-01       4.506791963259e+02 
       4.288967993429e-01       4.435088959492e+02 
       4.321368667007e-01       4.365795899501e+02 
       4.353769343220e-01       4.298781384150e+02 
       4.386170022010e-01       4.233908530320e+02 
       4.418570703319e-01       4.171013216555e+02 
       4.450971387092e-01       4.109863409107e+02 
       4.483372073276e-01       4.050232626890e+02 
       4.515772761818e-01       3.991845036799e+02 
       4.548173452669e-01       3.934449053930e+02 
       4.580574145778e-01       3.877854520979e+02 
       4.612974841099e-01       3.821955236263e+02 
       4.645375538584e-01       3.766666630058e+02 
       4.677776238188e-01       3.712028123739e+02 
       4.710176939868e-01       3.658039330862e+02 
       4.742577643582e-01       3.604807559926e+02 
       4.774978349286e-01       3.552350676922e+02 
       4.807379056942e-01       3.500750879420e+02 
       4.839779766509e-01       3.450121622811e+02 
       4.872180477950e-01       3.400530700544e+02 
       4.904581191227e-01       3.352102686347e+02 
       4.936981906303e-01       3.304898510191e+02 
       4.969382623145e-01       3.258930924897e+02 
       5.001783341717e-01       3.214194123138e+02 
       5.034184061985e-01       3.170607295795e+02 
       5.066584783917e-01       3.128084376469e+02 
       5.098985507482e-01       3.086506612649e+02 
       5.131386232647e-01       3.045777368795e+02 
       5.163786959384e-01       3.005842182369e+02 
       5.196187687662e-01       2.966604001739e+02 
       5.228588417453e-01       2.928024570710e+02 
       5.260989148729e-01       2.890016662335e+02 
       5.488415966697e-01       2.638081428598e+02 
       5.738147365394e-01       2.395566391478e+02 
       6.016103987712e-01       2.162699811189e+02 
       6.330984571748e-01       1.933866566443e+02 
       6.696215108184e-01       1.709668078382e+02 
       7.133817401109e-01       1.485782721119e+02 
       7.682711019258e-01       1.259134930073e+02 
       8.417910505529e-01       1.024780719832e+02 
       9.495424846739e-01       7.788071395004e+01 
       1.122274439640e+00       5.293422407508e+01 
       1.391291207044e+00       3.195077428754e+01 
       1.750103138830e+00       1.846064363694e+01 
       2.203229341536e+00       1.055109267235e+01 
       2.773701354201e+00       5.981779572401e+00 
       3.491883119514e+00       3.366590072628e+00 
       4.396020394171e+00       1.882177374991e+00 
       5.534261784987e+00       1.045925377421e+00 
       6.967222796641e+00       5.780076763471e-01 
       8.771213828324e+00       3.178022295721e-01 
       1.104230398076e+01       1.739181056073e-01 
       1.390143708613e+01       9.476568827702e-02 
