# Matter power spectrum P(k) at redshift z=0
# for k=1.03961e-05 to 13.9165 h/Mpc,
# number of wavenumbers equal to 549
#    1:k (h/Mpc)              2:P (Mpc/h)^3        
       1.039609977471e-05       5.347010521886e+01 
       2.319095722733e-05       1.155092930556e+02 
       3.603025423457e-05       1.763208622367e+02 
       4.894807484163e-05       2.366125706409e+02 
       6.197905976575e-05       2.967780356438e+02 
       7.515871117816e-05       3.571066315491e+02 
       8.852370711232e-05       4.178421434739e+02 
       1.021122296285e-04       4.792066091071e+02 
       1.159643108966e-04       5.414124366789e+02 
       1.301222013934e-04       6.046696337891e+02 
       1.446307644153e-04       6.691907333547e+02 
       1.595379010616e-04       7.351945584651e+02 
       1.748950096763e-04       8.029093709756e+02 
       1.907574834033e-04       8.725757032551e+02 
       2.071852489065e-04       9.444490417226e+02 
       2.242433483185e-04       1.018802439552e+03 
       2.420025649508e-04       1.095929137464e+03 
       2.605400910284e-04       1.176145174035e+03 
       2.799402324436e-04       1.259792009816e+03 
       3.002951409599e-04       1.347239097694e+03 
       3.217055580821e-04       1.438886346264e+03 
       3.442815465670e-04       1.535166346350e+03 
       3.681431749122e-04       1.636546204356e+03 
       3.934211068863e-04       1.743528784452e+03 
       4.202570322041e-04       1.856653045759e+03 
       4.488038562500e-04       1.976493157547e+03 
       4.792255474388e-04       2.103655929088e+03 
       5.116965225900e-04       2.238776134957e+03 
       5.464004372002e-04       2.382509173139e+03 
       5.835282439696e-04       2.535520591380e+03 
       6.232753961265e-04       2.698472080523e+03 
       6.658381094595e-04       2.872003781205e+03 
       7.114086650089e-04       3.056712953941e+03 
       7.601698358072e-04       3.253129694113e+03 
       8.122886513773e-04       3.461690763078e+03 
       8.679098580840e-04       3.682713274596e+03 
       9.271495658526e-04       3.916370408767e+03 
       9.900896583778e-04       4.162671660594e+03 
       1.056773551527e-03       4.421449994429e+03 
       1.127203792618e-03       4.692357762263e+03 
       1.201341804715e-03       4.974872325640e+03 
       1.279109825853e-03       5.268311446750e+03 
       1.360394825218e-03       5.571844094269e+03 
       1.445053953976e-03       5.884525169208e+03 
       1.532920951564e-03       6.205381589361e+03 
       1.623812896495e-03       6.533368973665e+03 
       1.717536753543e-03       6.867429788797e+03 
       1.813895296106e-03       7.206519238546e+03 
       1.912692136122e-03       7.549626485371e+03 
       2.013735741420e-03       7.895790698315e+03 
       2.116842440477e-03       8.244112485010e+03 
       2.221838498128e-03       8.593760706112e+03 
       2.328561393747e-03       8.943976449128e+03 
       2.436860452076e-03       9.294072408588e+03 
       2.546596974938e-03       9.643432068519e+03 
       2.657644007469e-03       9.991504771663e+03 
       2.769885851963e-03       1.033780433281e+04 
       2.883217420278e-03       1.068190104305e+04 
       2.997543494897e-03       1.102341927311e+04 
       3.112777950577e-03       1.136203091725e+04 
       3.228842973503e-03       1.169745119888e+04 
       3.345668303031e-03       1.202943444124e+04 
       3.463190512065e-03       1.235776787685e+04 
       3.581352335409e-03       1.268226956127e+04 
       3.700102050656e-03       1.300278773875e+04 
       3.819392912821e-03       1.331919082700e+04 
       3.939182641726e-03       1.363137233481e+04 
       4.059432959690e-03       1.393924036721e+04 
       4.180109176307e-03       1.424272461938e+04 
       4.301179816603e-03       1.454176483861e+04 
       4.422616288785e-03       1.483631885453e+04 
       4.544392587817e-03       1.512634844021e+04 
       4.666485031201e-03       1.541183383185e+04 
       4.788872023608e-03       1.569275227521e+04 
       4.911533847241e-03       1.596909470649e+04 
       5.034452475099e-03       1.624088861913e+04 
       5.157611404580e-03       1.645009595372e+04 
       5.280995509139e-03       1.671049356906e+04 
       5.404590905946e-03       1.696632926043e+04 
       5.528384837713e-03       1.721761966265e+04 
       5.652365567099e-03       1.746438991063e+04 
       5.776522282237e-03       1.770666782341e+04 
       5.900845012137e-03       1.794447457477e+04 
       6.025324550842e-03       1.817785155132e+04 
       6.149952389355e-03       1.840682738031e+04 
       6.274720654468e-03       1.863143187393e+04 
       6.399622053729e-03       1.885171192333e+04 
       6.524649825870e-03       1.906769586917e+04 
       6.649797696099e-03       1.927942084139e+04 
       6.775059835734e-03       1.948693862098e+04 
       6.900430825703e-03       1.969028008556e+04 
       7.025905623511e-03       1.988948425184e+04 
       7.151479533310e-03       2.008460512584e+04 
       7.277148178727e-03       2.027566859078e+04 
       7.402907478199e-03       2.046272131237e+04 
       7.528753622533e-03       2.064581553184e+04 
       7.654683054475e-03       2.082498755926e+04 
       7.780692450091e-03       2.100028668258e+04 
       7.906778701778e-03       2.117173534339e+04 
       8.032938902741e-03       2.133939958644e+04 
       8.159170332803e-03       2.150330193568e+04 
       8.285470445409e-03       2.166349511922e+04 
       8.411836855732e-03       2.182003515414e+04 
       8.538267329746e-03       2.197295002491e+04 
       8.664759774206e-03       2.212228378152e+04 
       8.791312227440e-03       2.226806914640e+04 
       8.917922850874e-03       2.241035853516e+04 
       9.044589921234e-03       2.254919491338e+04 
       9.171311823364e-03       2.268461282009e+04 
       9.298087043597e-03       2.281665190293e+04 
       9.424914163642e-03       2.294536179553e+04 
       9.551791854939e-03       2.307077461336e+04 
       9.678718873436e-03       2.319292045046e+04 
       9.805694054768e-03       2.331185440564e+04 
       9.932716309785e-03       2.342760009413e+04 
       1.005978462042e-02       2.354020839130e+04 
       1.018689803584e-02       2.364970866126e+04 
       1.031405566893e-02       2.375614100817e+04 
       1.044125669295e-02       2.385954352994e+04 
       1.056850033849e-02       2.395994551252e+04 
       1.069578589065e-02       2.405739242319e+04 
       1.082311268638e-02       2.415191906851e+04 
       1.095048011202e-02       2.424355977404e+04 
       1.107788760104e-02       2.433234072805e+04 
       1.120533463190e-02       2.441832186288e+04 
       1.133282072611e-02       2.450152028270e+04 
       1.146034544634e-02       2.458196408940e+04 
       1.158790839478e-02       2.465970187271e+04 
       1.171550921150e-02       2.473477070210e+04 
       1.184314757300e-02       2.480718415606e+04 
       1.197082319083e-02       2.487699433539e+04 
       1.209853581029e-02       2.494423348588e+04 
       1.222628520930e-02       2.500892399239e+04 
       1.235407119723e-02       2.507110091290e+04 
       1.248189361391e-02       2.513079555672e+04 
       1.260975232867e-02       2.518805244211e+04 
       1.273764723946e-02       2.524289330431e+04 
       1.286557827200e-02       2.529534955380e+04 
       1.299354537909e-02       2.534545288702e+04 
       1.312154853984e-02       2.539322906208e+04 
       1.324958775905e-02       2.543872733488e+04 
       1.337766306660e-02       2.548195564452e+04 
       1.350577451694e-02       2.552295615545e+04 
       1.363392218852e-02       2.556175200209e+04 
       1.376210618338e-02       2.559837731721e+04 
       1.389032662671e-02       2.563284760115e+04 
       1.401858366647e-02       2.566519716085e+04 
       1.414687747302e-02       2.569546032723e+04 
       1.427520823885e-02       2.572365873827e+04 
       1.440357617826e-02       2.574981738090e+04 
       1.453198152714e-02       2.577397255774e+04 
       1.466042454271e-02       2.579613759989e+04 
       1.478890550340e-02       2.581635029831e+04 
       1.491742470861e-02       2.583462832200e+04 
       1.504598247862e-02       2.585100732739e+04 
       1.517457915447e-02       2.586550432309e+04 
       1.530321509788e-02       2.587814962675e+04 
       1.543189069116e-02       2.588896608296e+04 
       1.556060633718e-02       2.589797813450e+04 
       1.568936245938e-02       2.590521453931e+04 
       1.581815950173e-02       2.591069283547e+04 
       1.594699792879e-02       2.591444560785e+04 
       1.607587822571e-02       2.591649015536e+04 
       1.620480089834e-02       2.591684849764e+04 
       1.633376647329e-02       2.591554686725e+04 
       1.646277549801e-02       2.591261443052e+04 
       1.659182854094e-02       2.590807681441e+04 
       1.672092619163e-02       2.590194194676e+04 
       1.685006906091e-02       2.589424229432e+04 
       1.697925778104e-02       2.588500381803e+04 
       1.710849300591e-02       2.587423231805e+04 
       1.723777541125e-02       2.586197627817e+04 
       1.736710569484e-02       2.584823730548e+04 
       1.749648457678e-02       2.583303643552e+04 
       1.762591279969e-02       2.581641007689e+04 
       1.775539112905e-02       2.579836743956e+04 
       1.788492035343e-02       2.577893094551e+04 
       1.801450128483e-02       2.575815241125e+04 
       1.814413475901e-02       2.573599132801e+04 
       1.827382163580e-02       2.571252396488e+04 
       1.840356279947e-02       2.568774715002e+04 
       1.853335915911e-02       2.566168233752e+04 
       1.866321164900e-02       2.563436746014e+04 
       1.879312122903e-02       2.560577576492e+04 
       1.892308888515e-02       2.557597905553e+04 
       1.905311562975e-02       2.554498136605e+04 
       1.918320250217e-02       2.551277785245e+04 
       1.931335056915e-02       2.547942120803e+04 
       1.944356092536e-02       2.544492380211e+04 
       1.957383469387e-02       2.540930691134e+04 
       1.970417302669e-02       2.537258203087e+04 
       1.983457710535e-02       2.533477154808e+04 
       1.996504814146e-02       2.529588708972e+04 
       2.009558737728e-02       2.525592887748e+04 
       2.022619608635e-02       2.521497267593e+04 
       2.035687557411e-02       2.517299143911e+04 
       2.048762717856e-02       2.513001130020e+04 
       2.061845227096e-02       2.508603393600e+04 
       2.074935225646e-02       2.504114973163e+04 
       2.088032857489e-02       2.499525989882e+04 
       2.101138270146e-02       2.494851054786e+04 
       2.114251614753e-02       2.490083550201e+04 
       2.127373046143e-02       2.485225290083e+04 
       2.140502722924e-02       2.480280803052e+04 
       2.153640807565e-02       2.475253785212e+04 
       2.166787466482e-02       2.470140003634e+04 
       2.179942870129e-02       2.464945246349e+04 
       2.193107193090e-02       2.459661996068e+04 
       2.206280614172e-02       2.454312480132e+04 
       2.219463316506e-02       2.448880722252e+04 
       2.232655487647e-02       2.443369184008e+04 
       2.245857319680e-02       2.437790119659e+04 
       2.259069009326e-02       2.432136843834e+04 
       2.272290758053e-02       2.426413732954e+04 
       2.285522772193e-02       2.420614392851e+04 
       2.298765263057e-02       2.414752188183e+04 
       2.312018447061e-02       2.408825914691e+04 
       2.325282545847e-02       2.402834544665e+04 
       2.338557786417e-02       2.396772022875e+04 
       2.351844401264e-02       2.390650750949e+04 
       2.365142628513e-02       2.384471141173e+04 
       2.378452712059e-02       2.378231911029e+04 
       2.391774901721e-02       2.371932683064e+04 
       2.405109453385e-02       2.365579482308e+04 
       2.418456629169e-02       2.359168429076e+04 
       2.431816697580e-02       2.352704853761e+04 
       2.445189933682e-02       2.346187240566e+04 
       2.458576619268e-02       2.339621915823e+04 
       2.471977043040e-02       2.333003099887e+04 
       2.485391500791e-02       2.326339388188e+04 
       2.498820295596e-02       2.319620975105e+04 
       2.512263738006e-02       2.312861994860e+04 
       2.525722146257e-02       2.306062662742e+04 
       2.539195846471e-02       2.299212081905e+04 
       2.552685172881e-02       2.292324340899e+04 
       2.566190468049e-02       2.285389388382e+04 
       2.579712083101e-02       2.278423232978e+04 
       2.593250377968e-02       2.271413204080e+04 
       2.606805721629e-02       2.264366281799e+04 
       2.620378492372e-02       2.257281353433e+04 
       2.633969078058e-02       2.250164803191e+04 
       2.647577876398e-02       2.243012736418e+04 
       2.661205295233e-02       2.235829165947e+04 
       2.674851752834e-02       2.228610707050e+04 
       2.688517678204e-02       2.221363281882e+04 
       2.702203511398e-02       2.214084576573e+04 
       2.715909703844e-02       2.206775368897e+04 
       2.729636718693e-02       2.199446176874e+04 
       2.743385031162e-02       2.192088328903e+04 
       2.757155128905e-02       2.184699538081e+04 
       2.770947512392e-02       2.177285845215e+04 
       2.784762695300e-02       2.169852190613e+04 
       2.798601204924e-02       2.162396950801e+04 
       2.812463582598e-02       2.154913720377e+04 
       2.826350384140e-02       2.147415228099e+04 
       2.840262180305e-02       2.139897791429e+04 
       2.854199557264e-02       2.132360517640e+04 
       2.868163117095e-02       2.124799406469e+04 
       2.882153478299e-02       2.117226895056e+04 
       2.896171276333e-02       2.109632618059e+04 
       2.910217164167e-02       2.102031320743e+04 
       2.924291812863e-02       2.094406990156e+04 
       2.938395912172e-02       2.086773992363e+04 
       2.952530171170e-02       2.079124557927e+04 
       2.966695318904e-02       2.071464010730e+04 
       2.980892105075e-02       2.063786059653e+04 
       2.995121300749e-02       2.056104201199e+04 
       3.009383699094e-02       2.048408801941e+04 
       3.023680116153e-02       2.040706690142e+04 
       3.038011391653e-02       2.032991670839e+04 
       3.052378389839e-02       2.025274722399e+04 
       3.066782000355e-02       2.017542648754e+04 
       3.081223139165e-02       2.009811829915e+04 
       3.095702749503e-02       2.002060796473e+04 
       3.110221802883e-02       1.994320406311e+04 
       3.124781300142e-02       1.986567990556e+04 
       3.139382272539e-02       1.978809236283e+04 
       3.154025782901e-02       1.971051895852e+04 
       3.168712926826e-02       1.963286878304e+04 
       3.183444833943e-02       1.955524277120e+04 
       3.198222669227e-02       1.947754537747e+04 
       3.213047634390e-02       1.939978037190e+04 
       3.227920969327e-02       1.932208668843e+04 
       3.242843953640e-02       1.924439220604e+04 
       3.257817908239e-02       1.916668538870e+04 
       3.272844197023e-02       1.908891344390e+04 
       3.287924228643e-02       1.901116972610e+04 
       3.303059458363e-02       1.893348745093e+04 
       3.318251390009e-02       1.885578753142e+04 
       3.333501578030e-02       1.877816165351e+04 
       3.348811629661e-02       1.870046376062e+04 
       3.364183207203e-02       1.862288029128e+04 
       3.379618030435e-02       1.854526706065e+04 
       3.395117879147e-02       1.846769911233e+04 
       3.410684595820e-02       1.839018101430e+04 
       3.426320088456e-02       1.831267579091e+04 
       3.442026333565e-02       1.823521610406e+04 
       3.457805379329e-02       1.815780952464e+04 
       3.473659348943e-02       1.808046204899e+04 
       3.489590444159e-02       1.800314777410e+04 
       3.505600949031e-02       1.792591038566e+04 
       3.521693233897e-02       1.784875107090e+04 
       3.537869759592e-02       1.777158944386e+04 
       3.554133081926e-02       1.769447449442e+04 
       3.570485856438e-02       1.761745500618e+04 
       3.586930843452e-02       1.754042395376e+04 
       3.603470913452e-02       1.746356227557e+04 
       3.620109052809e-02       1.738670378275e+04 
       3.636848369875e-02       1.730985341644e+04 
       3.653692101490e-02       1.723315687625e+04 
       3.670643619918e-02       1.715648019496e+04 
       3.687706440256e-02       1.707988936750e+04 
       3.704884228357e-02       1.700331516681e+04 
       3.722180809299e-02       1.692680072562e+04 
       3.739600176464e-02       1.685038320103e+04 
       3.757146501256e-02       1.677398739787e+04 
       3.774824143532e-02       1.669766949556e+04 
       3.792637662805e-02       1.662140397097e+04 
       3.810591830276e-02       1.654521598052e+04 
       3.828691641792e-02       1.646911131179e+04 
       3.846942331789e-02       1.639297614974e+04 
       3.865349388332e-02       1.631695288596e+04 
       3.883918569350e-02       1.624096333607e+04 
       3.902655920171e-02       1.616499369289e+04 
       3.921567792500e-02       1.608906086882e+04 
       3.940660864969e-02       1.601318024732e+04 
       3.959942165424e-02       1.593734790231e+04 
       3.979419095123e-02       1.586152597870e+04 
       3.999099455046e-02       1.578577095412e+04 
       4.018991474538e-02       1.570995475451e+04 
       4.039103842534e-02       1.563422743008e+04 
       4.059445741648e-02       1.555848085057e+04 
       4.080026885446e-02       1.548269529620e+04 
       4.100857559258e-02       1.540694314290e+04 
       4.121948664941e-02       1.533121044832e+04 
       4.143311770044e-02       1.525541883749e+04 
       4.164959161916e-02       1.517966855028e+04 
       4.186903907340e-02       1.510381264129e+04 
       4.209159918382e-02       1.502793580841e+04 
       4.231742025239e-02       1.495201063081e+04 
       4.254666056987e-02       1.487606168682e+04 
       4.277948931255e-02       1.479998234912e+04 
       4.301608754022e-02       1.472384927065e+04 
       4.325664930923e-02       1.464764141539e+04 
       4.350138291655e-02       1.457127801624e+04 
       4.375051229355e-02       1.449478162042e+04 
       4.400427857115e-02       1.441817452810e+04 
       4.426294184194e-02       1.434141238335e+04 
       4.452678314895e-02       1.426449332374e+04 
       4.479610673642e-02       1.418735024215e+04 
       4.507124260416e-02       1.411002424449e+04 
       4.535254941479e-02       1.403246929698e+04 
       4.564041781264e-02       1.395464090098e+04 
       4.593527422456e-02       1.387652617318e+04 
       4.623758522675e-02       1.379813201110e+04 
       4.654786257903e-02       1.371934489764e+04 
       4.686666904923e-02       1.364024093147e+04 
       4.719462517630e-02       1.356068510842e+04 
       4.753241715377e-02       1.348070316184e+04 
       4.788080605564e-02       1.340024296623e+04 
       4.824063867786e-02       1.331921933499e+04 
       4.861286033289e-02       1.323762986288e+04 
       4.899853001585e-02       1.315539664359e+04 
       4.939883846371e-02       1.307240289154e+04 
       4.981512975963e-02       1.298864487393e+04 
       5.024892730110e-02       1.290403599403e+04 
       5.070196516278e-02       1.281839081058e+04 
       5.117622615532e-02       1.273169151425e+04 
       5.167398822482e-02       1.264373790719e+04 
       5.219788126984e-02       1.255443445261e+04 
       5.275095699105e-02       1.246354240617e+04 
       5.333677504036e-02       1.237082535679e+04 
       5.395950949389e-02       1.227609143462e+04 
       5.462408047959e-02       1.217888320140e+04 
       5.533631649025e-02       1.207882461607e+04 
       5.610315314421e-02       1.197537647051e+04 
       5.693287314850e-02       1.186780650692e+04 
       5.783538842745e-02       1.175511077519e+04 
       5.882255586174e-02       1.163614321310e+04 
       5.990849758118e-02       1.150909681914e+04 
       6.110985676323e-02       1.137168674941e+04 
       6.244584912137e-02       1.122079031646e+04 
       6.393786092288e-02       1.105210744224e+04 
       6.560821393942e-02       1.086006282566e+04 
       6.747765768352e-02       1.063771539522e+04 
       6.956138133878e-02       1.037724503858e+04 
       7.186414541420e-02       1.007127617996e+04 
       7.437642453682e-02       9.715231697104e+03 
       7.707413894966e-02       9.309994438056e+03 
       7.992311652380e-02       8.863634232277e+03 
       8.288635059686e-02       8.390957875703e+03 
       8.593043731692e-02       7.911042379055e+03 
       8.902892365345e-02       7.443743592122e+03 
       9.216271108777e-02       7.006690291409e+03 
       9.531885236304e-02       6.613165481330e+03 
       9.848892621598e-02       6.271274639538e+03 
       1.016675983116e-01       5.983918673435e+03 
       1.048515452696e-01       5.749410906481e+03 
       1.080387176454e-01       5.562425165967e+03 
       1.112278594317e-01       5.414891572580e+03 
       1.144182037183e-01       5.297017803312e+03 
       1.176092832113e-01       5.198174953902e+03 
       1.208008134710e-01       5.107869706264e+03 
       1.239926214040e-01       5.016596916742e+03 
       1.271846016350e-01       4.916730574509e+03 
       1.303766899453e-01       4.803114487319e+03 
       1.335688471255e-01       4.673452932605e+03 
       1.367610491652e-01       4.528279894236e+03 
       1.399532812951e-01       4.370549112482e+03 
       1.431455343699e-01       4.204989146553e+03 
       1.463378026716e-01       4.037273769613e+03 
       1.495300825754e-01       3.873200663041e+03 
       1.527223717386e-01       3.718005739140e+03 
       1.559146686077e-01       3.575842227634e+03 
       1.591069721182e-01       3.449510525754e+03 
       1.622992815116e-01       3.340342261634e+03 
       1.654915962234e-01       3.248282821446e+03 
       1.686839158143e-01       3.172053821727e+03 
       1.718762399282e-01       3.109416904632e+03 
       1.750685682657e-01       3.057446457934e+03 
       1.782609005677e-01       3.012831709806e+03 
       1.814532366046e-01       2.972242658372e+03 
       1.846455761699e-01       2.933132957490e+03 
       1.878379190754e-01       2.892003217989e+03 
       1.910302651481e-01       2.846750453143e+03 
       1.942226142279e-01       2.796130140213e+03 
       1.974149661664e-01       2.739843217706e+03 
       2.006073208251e-01       2.678463607099e+03 
       2.037996780746e-01       2.613293052294e+03 
       2.069920377937e-01       2.546049633550e+03 
       2.101843998688e-01       2.478625716311e+03 
       2.133767641934e-01       2.412838250711e+03 
       2.165691306671e-01       2.350224081570e+03 
       2.197614991955e-01       2.291979178739e+03 
       2.229538696898e-01       2.238883222143e+03 
       2.261462420661e-01       2.191318659459e+03 
       2.293386162452e-01       2.149283185257e+03 
       2.325309921523e-01       2.112423996787e+03 
       2.357233697169e-01       2.080080622230e+03 
       2.389157488720e-01       2.051348771234e+03 
       2.421081295542e-01       2.025181463034e+03 
       2.453005117036e-01       2.000498337959e+03 
       2.484928952633e-01       1.976285611259e+03 
       2.516852801792e-01       1.951697055013e+03 
       2.548776664002e-01       1.926109706485e+03 
       2.580700538773e-01       1.899152845210e+03 
       2.612624425644e-01       1.870708905703e+03 
       2.644548324174e-01       1.840884856724e+03 
       2.676472233942e-01       1.809985541532e+03 
       2.708396154550e-01       1.778451044869e+03 
       2.740320085615e-01       1.746826603999e+03 
       2.772244026775e-01       1.715683138732e+03 
       2.804167977683e-01       1.685562208854e+03 
       2.836091938008e-01       1.656906549328e+03 
       2.868015907434e-01       1.630028640965e+03 
       2.899939885659e-01       1.605079000195e+03 
       2.931863872393e-01       1.582068207357e+03 
       2.963787867360e-01       1.560866386782e+03 
       2.995711870296e-01       1.541258864631e+03 
       3.027635880947e-01       1.522964308107e+03 
       3.059559899070e-01       1.505678131251e+03 
       3.091483924433e-01       1.489078522095e+03 
       3.123407956813e-01       1.472868699045e+03 
       3.155331995995e-01       1.456776633152e+03 
       3.187256041775e-01       1.440588615002e+03 
       3.219180093954e-01       1.424157772373e+03 
       3.251104152344e-01       1.407421676142e+03 
       3.283028216762e-01       1.390395449363e+03 
       3.314952287034e-01       1.373163486361e+03 
       3.346876362991e-01       1.355860944167e+03 
       3.378800444471e-01       1.338639533103e+03 
       3.410724531318e-01       1.321652109316e+03 
       3.442648623383e-01       1.305046305284e+03 
       3.474572720521e-01       1.288943288521e+03 
       3.506496822592e-01       1.273437768830e+03 
       3.538420929463e-01       1.258588043545e+03 
       3.570345041005e-01       1.244426123522e+03 
       3.602269157092e-01       1.230938905278e+03 
       3.634193277604e-01       1.218077637314e+03 
       3.666117402425e-01       1.205765867009e+03 
       3.698041531444e-01       1.193900444883e+03 
       3.729965664551e-01       1.182374626348e+03 
       3.761889801643e-01       1.171092327393e+03 
       3.793813942618e-01       1.159968430628e+03 
       3.825738087379e-01       1.148943087130e+03 
       3.857662235831e-01       1.137974817832e+03 
       3.889586387883e-01       1.127042826624e+03 
       3.921510543447e-01       1.116139542437e+03 
       3.953434702437e-01       1.105272801031e+03 
       3.985358864771e-01       1.094465226567e+03 
       4.017283030369e-01       1.083748668389e+03 
       4.049207199152e-01       1.073166847774e+03 
       4.081131371047e-01       1.062757506135e+03 
       4.113055545981e-01       1.052561175133e+03 
       4.144979723882e-01       1.042607042949e+03 
       4.176903904683e-01       1.032908362989e+03 
       4.208828088317e-01       1.023471118138e+03 
       4.240752274721e-01       1.014292266245e+03 
       4.272676463831e-01       1.005356603142e+03 
       4.304600655588e-01       9.966542013242e+02 
       4.336524849932e-01       9.881672697788e+02 
       4.368449046807e-01       9.798766928216e+02 
       4.400373246158e-01       9.717573049960e+02 
       4.432297447931e-01       9.637816508982e+02 
       4.464221652073e-01       9.559256031896e+02 
       4.496145858535e-01       9.481680755805e+02 
       4.528070067266e-01       9.404894894148e+02 
       4.559994278219e-01       9.328840259070e+02 
       4.591918491348e-01       9.253476833324e+02 
       4.623842706607e-01       9.178880150996e+02 
       4.655766923952e-01       9.105066111052e+02 
       4.687691143341e-01       9.032099316880e+02 
       4.719615364731e-01       8.960044260792e+02 
       4.751539588083e-01       8.889002929238e+02 
       4.783463813358e-01       8.819053110539e+02 
       4.815388040515e-01       8.750294020624e+02 
       4.847312269520e-01       8.682795569399e+02 
       4.879236500334e-01       8.616611734159e+02 
       4.911160732922e-01       8.551736906281e+02 
       4.943084967251e-01       8.488124527969e+02 
       4.975009203286e-01       8.425690722927e+02 
       5.006933440995e-01       8.364323529382e+02 
       5.038857680346e-01       8.303932916546e+02 
       5.070781921308e-01       8.244440318731e+02 
       5.102706163850e-01       8.185766588303e+02 
       5.134630407942e-01       8.127845751620e+02 
       5.166554653557e-01       8.070645060048e+02 
       5.198478900665e-01       8.014079562586e+02 
       5.423930178917e-01       7.632353387157e+02 
       5.671697373291e-01       7.252168917664e+02 
       5.947762801929e-01       6.870608254192e+02 
       6.260942976586e-01       6.480300525468e+02 
       6.624897447671e-01       6.076978334861e+02 
       7.062136460816e-01       5.650223499839e+02 
       7.612669147576e-01       5.186099969474e+02 
       8.354083730716e-01       4.661790558054e+02 
       9.448227144704e-01       4.044050304074e+02 
       1.120878683409e+00       3.311385251394e+02 
       1.392531844143e+00       2.550384742845e+02 
       1.751992746176e+00       1.902784725926e+02 
       2.205614368676e+00       1.381363250251e+02 
       2.776703945774e+00       9.714478713762e+01 
       3.495663158354e+00       6.619578158262e+01 
       4.400779181125e+00       4.385657209653e+01 
       5.540252742813e+00       2.838673634640e+01 
       6.974764965689e+00       1.804548071510e+01 
       8.780708856598e+00       1.132752330138e+01 
       1.105425751314e+01       7.059657491693e+00 
       1.391648569181e+01       4.393481725951e+00 
