# Matter power spectrum P(k) at redshift z=0
# for k=1.05245e-05 to 13.9182 h/Mpc,
# number of wavenumbers equal to 548
#    1:k (h/Mpc)              2:P (Mpc/h)^3        
       1.052454381924e-05       5.166717426626e+01 
       2.351768793567e-05       1.117979880131e+02 
       3.655727814512e-05       1.707426894145e+02 
       4.967901372888e-05       2.291932443077e+02 
       6.291919427623e-05       2.875361933511e+02 
       7.631504899841e-05       3.460569914940e+02 
       8.990507674303e-05       4.049970931756e+02 
       1.037294013043e-04       4.645771933186e+02 
       1.178301466587e-04       5.250090902353e+02 
       1.322518367903e-04       5.865027984166e+02 
       1.470418247727e-04       6.492714343674e+02 
       1.622507557020e-04       7.135349877048e+02 
       1.779330678736e-04       7.795235014953e+02 
       1.941475361749e-04       8.474799512462e+02 
       2.109578609286e-04       9.176629994931e+02 
       2.284333042107e-04       9.903496822534e+02 
       2.466493738068e-04       1.065838111013e+03 
       2.656885522017e-04       1.144450171591e+03 
       2.856410640286e-04       1.226534225543e+03 
       3.066056698655e-04       1.312467741041e+03 
       3.286904667362e-04       1.402659785048e+03 
       3.520136657217e-04       1.497553234812e+03 
       3.767043043070e-04       1.597626521514e+03 
       4.029028352481e-04       1.703394666541e+03 
       4.307615149305e-04       1.815409277069e+03 
       4.604444931273e-04       1.934257111151e+03 
       4.921274844201e-04       2.060556745158e+03 
       5.259968824074e-04       2.194952819791e+03 
       5.622481660272e-04       2.338107327443e+03 
       6.010834496244e-04       2.490687427143e+03 
       6.427080530945e-04       2.653349514012e+03 
       6.873260239998e-04       2.826719335771e+03 
       7.351346361474e-04       3.011368680504e+03 
       7.863180187731e-04       3.207789258669e+03 
       8.410402270402e-04       3.416365540967e+03 
       8.994382248264e-04       3.637348347246e+03 
       9.616153795570e-04       3.870831941304e+03 
       1.027636125820e-03       4.116737049651e+03 
       1.097522406804e-03       4.374802219150e+03 
       1.171252339299e-03       4.644584978027e+03 
       1.248761289803e-03       4.925473197729e+03 
       1.329945246817e-03       5.216705716175e+03 
       1.414666093925e-03       5.517369563446e+03 
       1.502758189412e-03       5.826509471028e+03 
       1.594035575035e-03       6.143108309549e+03 
       1.688299169457e-03       6.466114002528e+03 
       1.785343422717e-03       6.794478524329e+03 
       1.884962074989e-03       7.127181217316e+03 
       1.986952834532e-03       7.463247013801e+03 
       2.091120936706e-03       7.801759768390e+03 
       2.197281653102e-03       8.141870297347e+03 
       2.305261885133e-03       8.482801405018e+03 
       2.414901005798e-03       8.823848838002e+03 
       2.526051116348e-03       9.164379186434e+03 
       2.638576870976e-03       9.503828487303e+03 
       2.752355000529e-03       9.841696036694e+03 
       2.867273641381e-03       1.017754171759e+04 
       2.983231551631e-03       1.051097913050e+04 
       3.100137275687e-03       1.084167178688e+04 
       3.217908300736e-03       1.116932748494e+04 
       3.336470234744e-03       1.149369416176e+04 
       3.455756024975e-03       1.181455515954e+04 
       3.575705228178e-03       1.213172213137e+04 
       3.696263337996e-03       1.244503964152e+04 
       3.817381171189e-03       1.275437332944e+04 
       3.939014311729e-03       1.305961430685e+04 
       4.061122610127e-03       1.336066749222e+04 
       4.183669734420e-03       1.365745905906e+04 
       4.306622768735e-03       1.394993039006e+04 
       4.429951855203e-03       1.423803250950e+04 
       4.553629875046e-03       1.452173080660e+04 
       4.677632164815e-03       1.480099708380e+04 
       4.801936264061e-03       1.507582143704e+04 
       4.926521690990e-03       1.534617885363e+04 
       5.051369742968e-03       1.561209506919e+04 
       5.176463319074e-03       1.587356207620e+04 
       5.301786762154e-03       1.613058733588e+04 
       5.427325718154e-03       1.638318606530e+04 
       5.553067010717e-03       1.663137435437e+04 
       5.678998529296e-03       1.687516943185e+04 
       5.805109129206e-03       1.711460162890e+04 
       5.931388542257e-03       1.734968980228e+04 
       6.057827296752e-03       1.758046631391e+04 
       6.184416645775e-03       1.780696693761e+04 
       6.311148502844e-03       1.802921743131e+04 
       6.438015384089e-03       1.824725082755e+04 
       6.565010356242e-03       1.846110847591e+04 
       6.692126989781e-03       1.867081931705e+04 
       6.819359316677e-03       1.887643213242e+04 
       6.946701792234e-03       1.907797389908e+04 
       7.074149260593e-03       1.927548932483e+04 
       7.201696923499e-03       1.946901685642e+04 
       7.329340311994e-03       1.965859711659e+04 
       7.457075260733e-03       1.984426388102e+04 
       7.584897884645e-03       2.002606229087e+04 
       7.712804557705e-03       2.020403908511e+04 
       7.840791893606e-03       2.037823560983e+04 
       7.968856728136e-03       2.054867815983e+04 
       8.096996103091e-03       2.071541802551e+04 
       8.225207251585e-03       2.087849593460e+04 
       8.353487584606e-03       2.103793732111e+04 
       8.481834678710e-03       2.119381037943e+04 
       8.610246264746e-03       2.134613987839e+04 
       8.738720217510e-03       2.149496960221e+04 
       8.867254546240e-03       2.164033575810e+04 
       8.995847385888e-03       2.178227212802e+04 
       9.124496989085e-03       2.192083383024e+04 
       9.253201718748e-03       2.205604689240e+04 
       9.381960041258e-03       2.218795846614e+04 
       9.510770520180e-03       2.231660436831e+04 
       9.639631810459e-03       2.244201737650e+04 
       9.768542653059e-03       2.256423640810e+04 
       9.897501870011e-03       2.268330994751e+04 
       1.002650835983e-02       2.279925417552e+04 
       1.015556109328e-02       2.291212222694e+04 
       1.028465910943e-02       2.302193707799e+04 
       1.041380151203e-02       2.312874307606e+04 
       1.054298746613e-02       2.323257639131e+04 
       1.067221619494e-02       2.333347158925e+04 
       1.080148697695e-02       2.343145427548e+04 
       1.093079914319e-02       2.352656708485e+04 
       1.106015207476e-02       2.361885258231e+04 
       1.118954520049e-02       2.370832832479e+04 
       1.131897799477e-02       2.379503797402e+04 
       1.144844997553e-02       2.387901912425e+04 
       1.157796070239e-02       2.396030166282e+04 
       1.170750977489e-02       2.403890044781e+04 
       1.183709683091e-02       2.411487677033e+04 
       1.196672154514e-02       2.418824980954e+04 
       1.209638362766e-02       2.425904924862e+04 
       1.222608282269e-02       2.432730954019e+04 
       1.235581890734e-02       2.439305947880e+04 
       1.248559169049e-02       2.445634081394e+04 
       1.261540101176e-02       2.451717003800e+04 
       1.274524674053e-02       2.457558828790e+04 
       1.287512877505e-02       2.463161808611e+04 
       1.300504704159e-02       2.468531053178e+04 
       1.313500149369e-02       2.473667188300e+04 
       1.326499211143e-02       2.478573207394e+04 
       1.339501890077e-02       2.483253525340e+04 
       1.352508189296e-02       2.487710998759e+04 
       1.365518114396e-02       2.491947487873e+04 
       1.378531673394e-02       2.495965733015e+04 
       1.391548876682e-02       2.499768876039e+04 
       1.404569736980e-02       2.503358769912e+04 
       1.417594269302e-02       2.506739698516e+04 
       1.430622490917e-02       2.509913076925e+04 
       1.443654421320e-02       2.512882567488e+04 
       1.456690082201e-02       2.515650147505e+04 
       1.469729497421e-02       2.518217459096e+04 
       1.482772692991e-02       2.520589856498e+04 
       1.495819697049e-02       2.522766986924e+04 
       1.508870539847e-02       2.524752486670e+04 
       1.521925253735e-02       2.526549999610e+04 
       1.534983873151e-02       2.528160081554e+04 
       1.548046434611e-02       2.529586572482e+04 
       1.561112976703e-02       2.530831841060e+04 
       1.574183540083e-02       2.531896714446e+04 
       1.587258167471e-02       2.532786052347e+04 
       1.600336903655e-02       2.533500113317e+04 
       1.613419795490e-02       2.534042565768e+04 
       1.626506891902e-02       2.534414801570e+04 
       1.639598243897e-02       2.534620321194e+04 
       1.652693904566e-02       2.534660286400e+04 
       1.665793929098e-02       2.534536913321e+04 
       1.678898374789e-02       2.534253939202e+04 
       1.692007301057e-02       2.533812622135e+04 
       1.705120769459e-02       2.533214655852e+04 
       1.718238843704e-02       2.532463164198e+04 
       1.731361589678e-02       2.531559687322e+04 
       1.744489075457e-02       2.530506237231e+04 
       1.757621371337e-02       2.529306093042e+04 
       1.770758549853e-02       2.527961615669e+04 
       1.783900685808e-02       2.526473760950e+04 
       1.797047856295e-02       2.524843245943e+04 
       1.810200140734e-02       2.523074383582e+04 
       1.823357620896e-02       2.521168880000e+04 
       1.836520380938e-02       2.519128431556e+04 
       1.849688507437e-02       2.516956930108e+04 
       1.862862089427e-02       2.514651541622e+04 
       1.876041218433e-02       2.512220890925e+04 
       1.889225988514e-02       2.509661812332e+04 
       1.902416496300e-02       2.506979702710e+04 
       1.915612841037e-02       2.504171943675e+04 
       1.928815124633e-02       2.501244350277e+04 
       1.942023451700e-02       2.498197659839e+04 
       1.955237929604e-02       2.495038090405e+04 
       1.968458668514e-02       2.491759415024e+04 
       1.981685781456e-02       2.488369151381e+04 
       1.994919384362e-02       2.484867398675e+04 
       2.008159596131e-02       2.481258077762e+04 
       2.021406538679e-02       2.477547417935e+04 
       2.034660337007e-02       2.473713974034e+04 
       2.047921119253e-02       2.469789554763e+04 
       2.061189016765e-02       2.465759015281e+04 
       2.074464164158e-02       2.461630623826e+04 
       2.087746699386e-02       2.457403115584e+04 
       2.101036763813e-02       2.453078969205e+04 
       2.114334502282e-02       2.448663162729e+04 
       2.127640063190e-02       2.444150405200e+04 
       2.140953598567e-02       2.439546942013e+04 
       2.154275264154e-02       2.434853824312e+04 
       2.167605219486e-02       2.430075447085e+04 
       2.180943627972e-02       2.425206479341e+04 
       2.194290656988e-02       2.420257082973e+04 
       2.207646477965e-02       2.415223960279e+04 
       2.221011266479e-02       2.410108314960e+04 
       2.234385202350e-02       2.404912858942e+04 
       2.247768469738e-02       2.399643623007e+04 
       2.261161257246e-02       2.394290212836e+04 
       2.274563758025e-02       2.388868099615e+04 
       2.287976169881e-02       2.383374925065e+04 
       2.301398695388e-02       2.377801094031e+04 
       2.314831542000e-02       2.372160594745e+04 
       2.328274922173e-02       2.366453311514e+04 
       2.341729053485e-02       2.360676310899e+04 
       2.355194158763e-02       2.354835043485e+04 
       2.368670466213e-02       2.348928568997e+04 
       2.382158209553e-02       2.342962532515e+04 
       2.395657628155e-02       2.336932053994e+04 
       2.409168967181e-02       2.330840403349e+04 
       2.422692477738e-02       2.324685284140e+04 
       2.436228417025e-02       2.318479131562e+04 
       2.449777048493e-02       2.312215817695e+04 
       2.463338642004e-02       2.305899291905e+04 
       2.476913474000e-02       2.299524923074e+04 
       2.490501827676e-02       2.293097981044e+04 
       2.504103993159e-02       2.286623603863e+04 
       2.517720267688e-02       2.280100557992e+04 
       2.531350955811e-02       2.273525593730e+04 
       2.544996369573e-02       2.266906934181e+04 
       2.558656828729e-02       2.260241485048e+04 
       2.572332660946e-02       2.253531172212e+04 
       2.586024202022e-02       2.246776616086e+04 
       2.599731796112e-02       2.239980266508e+04 
       2.613455795961e-02       2.233144654767e+04 
       2.627196563137e-02       2.226269116912e+04 
       2.640954468287e-02       2.219354784818e+04 
       2.654729891391e-02       2.212403545898e+04 
       2.668523222027e-02       2.205416077690e+04 
       2.682334859643e-02       2.198389306372e+04 
       2.696165213849e-02       2.191331754006e+04 
       2.710014704705e-02       2.184243655292e+04 
       2.723883763031e-02       2.177117681059e+04 
       2.737772830720e-02       2.169967345215e+04 
       2.751682361067e-02       2.162784978778e+04 
       2.765612819110e-02       2.155571721131e+04 
       2.779564681980e-02       2.148333686948e+04 
       2.793538439267e-02       2.141070783141e+04 
       2.807534593401e-02       2.133781481422e+04 
       2.821553660043e-02       2.126461929833e+04 
       2.835596168491e-02       2.119120335153e+04 
       2.849662662110e-02       2.111759108412e+04 
       2.863753698763e-02       2.104371654935e+04 
       2.877869851276e-02       2.096966288853e+04 
       2.892011707907e-02       2.089542265705e+04 
       2.906179872842e-02       2.082098601309e+04 
       2.920374966708e-02       2.074636153668e+04 
       2.934597627103e-02       2.067147737420e+04 
       2.948848509153e-02       2.059655043666e+04 
       2.963128286090e-02       2.052140799005e+04 
       2.977437649851e-02       2.044617096670e+04 
       2.991777311704e-02       2.037070113181e+04 
       3.006148002897e-02       2.029510255811e+04 
       3.020550475343e-02       2.021942667597e+04 
       3.034985502319e-02       2.014359537308e+04 
       3.049453879210e-02       2.006765656369e+04 
       3.063956424275e-02       1.999161999011e+04 
       3.078493979449e-02       1.991549660878e+04 
       3.093067411183e-02       1.983921444898e+04 
       3.107677611317e-02       1.976291514758e+04 
       3.122325497991e-02       1.968654752125e+04 
       3.137012016603e-02       1.961008439970e+04 
       3.151738140805e-02       1.953352785203e+04 
       3.166504873545e-02       1.945694348091e+04 
       3.181313248159e-02       1.938033331900e+04 
       3.196164329514e-02       1.930356267050e+04 
       3.211059215202e-02       1.922684004116e+04 
       3.225999036792e-02       1.915007501807e+04 
       3.240984961144e-02       1.907322708577e+04 
       3.256018191783e-02       1.899635649134e+04 
       3.271099970341e-02       1.891950969084e+04 
       3.286231578076e-02       1.884259676926e+04 
       3.301414337454e-02       1.876569217890e+04 
       3.316649613823e-02       1.868882586375e+04 
       3.331938817166e-02       1.861188301134e+04 
       3.347283403942e-02       1.853496853387e+04 
       3.362684879029e-02       1.845806049491e+04 
       3.378144797766e-02       1.838112727548e+04 
       3.393664768095e-02       1.830424215077e+04 
       3.409246452831e-02       1.822732164308e+04 
       3.424891572048e-02       1.815050487181e+04 
       3.440601905590e-02       1.807366292920e+04 
       3.456379295733e-02       1.799682125101e+04 
       3.472225649982e-02       1.792004590644e+04 
       3.488142944038e-02       1.784333203267e+04 
       3.504133224927e-02       1.776656613436e+04 
       3.520198614308e-02       1.768989916434e+04 
       3.536341311983e-02       1.761320552852e+04 
       3.552563599605e-02       1.753658462372e+04 
       3.568867844611e-02       1.745995320563e+04 
       3.585256504395e-02       1.738344371881e+04 
       3.601732130732e-02       1.730692779319e+04 
       3.618297374479e-02       1.723044056395e+04 
       3.634954990569e-02       1.715409231256e+04 
       3.651707843322e-02       1.707772056138e+04 
       3.668558912098e-02       1.700139749215e+04 
       3.685511297313e-02       1.692509333024e+04 
       3.702568226861e-02       1.684887288759e+04 
       3.719733062952e-02       1.677272839087e+04 
       3.737009309421e-02       1.669658619335e+04 
       3.754400619537e-02       1.662046462028e+04 
       3.771910804346e-02       1.654447187630e+04 
       3.789543841611e-02       1.646846529989e+04 
       3.807303885379e-02       1.639252577018e+04 
       3.825195276252e-02       1.631661947401e+04 
       3.843222552397e-02       1.624075302103e+04 
       3.861390461383e-02       1.616489144619e+04 
       3.879703972910e-02       1.608913024700e+04 
       3.898168292509e-02       1.601342178720e+04 
       3.916788876308e-02       1.593769258696e+04 
       3.935571446960e-02       1.586194740418e+04 
       3.954522010847e-02       1.578630255539e+04 
       3.973646876679e-02       1.571068958414e+04 
       3.992952675635e-02       1.563504038046e+04 
       4.012446383181e-02       1.555944625046e+04 
       4.032135342759e-02       1.548386811859e+04 
       4.052027291516e-02       1.540823561748e+04 
       4.072130388306e-02       1.533266339334e+04 
       4.092453244194e-02       1.525703567955e+04 
       4.113004955738e-02       1.518143509232e+04 
       4.133795141351e-02       1.510582281639e+04 
       4.154833981097e-02       1.503017935032e+04 
       4.176132260299e-02       1.495449510080e+04 
       4.197701417411e-02       1.487877664744e+04 
       4.219553596650e-02       1.480296440979e+04 
       4.241701705970e-02       1.472712256668e+04 
       4.264159481021e-02       1.465124126220e+04 
       4.286941555851e-02       1.457521972643e+04 
       4.310063541199e-02       1.449911094819e+04 
       4.333542111372e-02       1.442296175062e+04 
       4.357395100844e-02       1.434666804442e+04 
       4.381641611875e-02       1.427022553001e+04 
       4.406302134695e-02       1.419370377377e+04 
       4.431398681999e-02       1.411695614847e+04 
       4.456954939825e-02       1.403998550599e+04 
       4.482996437220e-02       1.396292512151e+04 
       4.509550737516e-02       1.388566625725e+04 
       4.536647654544e-02       1.380810538995e+04 
       4.564319497688e-02       1.373025208468e+04 
       4.592601350450e-02       1.365217585877e+04 
       4.621531388011e-02       1.357374977664e+04 
       4.651151240394e-02       1.349501672290e+04 
       4.681506409098e-02       1.341591291031e+04 
       4.712646746670e-02       1.333639855138e+04 
       4.744627010661e-02       1.325643123408e+04 
       4.777507505807e-02       1.317600169054e+04 
       4.811354831283e-02       1.309505304711e+04 
       4.846242753655e-02       1.301350247332e+04 
       4.882253230784e-02       1.293133559045e+04 
       4.919477617869e-02       1.284847348222e+04 
       4.958018094206e-02       1.276489805405e+04 
       4.997989358646e-02       1.268046351905e+04 
       5.039520653656e-02       1.259508501930e+04 
       5.082758193052e-02       1.250867879478e+04 
       5.127868087841e-02       1.242121446509e+04 
       5.175039889220e-02       1.233248266960e+04 
       5.224490899186e-02       1.224228008982e+04 
       5.276471438835e-02       1.215056898318e+04 
       5.331271314124e-02       1.205707333208e+04 
       5.389227779858e-02       1.196152179150e+04 
       5.450735375134e-02       1.186366136899e+04 
       5.516258084341e-02       1.176310799612e+04 
       5.586344356648e-02       1.165942165934e+04 
       5.661645568257e-02       1.155203038253e+04 
       5.742938479099e-02       1.144021235001e+04 
       5.831152003405e-02       1.132303831495e+04 
       5.927397956074e-02       1.119933323241e+04 
       6.033003937921e-02       1.106746687862e+04 
       6.149543474631e-02       1.092531392619e+04 
       6.278852878445e-02       1.077002421207e+04 
       6.423014958840e-02       1.059779608174e+04 
       6.584276867874e-02       1.040374052571e+04 
       6.764858173465e-02       1.018168893085e+04 
       6.966611912298e-02       9.924528334926e+03 
       7.190554592442e-02       9.625248671553e+03 
       7.436396968986e-02       9.278718410032e+03 
       7.702325083283e-02       8.884183915379e+03 
       7.985243865781e-02       8.447253245315e+03 
       8.281429860899e-02       7.980147994966e+03 
       8.587264809267e-02       7.499939751640e+03 
       8.899727217926e-02       7.025501691477e+03 
       9.216553170517e-02       6.574432831145e+03 
       9.536169094826e-02       6.160832342255e+03 
       9.857534713773e-02       5.794176347087e+03 
       1.017998424097e-01       5.478913508427e+03 
       1.050310020462e-01       5.215039555315e+03 
       1.082662414302e-01       4.998748120671e+03 
       1.115039728025e-01       4.823356925008e+03 
       1.147432253408e-01       4.680244099369e+03 
       1.179834070588e-01       4.559780872744e+03 
       1.212241575033e-01       4.452197370142e+03 
       1.244652573285e-01       4.348429991302e+03 
       1.277065730443e-01       4.240917234584e+03 
       1.309480233533e-01       4.124171394252e+03 
       1.341895586729e-01       3.995160447598e+03 
       1.374311486923e-01       3.853372037500e+03 
       1.406727748145e-01       3.700549207677e+03 
       1.439144255678e-01       3.540182275741e+03 
       1.471560938185e-01       3.376859311487e+03 
       1.503977750797e-01       3.215572577181e+03 
       1.536394664825e-01       3.061052578269e+03 
       1.568811661514e-01       2.917310558663e+03 
       1.601228728239e-01       2.787271451055e+03 
       1.633645856194e-01       2.672627916844e+03 
       1.666063038970e-01       2.573816996876e+03 
       1.698480271696e-01       2.490125087666e+03 
       1.730897550503e-01       2.419886240496e+03 
       1.763314872195e-01       2.360718038812e+03 
       1.795732234046e-01       2.309792629431e+03 
       1.828149633667e-01       2.264120805903e+03 
       1.860567068924e-01       2.221227503704e+03 
       1.892984537886e-01       2.178311629340e+03 
       1.925402038783e-01       2.133038751192e+03 
       1.957819569984e-01       2.084004616327e+03 
       1.990237129976e-01       2.030588583007e+03 
       2.022654717353e-01       1.972959390688e+03 
       2.055072330802e-01       1.911933312981e+03 
       2.087489969093e-01       1.848822999340e+03 
       2.119907631076e-01       1.785160612308e+03 
       2.152325315672e-01       1.722520280020e+03 
       2.184743021864e-01       1.662315199200e+03 
       2.217160748698e-01       1.605696593989e+03 
       2.249578495276e-01       1.553487494153e+03 
       2.281996260749e-01       1.506176167772e+03 
       2.314414044318e-01       1.463910923019e+03 
       2.346831845228e-01       1.426519429207e+03 
       2.379249662765e-01       1.393539128026e+03 
       2.411667496254e-01       1.364269462804e+03 
       2.444085345056e-01       1.337841877167e+03 
       2.476503208566e-01       1.313313732834e+03 
       2.508921086210e-01       1.289764006754e+03 
       2.541338977443e-01       1.266381274101e+03 
       2.573756881750e-01       1.242528996850e+03 
       2.606174798639e-01       1.217780909358e+03 
       2.638592727644e-01       1.191925901752e+03 
       2.671010668321e-01       1.164958462113e+03 
       2.703428620247e-01       1.137051984822e+03 
       2.735846583020e-01       1.108525999327e+03 
       2.768264556257e-01       1.079803718326e+03 
       2.800682539592e-01       1.051363060824e+03 
       2.833100532677e-01       1.023684848717e+03 
       2.865518535180e-01       9.972008753435e+02 
       2.897936546781e-01       9.722334218363e+02 
       2.930354567179e-01       9.489871322797e+02 
       2.962772596081e-01       9.275263640484e+02 
       2.995190633211e-01       9.077918811562e+02 
       3.027608678304e-01       8.896325963124e+02 
       3.060026731103e-01       8.728257990103e+02 
       3.092444791367e-01       8.571073059207e+02 
       3.124862858861e-01       8.421987387007e+02 
       3.157280933362e-01       8.278223005128e+02 
       3.189699014655e-01       8.137201261025e+02 
       3.222117102533e-01       7.996715979183e+02 
       3.254535196800e-01       7.855140890801e+02 
       3.286953297264e-01       7.711493080228e+02 
       3.319371403745e-01       7.565563026379e+02 
       3.351789516065e-01       7.417769857305e+02 
       3.384207634058e-01       7.269051922852e+02 
       3.416625757559e-01       7.120680270203e+02 
       3.449043886414e-01       6.974075754176e+02 
       3.481462020472e-01       6.830501391862e+02 
       3.513880159589e-01       6.691169041433e+02 
       3.546298303625e-01       6.557081775667e+02 
       3.578716452445e-01       6.428934379842e+02 
       3.611134605921e-01       6.307161835705e+02 
       3.643552763927e-01       6.191861548052e+02 
       3.675970926344e-01       6.082739543619e+02 
       3.708389093054e-01       5.979229978290e+02 
       3.740807263947e-01       5.880466024093e+02 
       3.773225438913e-01       5.785509166048e+02 
       3.805643617848e-01       5.693368904988e+02 
       3.838061800651e-01       5.603194010526e+02 
       3.870479987225e-01       5.514316706275e+02 
       3.902898177475e-01       5.426258953259e+02 
       3.935316371310e-01       5.338693902514e+02 
       3.967734568642e-01       5.251471125426e+02 
       4.000152769384e-01       5.164588704548e+02 
       4.032570973456e-01       5.078158997708e+02 
       4.064989180777e-01       4.992458698357e+02 
       4.097407391268e-01       4.907805327739e+02 
       4.129825604857e-01       4.824615436221e+02 
       4.162243821469e-01       4.743270769819e+02 
       4.194662041034e-01       4.664094038206e+02 
       4.227080263484e-01       4.587317690528e+02 
       4.259498488754e-01       4.512996325902e+02 
       4.291916716779e-01       4.441167636836e+02 
       4.324334947496e-01       4.371737757125e+02 
       4.356753180846e-01       4.304636460189e+02 
       4.389171416769e-01       4.239688078048e+02 
       4.421589655210e-01       4.176722891817e+02 
       4.454007896112e-01       4.115521257591e+02 
       4.486426139423e-01       4.055840388044e+02 
       4.518844385090e-01       3.997401115723e+02 
       4.551262633063e-01       3.939957058524e+02 
       4.583680883293e-01       3.883309993126e+02 
       4.616099135731e-01       3.827332067964e+02 
       4.648517390333e-01       3.772000677076e+02 
       4.680935647051e-01       3.717282576505e+02 
       4.713353905844e-01       3.663235551758e+02 
       4.745772166667e-01       3.609907269392e+02 
       4.778190429480e-01       3.557357661805e+02 
       4.810608694242e-01       3.505678098366e+02 
       4.843026960914e-01       3.454948830825e+02 
       4.875445229458e-01       3.405277821295e+02 
       4.907863499836e-01       3.356769531393e+02 
       4.940281772013e-01       3.309486019104e+02 
       4.972700045952e-01       3.263448981534e+02 
       5.005118321620e-01       3.218637461093e+02 
       5.037536598984e-01       3.174995042823e+02 
       5.069954878009e-01       3.132410967307e+02 
       5.102373158666e-01       3.090784101273e+02 
       5.134791440922e-01       3.050011317636e+02 
       5.167209724748e-01       3.010019453248e+02 
       5.199628010113e-01       2.970742421482e+02 
       5.232046296990e-01       2.932122487761e+02 
       5.264464585351e-01       2.894081515319e+02 
       5.492071958891e-01       2.641723327677e+02 
       5.742010144141e-01       2.398790653564e+02 
       6.020209165311e-01       2.165561882795e+02 
       6.335382652336e-01       1.936339577038e+02 
       6.700981686750e-01       1.711771142209e+02 
       7.139073495583e-01       1.487507262815e+02 
       7.688667062264e-01       1.260465120887e+02 
       8.424968425853e-01       1.025698796133e+02 
       9.504405952575e-01       7.792920917115e+01 
       1.123509784719e+00       5.294628492258e+01 
       1.392951927427e+00       3.194945598333e+01 
       1.752207397697e+00       1.845854796101e+01 
       2.205878723637e+00       1.054939496371e+01 
       2.777036729642e+00       5.980586945232e+00 
       3.496082108416e+00       3.365786759381e+00 
       4.401306608003e+00       1.881666498403e+00 
       5.540916733913e+00       1.045609348406e+00 
       6.975600880958e+00       5.778170793833e-01 
       8.781761211572e+00       3.176893060039e-01 
       1.105558234956e+01       1.738527352600e-01 
       1.391815356204e+01       9.472792033015e-02 
