# Matter power spectrum P(k) at redshift z=0
# for k=1.05216e-05 to 13.9014 h/Mpc,
# number of wavenumbers equal to 548
#    1:k (h/Mpc)              2:P (Mpc/h)^3        
       1.052162017240e-05       4.732159910777e+01 
       2.350772107913e-05       1.032069874800e+02 
       3.654020024128e-05       1.583123291778e+02 
       4.965469873119e-05       2.131557389405e+02 
       6.288745637405e-05       2.680448845357e+02 
       7.627564016474e-05       3.232182334374e+02 
       8.985768334586e-05       3.788849335031e+02 
       1.036736397250e-04       4.352412978238e+02 
       1.177655578436e-04       4.924794536242e+02 
       1.321778796441e-04       5.507926921472e+02 
       1.469578682853e-04       6.103793234547e+02 
       1.621560696842e-04       6.714457603449e+02 
       1.778268121613e-04       7.342092497940e+02 
       1.940287481518e-04       7.989004089905e+02 
       2.108254412086e-04       8.657657390536e+02 
       2.282860003257e-04       9.350701022484e+02 
       2.464857617582e-04       1.007099273426e+03 
       2.655070157703e-04       1.082162514593e+03 
       2.854397717961e-04       1.160595159836e+03 
       3.063825500011e-04       1.242761167993e+03 
       3.284431797490e-04       1.329055574991e+03 
       3.517395755950e-04       1.419906665412e+03 
       3.764004487259e-04       1.515777726513e+03 
       4.025658960250e-04       1.617168152140e+03 
       4.303877902338e-04       1.724613545145e+03 
       4.600298737232e-04       1.838684455036e+03 
       4.916674368247e-04       1.959983320490e+03 
       5.254864425558e-04       2.089139074848e+03 
       5.616819476895e-04       2.226798870717e+03 
       6.004556721769e-04       2.373616520766e+03 
       6.420125931567e-04       2.530237173813e+03 
       6.865564946312e-04       2.697278264855e+03 
       7.342844955267e-04       2.875306946895e+03 
       7.853807074603e-04       3.064814784008e+03 
       8.400093291696e-04       3.266191291939e+03 
       8.983076443675e-04       3.479698044186e+03 
       9.603795189002e-04       3.705445990817e+03 
       1.026290051399e-03       3.943378481271e+03 
       1.096061986160e-03       4.193262051219e+03 
       1.169674336399e-03       4.454686894575e+03 
       1.247063410278e-03       4.727077067731e+03 
       1.328126131146e-03       5.009709852656e+03 
       1.412725263021e-03       5.301715620794e+03 
       1.500695952217e-03       5.602172186792e+03 
       1.591852910682e-03       5.910101802728e+03 
       1.685997597132e-03       6.224487341476e+03 
       1.782924870927e-03       6.544312700738e+03 
       1.882428759257e-03       6.868585645267e+03 
       1.984307149445e-03       7.196355912388e+03 
       2.088365365329e-03       7.526728578636e+03 
       2.194418694421e-03       7.858872117338e+03 
       2.302293998561e-03       8.192023709434e+03 
       2.411830570806e-03       8.525490579477e+03 
       2.522880404826e-03       8.858648270928e+03 
       2.635308029882e-03       9.190938994214e+03 
       2.748990042548e-03       9.521866587708e+03 
       2.863814441592e-03       9.850993858781e+03 
       2.979679848539e-03       1.017793554561e+04 
       3.096494675272e-03       1.050235531720e+04 
       3.214176282509e-03       1.082395984946e+04 
       3.332650158999e-03       1.114249546437e+04 
       3.451849140678e-03       1.145774301566e+04 
       3.571712681076e-03       1.176951114675e+04 
       3.692186178644e-03       1.207764104924e+04 
       3.813220362724e-03       1.238199446886e+04 
       3.934770737248e-03       1.268245844760e+04 
       4.056797079609e-03       1.297893386234e+04 
       4.179262991157e-03       1.327134260012e+04 
       4.302135495260e-03       1.355962117602e+04 
       4.425384678732e-03       1.384371632846e+04 
       4.548983372436e-03       1.412358899241e+04 
       4.672906867087e-03       1.439920636955e+04 
       4.797132660503e-03       1.467055377276e+04 
       4.921640232876e-03       1.493760295394e+04 
       5.046410846930e-03       1.520037250099e+04 
       5.171427370143e-03       1.545885261725e+04 
       5.296674116521e-03       1.565616414853e+04 
       5.422136705660e-03       1.590386040956e+04 
       5.547801937108e-03       1.614726944729e+04 
       5.673657678258e-03       1.638640636579e+04 
       5.799692764211e-03       1.662129842313e+04 
       5.925896908236e-03       1.685196229688e+04 
       6.052260621603e-03       1.707842822751e+04 
       6.178775141736e-03       1.730072863051e+04 
       6.305432367739e-03       1.751888806159e+04 
       6.432224802458e-03       1.773293719927e+04 
       6.559145500367e-03       1.794291437965e+04 
       6.686188020621e-03       1.814884780417e+04 
       6.813346384718e-03       1.835077988025e+04 
       6.940615038267e-03       1.854874671337e+04 
       7.067988816420e-03       1.874278021533e+04 
       7.195462912579e-03       1.893292134748e+04 
       7.323032850035e-03       1.911920832753e+04 
       7.450694456232e-03       1.930167365499e+04 
       7.578443839380e-03       1.948036322014e+04 
       7.706277367195e-03       1.965531579797e+04 
       7.834191647523e-03       1.982657646166e+04 
       7.962183510688e-03       1.999416773880e+04 
       8.090249993374e-03       2.015814448633e+04 
       8.218388323908e-03       2.031854013115e+04 
       8.346595908785e-03       2.047538077420e+04 
       8.474870320347e-03       2.062873415962e+04 
       8.603209285481e-03       2.077862615764e+04 
       8.731610675253e-03       2.092509133054e+04 
       8.860072495387e-03       2.106817440783e+04 
       8.988592877524e-03       2.120790510160e+04 
       9.117170071166e-03       2.134433160960e+04 
       9.245802436271e-03       2.147748765845e+04 
       9.374488436424e-03       2.160741275350e+04 
       9.503226632536e-03       2.173414494886e+04 
       9.632015677038e-03       2.185771769042e+04 
       9.760854308503e-03       2.197816689881e+04 
       9.889741346691e-03       2.209553658207e+04 
       1.001867568796e-02       2.220984721704e+04 
       1.014765630100e-02       2.232114775985e+04 
       1.027668222292e-02       2.242947071357e+04 
       1.040575255559e-02       2.253484537480e+04 
       1.053486646227e-02       2.263731608253e+04 
       1.066402316444e-02       2.273690958719e+04 
       1.079322193894e-02       2.283366195840e+04 
       1.092246211522e-02       2.292760932201e+04 
       1.105174307285e-02       2.301878623077e+04 
       1.118106423920e-02       2.310720873342e+04 
       1.131042508723e-02       2.319294475731e+04 
       1.143982513352e-02       2.327600140762e+04 
       1.156926393637e-02       2.335642233058e+04 
       1.169874109404e-02       2.343422575743e+04 
       1.182825624318e-02       2.350945497631e+04 
       1.195780905728e-02       2.358215272592e+04 
       1.208739924525e-02       2.365233142124e+04 
       1.221702655018e-02       2.372002737329e+04 
       1.234669074807e-02       2.378527601589e+04 
       1.247639164673e-02       2.384809758721e+04 
       1.260612908473e-02       2.390853666364e+04 
       1.273590293043e-02       2.396661625243e+04 
       1.286571308106e-02       2.402236732458e+04 
       1.299555946191e-02       2.407581983301e+04 
       1.312544202555e-02       2.412700591016e+04 
       1.325536075111e-02       2.417594474153e+04 
       1.338531564362e-02       2.422268985177e+04 
       1.351530673340e-02       2.426723933235e+04 
       1.364533407550e-02       2.430963719737e+04 
       1.377539774920e-02       2.434990650376e+04 
       1.390549785752e-02       2.438807914156e+04 
       1.403563452678e-02       2.442417563152e+04 
       1.416580790625e-02       2.445822081095e+04 
       1.429601816775e-02       2.449024807301e+04 
       1.442626550538e-02       2.452028597098e+04 
       1.455655013517e-02       2.454834490345e+04 
       1.468687229490e-02       2.457446667221e+04 
       1.481723224380e-02       2.459866060882e+04 
       1.494763026242e-02       2.462096871155e+04 
       1.507806665244e-02       2.464141067395e+04 
       1.520854173650e-02       2.466000877409e+04 
       1.533905585813e-02       2.467677590116e+04 
       1.546960938166e-02       2.469175895951e+04 
       1.560020269211e-02       2.470496949295e+04 
       1.573083619518e-02       2.471643103871e+04 
       1.586151031723e-02       2.472617835777e+04 
       1.599222550526e-02       2.473420873794e+04 
       1.612298222697e-02       2.474057367877e+04 
       1.625378097073e-02       2.474529300627e+04 
       1.638462224574e-02       2.474835551849e+04 
       1.651550658203e-02       2.474982030368e+04 
       1.664643453057e-02       2.474970477517e+04 
       1.677740666345e-02       2.474801821173e+04 
       1.690842357393e-02       2.474478736039e+04 
       1.703948587665e-02       2.474003411185e+04 
       1.717059420779e-02       2.473378860524e+04 
       1.730174922525e-02       2.472605571662e+04 
       1.743295160886e-02       2.471687805870e+04 
       1.756420206062e-02       2.470625969337e+04 
       1.769550130488e-02       2.469422618439e+04 
       1.782685008870e-02       2.468079220581e+04 
       1.795824918201e-02       2.466599066242e+04 
       1.808969937799e-02       2.464983770436e+04 
       1.822120149331e-02       2.463234986197e+04 
       1.835275636850e-02       2.461355123999e+04 
       1.848436486828e-02       2.459344793185e+04 
       1.861602788189e-02       2.457207742067e+04 
       1.874774632350e-02       2.454945563883e+04 
       1.887952113256e-02       2.452561881254e+04 
       1.901135327425e-02       2.450055043973e+04 
       1.914324373989e-02       2.447429747744e+04 
       1.927519354737e-02       2.444685436871e+04 
       1.940720374161e-02       2.441826293953e+04 
       1.953927539506e-02       2.438852513019e+04 
       1.967140960817e-02       2.435767298556e+04 
       1.980360750994e-02       2.432571882210e+04 
       1.993587025841e-02       2.429270153615e+04 
       2.006819904124e-02       2.425861507634e+04 
       2.020059507628e-02       2.422347341115e+04 
       2.033305961215e-02       2.418731320527e+04 
       2.046559392887e-02       2.415011052918e+04 
       2.059819933848e-02       2.411194572278e+04 
       2.073087718570e-02       2.407282620156e+04 
       2.086362884860e-02       2.403271160542e+04 
       2.099645573930e-02       2.399165084771e+04 
       2.112935930470e-02       2.394970171943e+04 
       2.126234102721e-02       2.390685288330e+04 
       2.139540242552e-02       2.386307243446e+04 
       2.152854505542e-02       2.381844384923e+04 
       2.166177051056e-02       2.377290253365e+04 
       2.179508042336e-02       2.372663910722e+04 
       2.192847646583e-02       2.367951462342e+04 
       2.206196035048e-02       2.363155845277e+04 
       2.219553383128e-02       2.358280490359e+04 
       2.232919870454e-02       2.353328425013e+04 
       2.246295680998e-02       2.348302241632e+04 
       2.259681003169e-02       2.343195979727e+04 
       2.273076029917e-02       2.338023872052e+04 
       2.286480958848e-02       2.332777494221e+04 
       2.299895992324e-02       2.327459987774e+04 
       2.313321337590e-02       2.322070689444e+04 
       2.326757206883e-02       2.316620209346e+04 
       2.340203817558e-02       2.311104620808e+04 
       2.353661392216e-02       2.305517019505e+04 
       2.367130158827e-02       2.299871448220e+04 
       2.380610350874e-02       2.294166999530e+04 
       2.394102207480e-02       2.288391642733e+04 
       2.407605973561e-02       2.282573269138e+04 
       2.421121899967e-02       2.276690670333e+04 
       2.434650243633e-02       2.270750211877e+04 
       2.448191267743e-02       2.264753640727e+04 
       2.461745241882e-02       2.258703705634e+04 
       2.475312442212e-02       2.252605989456e+04 
       2.488893151639e-02       2.246457810407e+04 
       2.502487659991e-02       2.240256915315e+04 
       2.516096264207e-02       2.234005378454e+04 
       2.529719268522e-02       2.227712048783e+04 
       2.543356984663e-02       2.221369358188e+04 
       2.557009732058e-02       2.214982967412e+04 
       2.570677838037e-02       2.208553612975e+04 
       2.584361638056e-02       2.202078736411e+04 
       2.598061475917e-02       2.195570129868e+04 
       2.611777704002e-02       2.189016003766e+04 
       2.625510683509e-02       2.182424042102e+04 
       2.639260784704e-02       2.175793751148e+04 
       2.653028387176e-02       2.169129696312e+04 
       2.666813880099e-02       2.162422858643e+04 
       2.680617662513e-02       2.155688378929e+04 
       2.694440143603e-02       2.148919699816e+04 
       2.708281742995e-02       2.142119584355e+04 
       2.722142891062e-02       2.135284102168e+04 
       2.736024029240e-02       2.128424872569e+04 
       2.749925610352e-02       2.121535390775e+04 
       2.763848098952e-02       2.114613701070e+04 
       2.777791971675e-02       2.107662255349e+04 
       2.791757717599e-02       2.100689207663e+04 
       2.805745838630e-02       2.093690766941e+04 
       2.819756849886e-02       2.086668107661e+04 
       2.833791280112e-02       2.079630059515e+04 
       2.847849672100e-02       2.072562329224e+04 
       2.861932583126e-02       2.065466388942e+04 
       2.876040585411e-02       2.058352094774e+04 
       2.890174266590e-02       2.051227639920e+04 
       2.904334230209e-02       2.044078281533e+04 
       2.918521096234e-02       2.036908557364e+04 
       2.932735501584e-02       2.029725294350e+04 
       2.946978100686e-02       2.022528496472e+04 
       2.961249566051e-02       2.015312494866e+04 
       2.975550588873e-02       2.008079400345e+04 
       2.989881879654e-02       2.000837320030e+04 
       3.004244168855e-02       1.993577145948e+04 
       3.018638207573e-02       1.986305813729e+04 
       3.033064768247e-02       1.979022234375e+04 
       3.047524645398e-02       1.971730530656e+04 
       3.062018656390e-02       1.964425549774e+04 
       3.076547642238e-02       1.957109696654e+04 
       3.091112468442e-02       1.949790125712e+04 
       3.105714025859e-02       1.942460129762e+04 
       3.120353231615e-02       1.935116874330e+04 
       3.135031030061e-02       1.927767042104e+04 
       3.149748393766e-02       1.920418812645e+04 
       3.164506324559e-02       1.913057753928e+04 
       3.179305854619e-02       1.905691549595e+04 
       3.194148047617e-02       1.898326470338e+04 
       3.209033999906e-02       1.890947980864e+04 
       3.223964841776e-02       1.883574772572e+04 
       3.238941738760e-02       1.876192580961e+04 
       3.253965893010e-02       1.868810772581e+04 
       3.269038544739e-02       1.861422230400e+04 
       3.284160973729e-02       1.854035242315e+04 
       3.299334500921e-02       1.846643434754e+04 
       3.314560490080e-02       1.839259488789e+04 
       3.329840349547e-02       1.831867900144e+04 
       3.345175534078e-02       1.824477759820e+04 
       3.360567546786e-02       1.817083366189e+04 
       3.376017941171e-02       1.809700426192e+04 
       3.391528323272e-02       1.802312916002e+04 
       3.407100353922e-02       1.794928122605e+04 
       3.422735751136e-02       1.787543223206e+04 
       3.438436292620e-02       1.780164086541e+04 
       3.454203818419e-02       1.772786836793e+04 
       3.470040233725e-02       1.765411520518e+04 
       3.485947511822e-02       1.758037074791e+04 
       3.501927697224e-02       1.750669906501e+04 
       3.517982908970e-02       1.743303324247e+04 
       3.534115344131e-02       1.735944843663e+04 
       3.550327281510e-02       1.728585167587e+04 
       3.566621085570e-02       1.721236806124e+04 
       3.582999210602e-02       1.713887276219e+04 
       3.599464205136e-02       1.706542974177e+04 
       3.616018716639e-02       1.699201473036e+04 
       3.632665496497e-02       1.691867126418e+04 
       3.649407405320e-02       1.684541791818e+04 
       3.666247418581e-02       1.677217790449e+04 
       3.683188632629e-02       1.669902127626e+04 
       3.700234271088e-02       1.662582593399e+04 
       3.717387691695e-02       1.655275947976e+04 
       3.734652393587e-02       1.647972173029e+04 
       3.752032025097e-02       1.640676227952e+04 
       3.769530392089e-02       1.633384917739e+04 
       3.787151466869e-02       1.626099973701e+04 
       3.804899397748e-02       1.618818735311e+04 
       3.822778519281e-02       1.611539780481e+04 
       3.840793363262e-02       1.604267074339e+04 
       3.858948670541e-02       1.597002420151e+04 
       3.877249403722e-02       1.589742868838e+04 
       3.895700760840e-02       1.582488307011e+04 
       3.914308190094e-02       1.575235343188e+04 
       3.933077405747e-02       1.567990336776e+04 
       3.952014405293e-02       1.560742218233e+04 
       3.971125488021e-02       1.553500368510e+04 
       3.990417275105e-02       1.546268118308e+04 
       4.009896731388e-02       1.539033811474e+04 
       4.029571189012e-02       1.531804174999e+04 
       4.049448373096e-02       1.524576645711e+04 
       4.069536429676e-02       1.517346896069e+04 
       4.089843956138e-02       1.510119518122e+04 
       4.110380034434e-02       1.502898410617e+04 
       4.131154267354e-02       1.495674007398e+04 
       4.152176818235e-02       1.488451339764e+04 
       4.173458454467e-02       1.481222817082e+04 
       4.195010595251e-02       1.473998783217e+04 
       4.216845364108e-02       1.466770958535e+04 
       4.238975646711e-02       1.459539071222e+04 
       4.261415154690e-02       1.452304440816e+04 
       4.284178496153e-02       1.445065350105e+04 
       4.307281253788e-02       1.437820378699e+04 
       4.330740071514e-02       1.430571101979e+04 
       4.354572750826e-02       1.423309202474e+04 
       4.378798358138e-02       1.416042726242e+04 
       4.403437344635e-02       1.408768001048e+04 
       4.428511680406e-02       1.401480707042e+04 
       4.454045004904e-02       1.394177848698e+04 
       4.480062796129e-02       1.386868416942e+04 
       4.506592561363e-02       1.379538539764e+04 
       4.533664052738e-02       1.372189581136e+04 
       4.561309511578e-02       1.364822225319e+04 
       4.589563946101e-02       1.357436640476e+04 
       4.618465448014e-02       1.350023086056e+04 
       4.648055554522e-02       1.342593306752e+04 
       4.678379663626e-02       1.335131456577e+04 
       4.709487512124e-02       1.327636964618e+04 
       4.741433727710e-02       1.320110597621e+04 
       4.774278468959e-02       1.312548117031e+04 
       4.808088169976e-02       1.304942891492e+04 
       4.842936410232e-02       1.297297895509e+04 
       4.878904934729e-02       1.289605188815e+04 
       4.916084855550e-02       1.281855400724e+04 
       4.954578073176e-02       1.274050253887e+04 
       4.994498965325e-02       1.266181742318e+04 
       5.035976402938e-02       1.258239417780e+04 
       5.079156168005e-02       1.250221816704e+04 
       5.124203867190e-02       1.242116034454e+04 
       5.171308459725e-02       1.233913264220e+04 
       5.220686549247e-02       1.225604931571e+04 
       5.272587628721e-02       1.217169246465e+04 
       5.327300517012e-02       1.208599000861e+04 
       5.385161286438e-02       1.199872835338e+04 
       5.446563052827e-02       1.190960871164e+04 
       5.511968080349e-02       1.181842861512e+04 
       5.581922732395e-02       1.172474488324e+04 
       5.657075852001e-02       1.162813483277e+04 
       5.738201125212e-02       1.152797060110e+04 
       5.826223754178e-02       1.142347589811e+04 
       5.922251120933e-02       1.131360166318e+04 
       6.027605646616e-02       1.119692440008e+04 
       6.143855042986e-02       1.107153614674e+04 
       6.272829571713e-02       1.093480371122e+04 
       6.416606666588e-02       1.078309851853e+04 
       6.577430483500e-02       1.061169706202e+04 
       6.757522617579e-02       1.041441026524e+04 
       6.958746293643e-02       1.018389219025e+04 
       7.182138353825e-02       9.912457105126e+03 
       7.427438163755e-02       9.593940930373e+03 
       7.692861429718e-02       9.226239939024e+03 
       7.975334167169e-02       8.813666183772e+03 
       8.271139746556e-02       8.367614629815e+03 
       8.576654114900e-02       7.905012439121e+03 
       8.888843439287e-02       7.445265979199e+03 
       9.205430585191e-02       7.006908595437e+03 
       9.524830915469e-02       6.605138375382e+03 
       9.845996023531e-02       6.250350978242e+03 
       1.016825458712e-01       5.947791191971e+03 
       1.049118553256e-01       5.697915963125e+03 
       1.081452811827e-01       5.497123562864e+03 
       1.113812214910e-01       5.338742792435e+03 
       1.146186966825e-01       5.213910275487e+03 
       1.178571094144e-01       5.112500166605e+03 
       1.210960959645e-01       5.024077192374e+03 
       1.243354349961e-01       4.938750473241e+03 
       1.275749918086e-01       4.848053747438e+03 
       1.308146843684e-01       4.745702990329e+03 
       1.340544626455e-01       4.628078652643e+03 
       1.372942960570e-01       4.494405303602e+03 
       1.405341658405e-01       4.346534744287e+03 
       1.437740604232e-01       4.188405293030e+03 
       1.470139726102e-01       4.025282945972e+03 
       1.502538978765e-01       3.862933622621e+03 
       1.534938333302e-01       3.706875923713e+03 
       1.567337770813e-01       3.561787180902e+03 
       1.599737278586e-01       3.431095425054e+03 
       1.632136847756e-01       3.316808684953e+03 
       1.664536471878e-01       3.219527222043e+03 
       1.696936146057e-01       3.138536138791e+03 
       1.729335866407e-01       3.072052361653e+03 
       1.761735629721e-01       3.017481009623e+03 
       1.794135433264e-01       2.971690543601e+03 
       1.826535274640e-01       2.931331137306e+03 
       1.858935151711e-01       2.893590909836e+03 
       1.891335062540e-01       2.855311773099e+03 
       1.923735005354e-01       2.813763451413e+03 
       1.956134978519e-01       2.767277961161e+03 
       1.988534980518e-01       2.715124828832e+03 
       2.020935009944e-01       2.657488128979e+03 
       2.053335065479e-01       2.595342445943e+03 
       2.085735145894e-01       2.530237339741e+03 
       2.118135250035e-01       2.464003539102e+03 
       2.150535376820e-01       2.398531178648e+03 
       2.182935525234e-01       2.335490553912e+03 
       2.215335694318e-01       2.276236582710e+03 
       2.247735883173e-01       2.221751835813e+03 
       2.280136090950e-01       2.172602325297e+03 
       2.312536316847e-01       2.128971184269e+03 
       2.344936560108e-01       2.090668919257e+03 
       2.377336820020e-01       2.057171767192e+03 
       2.409737095904e-01       2.027691923968e+03 
       2.442137387122e-01       2.001240036091e+03 
       2.474537693067e-01       1.976742088543e+03 
       2.506938013165e-01       1.953145241253e+03 
       2.539338346870e-01       1.929515947961e+03 
       2.571738693665e-01       1.905124208907e+03 
       2.604139053058e-01       1.879481235028e+03 
       2.636539424582e-01       1.852353629178e+03 
       2.668939807793e-01       1.823746135361e+03 
       2.701340202267e-01       1.793872746190e+03 
       2.733740607601e-01       1.763124329614e+03 
       2.766141023413e-01       1.732002163820e+03 
       2.798541449335e-01       1.701072541559e+03 
       2.830941885019e-01       1.670900015311e+03 
       2.863342330131e-01       1.641981167953e+03 
       2.895742784354e-01       1.614694361487e+03 
       2.928143247383e-01       1.589270879564e+03 
       2.960543718927e-01       1.565782876814e+03 
       2.992944198708e-01       1.544163583705e+03 
       3.025344686461e-01       1.524236977612e+03 
       3.057745181930e-01       1.505747683867e+03 
       3.090145684872e-01       1.488396068515e+03 
       3.122546195053e-01       1.471873248913e+03 
       3.154946712248e-01       1.455864501474e+03 
       3.187347236243e-01       1.440082975864e+03 
       3.219747766831e-01       1.424283705254e+03 
       3.252148303815e-01       1.408290117145e+03 
       3.284548847003e-01       1.391997498693e+03 
       3.316949396214e-01       1.375387384722e+03 
       3.349349951272e-01       1.358514916914e+03 
       3.381750512007e-01       1.341491441867e+03 
       3.414151078258e-01       1.324467951740e+03 
       3.446551649869e-01       1.307598494708e+03 
       3.478952226688e-01       1.291039566122e+03 
       3.511352808571e-01       1.274919268374e+03 
       3.543753395378e-01       1.259349304468e+03 
       3.576153986975e-01       1.244406674223e+03 
       3.608554583233e-01       1.230137894624e+03 
       3.640955184026e-01       1.216549208330e+03 
       3.673355789234e-01       1.203609492080e+03 
       3.705756398740e-01       1.191252613776e+03 
       3.738157012433e-01       1.179387387354e+03 
       3.770557630203e-01       1.167907420968e+03 
       3.802958251947e-01       1.156708631302e+03 
       3.835358877563e-01       1.145700491310e+03 
       3.867759506953e-01       1.134811844136e+03 
       3.900160140023e-01       1.123991359781e+03 
       3.932560776682e-01       1.113209657157e+03 
       3.964961416841e-01       1.102452205955e+03 
       3.997362060415e-01       1.091722094015e+03 
       4.029762707321e-01       1.081034329235e+03 
       4.062163357479e-01       1.070417678115e+03 
       4.094564010812e-01       1.059908986511e+03 
       4.126964667244e-01       1.049552287690e+03 
       4.159365326703e-01       1.039388458439e+03 
       4.191765989118e-01       1.029452110833e+03 
       4.224166654421e-01       1.019761390345e+03 
       4.256567322546e-01       1.010331106260e+03 
       4.288967993429e-01       1.001156716964e+03 
       4.321368667007e-01       9.922324894427e+02 
       4.353769343220e-01       9.835441798313e+02 
       4.386170022010e-01       9.750771006337e+02 
       4.418570703319e-01       9.668139129458e+02 
       4.450971387092e-01       9.587305423071e+02 
       4.483372073276e-01       9.508037530985e+02 
       4.515772761818e-01       9.430055987077e+02 
       4.548173452669e-01       9.353109249388e+02 
       4.580574145778e-01       9.277010602453e+02 
       4.612974841099e-01       9.201659576489e+02 
       4.645375538584e-01       9.126978432583e+02 
       4.677776238188e-01       9.053013152598e+02 
       4.710176939868e-01       8.979769435447e+02 
       4.742577643582e-01       8.907358349206e+02 
       4.774978349286e-01       8.835801319171e+02 
       4.807379056942e-01       8.765181687921e+02 
       4.839779766509e-01       8.695611289277e+02 
       4.872180477950e-01       8.627155529298e+02 
       4.904581191227e-01       8.559932784462e+02 
       4.936981906303e-01       8.493997998459e+02 
       4.969382623145e-01       8.429358782283e+02 
       5.001783341717e-01       8.366004539790e+02 
       5.034184061985e-01       8.303853603558e+02 
       5.066584783917e-01       8.242820375155e+02 
       5.098985507482e-01       8.182789789167e+02 
       5.131386232647e-01       8.123669054592e+02 
       5.163786959384e-01       8.065405797337e+02 
       5.196187687662e-01       8.007908968063e+02 
       5.228588417453e-01       7.951142888485e+02 
       5.260989148729e-01       7.895027495783e+02 
       5.488415966697e-01       7.518379774620e+02 
       5.738147365394e-01       7.143048762712e+02 
       6.016103987712e-01       6.767086730506e+02 
       6.330984571748e-01       6.382906847609e+02 
       6.696215108184e-01       5.986690509792e+02 
       7.133817401109e-01       5.568456760865e+02 
       7.682711019258e-01       5.115154049236e+02 
       8.417910505529e-01       4.605243018589e+02 
       9.495424846739e-01       4.007033290831e+02 
       1.122274439640e+00       3.296771280918e+02 
       1.391291207044e+00       2.548396357915e+02 
       1.750103138830e+00       1.904429917348e+02 
       2.203229341536e+00       1.384159462462e+02 
       2.773701354201e+00       9.740349652339e+01 
       3.491883119514e+00       6.638109428835e+01 
       4.396020394171e+00       4.396905794026e+01 
       5.534261784987e+00       2.844630565302e+01 
       6.967222796641e+00       1.807276407246e+01 
       8.771213828324e+00       1.133750247339e+01 
       1.104230398076e+01       7.061414798715e+00 
       1.390143708613e+01       4.391874926097e+00 
