# Matter power spectrum P(k) at redshift z=0
# for k=1.05216e-05 to 13.9014 h/Mpc,
# number of wavenumbers equal to 548
#    1:k (h/Mpc)              2:P (Mpc/h)^3        
       1.052162017240e-05       5.650354078563e+01 
       2.350772107913e-05       1.212670450222e+02 
       3.654020024128e-05       1.843814491905e+02 
       4.965469873119e-05       2.467378220814e+02 
       6.288745637405e-05       3.088119849231e+02 
       7.627564016474e-05       3.709420255177e+02 
       8.985768334586e-05       4.334052176984e+02 
       1.036736397250e-04       4.964489925884e+02 
       1.177655578436e-04       5.603064920413e+02 
       1.321778796441e-04       6.252056554366e+02 
       1.469578682853e-04       6.913753011840e+02 
       1.621560696842e-04       7.590496350327e+02 
       1.778268121613e-04       8.284719535773e+02 
       1.940287481518e-04       8.998978741880e+02 
       2.108254412086e-04       9.735983723120e+02 
       2.282860003257e-04       1.049862659961e+03 
       2.464857617582e-04       1.129001060661e+03 
       2.655070157703e-04       1.211347842636e+03 
       2.854397717961e-04       1.297264009239e+03 
       3.063825500011e-04       1.387140008717e+03 
       3.284431797490e-04       1.481398295422e+03 
       3.517395755950e-04       1.580495549353e+03 
       3.764004487259e-04       1.684924411406e+03 
       4.025658960250e-04       1.795214487409e+03 
       4.303877902338e-04       1.911932245990e+03 
       4.600298737232e-04       2.035679427610e+03 
       4.916674368247e-04       2.167089513657e+03 
       5.254864425558e-04       2.306821687819e+03 
       5.616819476895e-04       2.455551726907e+03 
       6.004556721769e-04       2.613959419510e+03 
       6.420125931567e-04       2.782712027367e+03 
       6.865564946312e-04       2.962443875320e+03 
       7.342844955267e-04       3.153732331931e+03 
       7.853807074603e-04       3.357071053893e+03 
       8.400093291696e-04       3.572842225390e+03 
       8.983076443675e-04       3.801289632648e+03 
       9.603795189002e-04       4.042495394274e+03 
       1.026290051399e-03       4.296362960798e+03 
       1.096061986160e-03       4.562608503036e+03 
       1.169674336399e-03       4.840762650777e+03 
       1.247063410278e-03       5.130182515065e+03 
       1.328126131146e-03       5.430073287991e+03 
       1.412725263021e-03       5.739488349632e+03 
       1.500695952217e-03       6.057431377324e+03 
       1.591852910682e-03       6.382852478656e+03 
       1.685997597132e-03       6.714665043700e+03 
       1.782924870927e-03       7.051788622098e+03 
       1.882428759257e-03       7.393172696048e+03 
       1.984307149445e-03       7.737815323837e+03 
       2.088365365329e-03       8.084776706308e+03 
       2.194418694421e-03       8.433187103997e+03 
       2.302293998561e-03       8.782251884378e+03 
       2.411830570806e-03       9.131252390331e+03 
       2.522880404826e-03       9.479543619726e+03 
       2.635308029882e-03       9.826552069667e+03 
       2.748990042548e-03       1.017177003263e+04 
       2.863814441592e-03       1.051475250723e+04 
       2.979679848539e-03       1.085510948747e+04 
       3.096494675272e-03       1.119250261685e+04 
       3.214176282509e-03       1.152663876102e+04 
       3.332650158999e-03       1.185726634828e+04 
       3.451849140678e-03       1.218416986808e+04 
       3.571712681076e-03       1.250716266685e+04 
       3.692186178644e-03       1.282609198727e+04 
       3.813220362724e-03       1.314082620793e+04 
       3.934770737248e-03       1.345125988196e+04 
       4.056797079609e-03       1.375730157873e+04 
       4.179262991157e-03       1.405888150985e+04 
       4.302135495260e-03       1.435594477086e+04 
       4.425384678732e-03       1.464844669612e+04 
       4.548983372436e-03       1.493635708570e+04 
       4.672906867087e-03       1.521965183392e+04 
       4.797132660503e-03       1.549832547157e+04 
       4.921640232876e-03       1.577235771766e+04 
       5.046410846930e-03       1.604177729603e+04 
       5.171427370143e-03       1.630658250370e+04 
       5.296674116521e-03       1.650791434912e+04 
       5.422136705660e-03       1.676126545071e+04 
       5.547801937108e-03       1.701003027249e+04 
       5.673657678258e-03       1.725423181802e+04 
       5.799692764211e-03       1.749390555266e+04 
       5.925896908236e-03       1.772907548087e+04 
       6.052260621603e-03       1.795977958005e+04 
       6.178775141736e-03       1.818605781921e+04 
       6.305432367739e-03       1.840794162870e+04 
       6.432224802458e-03       1.862546861948e+04 
       6.559145500367e-03       1.883868419679e+04 
       6.686188020621e-03       1.904762288589e+04 
       6.813346384718e-03       1.925233390150e+04 
       6.940615038267e-03       1.945285962505e+04 
       7.067988816420e-03       1.964923783869e+04 
       7.195462912579e-03       1.984151562217e+04 
       7.323032850035e-03       2.002973699116e+04 
       7.450694456232e-03       2.021393979664e+04 
       7.578443839380e-03       2.039417574839e+04 
       7.706277367195e-03       2.057048893908e+04 
       7.834191647523e-03       2.074292989735e+04 
       7.962183510688e-03       2.091152541796e+04 
       8.090249993374e-03       2.107633597882e+04 
       8.218388323908e-03       2.123739950458e+04 
       8.346595908785e-03       2.139474614462e+04 
       8.474870320347e-03       2.154844944043e+04 
       8.603209285481e-03       2.169853905346e+04 
       8.731610675253e-03       2.184505362286e+04 
       8.860072495387e-03       2.198804229571e+04 
       8.988592877524e-03       2.212753844016e+04 
       9.117170071166e-03       2.226359461634e+04 
       9.245802436271e-03       2.239624818767e+04 
       9.374488436424e-03       2.252554245501e+04 
       9.503226632536e-03       2.265151911679e+04 
       9.632015677038e-03       2.277421498504e+04 
       9.760854308503e-03       2.289366937240e+04 
       9.889741346691e-03       2.300992993608e+04 
       1.001867568796e-02       2.312301975260e+04 
       1.014765630100e-02       2.323299148422e+04 
       1.027668222292e-02       2.333988058974e+04 
       1.040575255559e-02       2.344371912858e+04 
       1.053486646227e-02       2.354455474610e+04 
       1.066402316444e-02       2.364241672785e+04 
       1.079322193894e-02       2.373734399482e+04 
       1.092246211522e-02       2.382937546671e+04 
       1.105174307285e-02       2.391854837088e+04 
       1.118106423920e-02       2.400488065833e+04 
       1.131042508723e-02       2.408844412268e+04 
       1.143982513352e-02       2.416924732219e+04 
       1.156926393637e-02       2.424733672305e+04 
       1.169874109404e-02       2.432273235735e+04 
       1.182825624318e-02       2.439548022399e+04 
       1.195780905728e-02       2.446562569748e+04 
       1.208739924525e-02       2.453318264940e+04 
       1.221702655018e-02       2.459818970585e+04 
       1.234669074807e-02       2.466068453899e+04 
       1.247639164673e-02       2.472068902809e+04 
       1.260612908473e-02       2.477825024527e+04 
       1.273590293043e-02       2.483339286694e+04 
       1.286571308106e-02       2.488614978975e+04 
       1.299555946191e-02       2.493655282086e+04 
       1.312544202555e-02       2.498463599084e+04 
       1.325536075111e-02       2.503041989262e+04 
       1.338531564362e-02       2.507396063835e+04 
       1.351530673340e-02       2.511525692575e+04 
       1.364533407550e-02       2.515435496086e+04 
       1.377539774920e-02       2.519127922979e+04 
       1.390549785752e-02       2.522606333045e+04 
       1.403563452678e-02       2.525872907434e+04 
       1.416580790625e-02       2.528930271490e+04 
       1.429601816775e-02       2.531781932593e+04 
       1.442626550538e-02       2.534430894980e+04 
       1.455655013517e-02       2.536878284458e+04 
       1.468687229490e-02       2.539128469972e+04 
       1.481723224380e-02       2.541182463143e+04 
       1.494763026242e-02       2.543044648213e+04 
       1.507806665244e-02       2.544717103016e+04 
       1.520854173650e-02       2.546202170542e+04 
       1.533905585813e-02       2.547501222852e+04 
       1.546960938166e-02       2.548619141319e+04 
       1.560020269211e-02       2.549557155178e+04 
       1.573083619518e-02       2.550317730035e+04 
       1.586151031723e-02       2.550904487448e+04 
       1.599222550526e-02       2.551317181775e+04 
       1.612298222697e-02       2.551561157524e+04 
       1.625378097073e-02       2.551638490129e+04 
       1.638462224574e-02       2.551548055229e+04 
       1.651550658203e-02       2.551295973613e+04 
       1.664643453057e-02       2.550884067575e+04 
       1.677740666345e-02       2.550313320131e+04 
       1.690842357393e-02       2.549586513192e+04 
       1.703948587665e-02       2.548705926736e+04 
       1.717059420779e-02       2.547674688800e+04 
       1.730174922525e-02       2.546493324254e+04 
       1.743295160886e-02       2.545166242744e+04 
       1.756420206062e-02       2.543693883019e+04 
       1.769550130488e-02       2.542078896619e+04 
       1.782685008870e-02       2.540322812960e+04 
       1.795824918201e-02       2.538429036371e+04 
       1.808969937799e-02       2.536399245635e+04 
       1.822120149331e-02       2.534235157759e+04 
       1.835275636850e-02       2.531939267827e+04 
       1.848436486828e-02       2.529512217517e+04 
       1.861602788189e-02       2.526957875530e+04 
       1.874774632350e-02       2.524277893081e+04 
       1.887952113256e-02       2.521476006446e+04 
       1.901135327425e-02       2.518550531099e+04 
       1.914324373989e-02       2.515506304312e+04 
       1.927519354737e-02       2.512342765511e+04 
       1.940720374161e-02       2.509064222012e+04 
       1.953927539506e-02       2.505670882206e+04 
       1.967140960817e-02       2.502166046165e+04 
       1.980360750994e-02       2.498550986558e+04 
       1.993587025841e-02       2.494829704430e+04 
       2.006819904124e-02       2.491001584769e+04 
       2.020059507628e-02       2.487068067925e+04 
       2.033305961215e-02       2.483032922872e+04 
       2.046559392887e-02       2.478893699047e+04 
       2.059819933848e-02       2.474658645267e+04 
       2.073087718570e-02       2.470328525209e+04 
       2.086362884860e-02       2.465899201962e+04 
       2.099645573930e-02       2.461375696673e+04 
       2.112935930470e-02       2.456763938392e+04 
       2.126234102721e-02       2.452062765504e+04 
       2.139540242552e-02       2.447268908687e+04 
       2.152854505542e-02       2.442390927558e+04 
       2.166177051056e-02       2.437422201672e+04 
       2.179508042336e-02       2.432382267889e+04 
       2.192847646583e-02       2.427256884427e+04 
       2.206196035048e-02       2.422049061347e+04 
       2.219553383128e-02       2.416762313211e+04 
       2.232919870454e-02       2.411399739824e+04 
       2.246295680998e-02       2.405963994119e+04 
       2.259681003169e-02       2.400448969759e+04 
       2.273076029917e-02       2.394869239011e+04 
       2.286480958848e-02       2.389216171928e+04 
       2.299895992324e-02       2.383492982185e+04 
       2.313321337590e-02       2.377698987886e+04 
       2.326757206883e-02       2.371845044531e+04 
       2.340203817558e-02       2.365927127823e+04 
       2.353661392216e-02       2.359938169139e+04 
       2.367130158827e-02       2.353892532369e+04 
       2.380610350874e-02       2.347789282470e+04 
       2.394102207480e-02       2.341616108684e+04 
       2.407605973561e-02       2.335401531903e+04 
       2.421121899967e-02       2.329123854625e+04 
       2.434650243633e-02       2.322789581232e+04 
       2.448191267743e-02       2.316400491772e+04 
       2.461745241882e-02       2.309959389644e+04 
       2.475312442212e-02       2.303471973679e+04 
       2.488893151639e-02       2.296935494524e+04 
       2.502487659991e-02       2.290347642269e+04 
       2.516096264207e-02       2.283710529519e+04 
       2.529719268522e-02       2.277033188826e+04 
       2.543356984663e-02       2.270307879731e+04 
       2.557009732058e-02       2.263540376464e+04 
       2.570677838037e-02       2.256731422161e+04 
       2.584361638056e-02       2.249878395330e+04 
       2.598061475917e-02       2.242993327486e+04 
       2.611777704002e-02       2.236064171250e+04 
       2.625510683509e-02       2.229098762425e+04 
       2.639260784704e-02       2.222096587038e+04 
       2.653028387176e-02       2.215062294459e+04 
       2.666813880099e-02       2.207986670658e+04 
       2.680617662513e-02       2.200885155793e+04 
       2.694440143603e-02       2.193751047426e+04 
       2.708281742995e-02       2.186587153669e+04 
       2.722142891062e-02       2.179389454600e+04 
       2.736024029240e-02       2.172169790404e+04 
       2.749925610352e-02       2.164921514620e+04 
       2.763848098952e-02       2.157642622165e+04 
       2.777791971675e-02       2.150335602565e+04 
       2.791757717599e-02       2.143008757150e+04 
       2.805745838630e-02       2.135658208356e+04 
       2.819756849886e-02       2.128285141204e+04 
       2.833791280112e-02       2.120898541490e+04 
       2.847849672100e-02       2.113483830095e+04 
       2.861932583126e-02       2.106042496814e+04 
       2.876040585411e-02       2.098584571940e+04 
       2.890174266590e-02       2.091118387729e+04 
       2.904334230209e-02       2.083628912308e+04 
       2.918521096234e-02       2.076120755841e+04 
       2.932735501584e-02       2.068600857733e+04 
       2.946978100686e-02       2.061069207491e+04 
       2.961249566051e-02       2.053520019335e+04 
       2.975550588873e-02       2.045955429567e+04 
       2.989881879654e-02       2.038383677143e+04 
       3.004244168855e-02       2.030795476818e+04 
       3.018638207573e-02       2.023197874190e+04 
       3.033064768247e-02       2.015589746561e+04 
       3.047524645398e-02       2.007975274468e+04 
       3.062018656390e-02       2.000349200443e+04 
       3.076547642238e-02       1.992713957229e+04 
       3.091112468442e-02       1.985076807438e+04 
       3.105714025859e-02       1.977430913284e+04 
       3.120353231615e-02       1.969773378099e+04 
       3.135031030061e-02       1.962110983566e+04 
       3.149748393766e-02       1.954452030477e+04 
       3.164506324559e-02       1.946781829486e+04 
       3.179305854619e-02       1.939108177671e+04 
       3.194148047617e-02       1.931437432821e+04 
       3.209033999906e-02       1.923754805524e+04 
       3.223964841776e-02       1.916079276502e+04 
       3.238941738760e-02       1.908396333304e+04 
       3.253965893010e-02       1.900715477717e+04 
       3.269038544739e-02       1.893029462673e+04 
       3.284160973729e-02       1.885346691673e+04 
       3.299334500921e-02       1.877660673886e+04 
       3.314560490080e-02       1.869984271921e+04 
       3.329840349547e-02       1.862301722646e+04 
       3.345175534078e-02       1.854622241756e+04 
       3.360567546786e-02       1.846940023249e+04 
       3.376017941171e-02       1.839270995764e+04 
       3.391528323272e-02       1.831598874056e+04 
       3.407100353922e-02       1.823931037961e+04 
       3.422735751136e-02       1.816264604715e+04 
       3.438436292620e-02       1.808605511969e+04 
       3.454203818419e-02       1.800949808030e+04 
       3.470040233725e-02       1.793297521944e+04 
       3.485947511822e-02       1.785647557180e+04 
       3.501927697224e-02       1.778006394016e+04 
       3.517982908970e-02       1.770367225921e+04 
       3.534115344131e-02       1.762737655955e+04 
       3.550327281510e-02       1.755108236258e+04 
       3.566621085570e-02       1.747491632188e+04 
       3.582999210602e-02       1.739875166724e+04 
       3.599464205136e-02       1.732265304904e+04 
       3.616018716639e-02       1.724659566072e+04 
       3.632665496497e-02       1.717062342006e+04 
       3.649407405320e-02       1.709475492952e+04 
       3.666247418581e-02       1.701891215698e+04 
       3.683188632629e-02       1.694316586627e+04 
       3.700234271088e-02       1.686739213611e+04 
       3.717387691695e-02       1.679176053153e+04 
       3.734652393587e-02       1.671616933125e+04 
       3.752032025097e-02       1.664066852914e+04 
       3.769530392089e-02       1.656522552366e+04 
       3.787151466869e-02       1.648985759902e+04 
       3.804899397748e-02       1.641453756550e+04 
       3.822778519281e-02       1.633925077509e+04 
       3.840793363262e-02       1.626403710531e+04 
       3.858948670541e-02       1.618891453079e+04 
       3.877249403722e-02       1.611385292149e+04 
       3.895700760840e-02       1.603885084393e+04 
       3.914308190094e-02       1.596387369282e+04 
       3.933077405747e-02       1.588898550596e+04 
       3.952014405293e-02       1.581407399686e+04 
       3.971125488021e-02       1.573923374286e+04 
       3.990417275105e-02       1.566449808551e+04 
       4.009896731388e-02       1.558974880565e+04 
       4.029571189012e-02       1.551505357704e+04 
       4.049448373096e-02       1.544038611635e+04 
       4.069536429676e-02       1.536570230392e+04 
       4.089843956138e-02       1.529104816887e+04 
       4.110380034434e-02       1.521646269508e+04 
       4.131154267354e-02       1.514184878037e+04 
       4.152176818235e-02       1.506725682226e+04 
       4.173458454467e-02       1.499260967185e+04 
       4.195010595251e-02       1.491801133616e+04 
       4.216845364108e-02       1.484337766708e+04 
       4.238975646711e-02       1.476870539055e+04 
       4.261415154690e-02       1.469400727050e+04 
       4.284178496153e-02       1.461926537490e+04 
       4.307281253788e-02       1.454446474077e+04 
       4.330740071514e-02       1.446962060805e+04 
       4.354572750826e-02       1.439464833601e+04 
       4.378798358138e-02       1.431962838549e+04 
       4.403437344635e-02       1.424452290418e+04 
       4.428511680406e-02       1.416928747135e+04 
       4.454045004904e-02       1.409389098533e+04 
       4.480062796129e-02       1.401842316559e+04 
       4.506592561363e-02       1.394274308729e+04 
       4.533664052738e-02       1.386686341927e+04 
       4.561309511578e-02       1.379078987956e+04 
       4.589563946101e-02       1.371452287878e+04 
       4.618465448014e-02       1.363796286876e+04 
       4.648055554522e-02       1.356122669506e+04 
       4.678379663626e-02       1.348415306105e+04 
       4.709487512124e-02       1.340673445708e+04 
       4.741433727710e-02       1.332897666851e+04 
       4.774278468959e-02       1.325083488034e+04 
       4.808088169976e-02       1.317223999247e+04 
       4.842936410232e-02       1.309321936857e+04 
       4.878904934729e-02       1.301369022587e+04 
       4.916084855550e-02       1.293355511290e+04 
       4.954578073176e-02       1.285282784330e+04 
       4.994498965325e-02       1.277142393588e+04 
       5.035976402938e-02       1.268923390380e+04 
       5.079156168005e-02       1.260623806008e+04 
       5.124203867190e-02       1.252230105377e+04 
       5.171308459725e-02       1.243732800233e+04 
       5.220686549247e-02       1.235122547575e+04 
       5.272587628721e-02       1.226376628369e+04 
       5.327300517012e-02       1.217486849946e+04 
       5.385161286438e-02       1.208430664661e+04 
       5.446563052827e-02       1.199176810841e+04 
       5.511968080349e-02       1.189703494637e+04 
       5.581922732395e-02       1.179964541844e+04 
       5.657075852001e-02       1.169915568133e+04 
       5.738201125212e-02       1.159491312064e+04 
       5.826223754178e-02       1.148611300102e+04 
       5.922251120933e-02       1.137167380675e+04 
       6.027605646616e-02       1.125013587615e+04 
       6.143855042986e-02       1.111955261822e+04 
       6.272829571713e-02       1.097725276269e+04 
       6.416606666588e-02       1.081957652785e+04 
       6.577430483500e-02       1.064178706452e+04 
       6.757522617579e-02       1.043771788038e+04 
       6.958746293643e-02       1.020010518698e+04 
       7.182138353825e-02       9.921428289127e+03 
       7.427438163755e-02       9.595778175466e+03 
       7.692861429718e-02       9.221368657409e+03 
       7.975334167169e-02       8.802823466726e+03 
       8.271139746556e-02       8.351759203649e+03 
       8.576654114900e-02       7.885175924373e+03 
       8.888843439287e-02       7.422396318047e+03 
       9.205430585191e-02       6.981751304151e+03 
       9.524830915469e-02       6.578174390583e+03 
       9.845996023531e-02       6.221790153177e+03 
       1.016825458712e-01       5.917606170464e+03 
       1.049118553256e-01       5.665900464071e+03 
       1.081452811827e-01       5.462963011570e+03 
       1.113812214910e-01       5.302087282879e+03 
       1.146186966825e-01       5.174446872683e+03 
       1.178571094144e-01       5.070018892443e+03 
       1.210960959645e-01       4.978524316521e+03 
       1.243354349961e-01       4.890264206733e+03 
       1.275749918086e-01       4.796974266644e+03 
       1.308146843684e-01       4.692552495052e+03 
       1.340544626455e-01       4.573513363855e+03 
       1.372942960570e-01       4.439145771254e+03 
       1.405341658405e-01       4.291287157158e+03 
       1.437740604232e-01       4.133787526163e+03 
       1.470139726102e-01       3.971767304349e+03 
       1.502538978765e-01       3.810813445824e+03 
       1.534938333302e-01       3.656257215772e+03 
       1.567337770813e-01       3.512602437410e+03 
       1.599737278586e-01       3.383134495636e+03 
       1.632136847756e-01       3.269759103211e+03 
       1.664536471878e-01       3.173017836690e+03 
       1.696936146057e-01       3.092181304853e+03 
       1.729335866407e-01       3.025491425393e+03 
       1.761735629721e-01       2.970412445602e+03 
       1.794135433264e-01       2.923899482055e+03 
       1.826535274640e-01       2.882707575104e+03 
       1.858935151711e-01       2.844119852917e+03 
       1.891335062540e-01       2.805096407968e+03 
       1.923735005354e-01       2.763018008408e+03 
       1.956134978519e-01       2.716291924855e+03 
       1.988534980518e-01       2.664227567420e+03 
       2.020935009944e-01       2.607010659205e+03 
       2.053335065479e-01       2.545581484313e+03 
       2.085735145894e-01       2.481426777572e+03 
       2.118135250035e-01       2.416297988345e+03 
       2.150535376820e-01       2.351999431465e+03 
       2.182935525234e-01       2.290122055913e+03 
       2.215335694318e-01       2.231953068220e+03 
       2.247735883173e-01       2.178422342122e+03 
       2.280136090950e-01       2.130060967884e+03 
       2.312536316847e-01       2.087034118647e+03 
       2.344936560108e-01       2.049151556817e+03 
       2.377336820020e-01       2.015905001066e+03 
       2.409737095904e-01       1.986535857930e+03 
       2.442137387122e-01       1.960095483642e+03 
       2.474537693067e-01       1.935556988213e+03 
       2.506938013165e-01       1.911916107374e+03 
       2.539338346870e-01       1.888284298931e+03 
       2.571738693665e-01       1.863968263793e+03 
       2.604139053058e-01       1.838504967950e+03 
       2.636539424582e-01       1.811674311681e+03 
       2.668939807793e-01       1.783482057751e+03 
       2.701340202267e-01       1.754131892113e+03 
       2.733740607601e-01       1.723994373393e+03 
       2.766141023413e-01       1.693543786864e+03 
       2.798541449335e-01       1.663315121356e+03 
       2.830941885019e-01       1.633840945144e+03 
       2.863342330131e-01       1.605588879975e+03 
       2.895742784354e-01       1.578914255824e+03 
       2.928143247383e-01       1.554033034201e+03 
       2.960543718927e-01       1.531010644517e+03 
       2.992944198708e-01       1.509781302800e+03 
       3.025344686461e-01       1.490176244665e+03 
       3.057745181930e-01       1.471952135187e+03 
       3.090145684872e-01       1.454824321371e+03 
       3.122546195053e-01       1.438499928664e+03 
       3.154946712248e-01       1.422681099824e+03 
       3.187347236243e-01       1.407096748207e+03 
       3.219747766831e-01       1.391515674214e+03 
       3.252148303815e-01       1.375771401451e+03 
       3.284548847003e-01       1.359765282027e+03 
       3.316949396214e-01       1.343479873867e+03 
       3.349349951272e-01       1.326966906523e+03 
       3.381750512007e-01       1.310330819565e+03 
       3.414151078258e-01       1.293713140214e+03 
       3.446551649869e-01       1.277258090824e+03 
       3.478952226688e-01       1.261112031407e+03 
       3.511352808571e-01       1.245394528215e+03 
       3.543753395378e-01       1.230209649696e+03 
       3.576153986975e-01       1.215628821684e+03 
       3.608554583233e-01       1.201694827398e+03 
       3.640955184026e-01       1.188412665269e+03 
       3.673355789234e-01       1.175752325022e+03 
       3.705756398740e-01       1.163651045454e+03 
       3.738157012433e-01       1.152022686812e+03 
       3.770557630203e-01       1.140766987890e+03 
       3.802958251947e-01       1.129785981042e+03 
       3.835358877563e-01       1.118994511987e+03 
       3.867759506953e-01       1.108325656111e+03 
       3.900160140023e-01       1.097731114812e+03 
       3.932560776682e-01       1.087183168854e+03 
       3.964961416841e-01       1.076668012618e+03 
       3.997362060415e-01       1.066188319585e+03 
       4.029762707321e-01       1.055757897698e+03 
       4.062163357479e-01       1.045403393580e+03 
       4.094564010812e-01       1.035158976100e+03 
       4.126964667244e-01       1.025065497397e+03 
       4.159365326703e-01       1.015160833344e+03 
       4.191765989118e-01       1.005476988077e+03 
       4.224166654421e-01       9.960305834972e+02 
       4.256567322546e-01       9.868351231105e+02 
       4.288967993429e-01       9.778860609131e+02 
       4.321368667007e-01       9.691777510707e+02 
       4.353769343220e-01       9.606966260802e+02 
       4.386170022010e-01       9.524287230250e+02 
       4.418570703319e-01       9.443576266611e+02 
       4.450971387092e-01       9.364606673279e+02 
       4.483372073276e-01       9.287159814869e+02 
       4.515772761818e-01       9.210973428245e+02 
       4.548173452669e-01       9.135811512671e+02 
       4.580574145778e-01       9.061498639444e+02 
       4.612974841099e-01       8.987939812532e+02 
       4.645375538584e-01       8.915061289593e+02 
       4.677776238188e-01       8.842904497071e+02 
       4.710176939868e-01       8.771473393382e+02 
       4.742577643582e-01       8.700869940328e+02 
       4.774978349286e-01       8.631112715483e+02 
       4.807379056942e-01       8.562277868509e+02 
       4.839779766509e-01       8.494468008117e+02 
       4.872180477950e-01       8.427742564841e+02 
       4.904581191227e-01       8.362210177679e+02 
       4.936981906303e-01       8.297920523281e+02 
       4.969382623145e-01       8.234879316816e+02 
       5.001783341717e-01       8.173075393345e+02 
       5.034184061985e-01       8.112431635803e+02 
       5.066584783917e-01       8.052867355548e+02 
       5.098985507482e-01       7.994274590886e+02 
       5.131386232647e-01       7.936566145513e+02 
       5.163786959384e-01       7.879692404894e+02 
       5.196187687662e-01       7.823567925537e+02 
       5.228588417453e-01       7.768158701196e+02 
       5.260989148729e-01       7.713389598717e+02 
       5.488415966697e-01       7.345906060122e+02 
       5.738147365394e-01       6.979591107896e+02 
       6.016103987712e-01       6.612427794170e+02 
       6.330984571748e-01       6.237119874930e+02 
       6.696215108184e-01       5.849757682687e+02 
       7.133817401109e-01       5.440562874149e+02 
       7.682711019258e-01       4.996624478217e+02 
       8.417910505529e-01       4.496688320737e+02 
       9.495424846739e-01       3.909463246119e+02 
       1.122274439640e+00       3.211570949847e+02 
       1.391291207044e+00       2.476571297725e+02 
       1.750103138830e+00       1.846076215003e+02 
       2.203229341536e+00       1.339087605792e+02 
       2.773701354201e+00       9.411017638544e+01 
       3.491883119514e+00       6.409039577846e+01 
       4.396020394171e+00       4.243820287263e+01 
       5.534261784987e+00       2.745406660110e+01 
       6.967222796641e+00       1.744354291348e+01 
       8.771213828324e+00       1.094409122737e+01 
       1.104230398076e+01       6.817225920199e+00 
       1.390143708613e+01       4.240430283026e+00 
