# Matter power spectrum P(k) at redshift z=0
# for k=1.05216e-05 to 13.9014 h/Mpc,
# number of wavenumbers equal to 548
#    1:k (h/Mpc)              2:P (Mpc/h)^3        
       1.052162017240e-05       5.650354078563e+01 
       2.350772107913e-05       1.212670450222e+02 
       3.654020024128e-05       1.843814491904e+02 
       4.965469873119e-05       2.467378220812e+02 
       6.288745637405e-05       3.088119849227e+02 
       7.627564016474e-05       3.709420255171e+02 
       8.985768334586e-05       4.334052176974e+02 
       1.036736397250e-04       4.964489925869e+02 
       1.177655578436e-04       5.603064920391e+02 
       1.321778796441e-04       6.252056554335e+02 
       1.469578682853e-04       6.913753011799e+02 
       1.621560696842e-04       7.590496350272e+02 
       1.778268121613e-04       8.284719535703e+02 
       1.940287481518e-04       8.998978741792e+02 
       2.108254412086e-04       9.735983723010e+02 
       2.282860003257e-04       1.049862659948e+03 
       2.464857617582e-04       1.129001060644e+03 
       2.655070157703e-04       1.211347842616e+03 
       2.854397717961e-04       1.297264009215e+03 
       3.063825500011e-04       1.387140008689e+03 
       3.284431797490e-04       1.481398295388e+03 
       3.517395755950e-04       1.580495549314e+03 
       3.764004487259e-04       1.684924411360e+03 
       4.025658960250e-04       1.795214487355e+03 
       4.303877902338e-04       1.911932245928e+03 
       4.600298737232e-04       2.035679427539e+03 
       4.916674368247e-04       2.167089513577e+03 
       5.254864425558e-04       2.306821687729e+03 
       5.616819476895e-04       2.455551726807e+03 
       6.004556721769e-04       2.613959419402e+03 
       6.420125931567e-04       2.782712027253e+03 
       6.865564946312e-04       2.962443875203e+03 
       7.342844955267e-04       3.153732331819e+03 
       7.853807074603e-04       3.357071053794e+03 
       8.400093291696e-04       3.572842225319e+03 
       8.983076443675e-04       3.801289632626e+03 
       9.603795189002e-04       4.042495394331e+03 
       1.026290051399e-03       4.296362960975e+03 
       1.096061986160e-03       4.562608503388e+03 
       1.169674336399e-03       4.840762651378e+03 
       1.247063410278e-03       5.130182516012e+03 
       1.328126131146e-03       5.430073289408e+03 
       1.412725263021e-03       5.739488351675e+03 
       1.500695952217e-03       6.057431380189e+03 
       1.591852910682e-03       6.382852482585e+03 
       1.685997597132e-03       6.714665048983e+03 
       1.782924870927e-03       7.051788629085e+03 
       1.882428759257e-03       7.393172705153e+03 
       1.984307149445e-03       7.737815335544e+03 
       2.088365365329e-03       8.084776721178e+03 
       2.194418694421e-03       8.433187122675e+03 
       2.302293998561e-03       8.782251907597e+03 
       2.411830570806e-03       9.131252418921e+03 
       2.522880404826e-03       9.479543654616e+03 
       2.635308029882e-03       9.826552111894e+03 
       2.748990042548e-03       1.017177008334e+04 
       2.863814441592e-03       1.051475256769e+04 
       2.979679848539e-03       1.085510955906e+04 
       3.096494675272e-03       1.119250270108e+04 
       3.214176282509e-03       1.152663885953e+04 
       3.332650158999e-03       1.185726646285e+04 
       3.451849140678e-03       1.218417000062e+04 
       3.571712681076e-03       1.250716281940e+04 
       3.692186178644e-03       1.282609216203e+04 
       3.813220362724e-03       1.314082640724e+04 
       3.934770737248e-03       1.345126010831e+04 
       4.056797079609e-03       1.375730183476e+04 
       4.179262991157e-03       1.405888179836e+04 
       4.302135495260e-03       1.435594509481e+04 
       4.425384678732e-03       1.464844705862e+04 
       4.548983372436e-03       1.493635749003e+04 
       4.672906867087e-03       1.521965228349e+04 
       4.797132660503e-03       1.549832597001e+04 
       4.921640232876e-03       1.577235826872e+04 
       5.046410846930e-03       1.604177790364e+04 
       5.171427370143e-03       1.630658317197e+04 
       5.296674116521e-03       1.656678481269e+04 
       5.422136705660e-03       1.682240241911e+04 
       5.547801937108e-03       1.707345595089e+04 
       5.673657678258e-03       1.731996701660e+04 
       5.799692764211e-03       1.756196974229e+04 
       5.925896908236e-03       1.779948675677e+04 
       6.052260621603e-03       1.803255472704e+04 
       6.178775141736e-03       1.826121233236e+04 
       6.305432367739e-03       1.848548968958e+04 
       6.432224802458e-03       1.870542313433e+04 
       6.559145500367e-03       1.892105684470e+04 
       6.686188020621e-03       1.913242408535e+04 
       6.813346384718e-03       1.933957289162e+04 
       6.940615038267e-03       1.954254445140e+04 
       7.067988816420e-03       1.974137534748e+04 
       7.195462912579e-03       1.993611152070e+04 
       7.323032850035e-03       2.012679585103e+04 
       7.450694456232e-03       2.031346504042e+04 
       7.578443839380e-03       2.049616973650e+04 
       7.706277367195e-03       2.067495295092e+04 
       7.834191647523e-03       2.084986418367e+04 
       7.962183510688e-03       2.102092909512e+04 
       8.090249993374e-03       2.118820722463e+04 
       8.218388323908e-03       2.135173545895e+04 
       8.346595908785e-03       2.151154288410e+04 
       8.474870320347e-03       2.166770223773e+04 
       8.603209285481e-03       2.182024215608e+04 
       8.731610675253e-03       2.196920032074e+04 
       8.860072495387e-03       2.211462500124e+04 
       8.988592877524e-03       2.225654861686e+04 
       9.117170071166e-03       2.239502291103e+04 
       9.245802436271e-03       2.253008436174e+04 
       9.374488436424e-03       2.266177543966e+04 
       9.503226632536e-03       2.279013702386e+04 
       9.632015677038e-03       2.291520509694e+04 
       9.760854308503e-03       2.303701817713e+04 
       9.889741346691e-03       2.315562320028e+04 
       1.001867568796e-02       2.327104238588e+04 
       1.014765630100e-02       2.338332774710e+04 
       1.027668222292e-02       2.349251400460e+04 
       1.040575255559e-02       2.359863247655e+04 
       1.053486646227e-02       2.370173018954e+04 
       1.066402316444e-02       2.380183570928e+04 
       1.079322193894e-02       2.389898732027e+04 
       1.092246211522e-02       2.399322332615e+04 
       1.105174307285e-02       2.408458034680e+04 
       1.118106423920e-02       2.417307561185e+04 
       1.131042508723e-02       2.425878058629e+04 
       1.143982513352e-02       2.434170308100e+04 
       1.156926393637e-02       2.442188909805e+04 
       1.169874109404e-02       2.449935803802e+04 
       1.182825624318e-02       2.457415547180e+04 
       1.195780905728e-02       2.464632636297e+04 
       1.208739924525e-02       2.471588396329e+04 
       1.221702655018e-02       2.478286647624e+04 
       1.234669074807e-02       2.484731116418e+04 
       1.247639164673e-02       2.490923939856e+04 
       1.260612908473e-02       2.496869794903e+04 
       1.273590293043e-02       2.502571104187e+04 
       1.286571308106e-02       2.508031120286e+04 
       1.299555946191e-02       2.513252987834e+04 
       1.312544202555e-02       2.518240077314e+04 
       1.325536075111e-02       2.522994406931e+04 
       1.338531564362e-02       2.527521575889e+04 
       1.351530673340e-02       2.531821399466e+04 
       1.364533407550e-02       2.535898482126e+04 
       1.377539774920e-02       2.539755241260e+04 
       1.390549785752e-02       2.543395014236e+04 
       1.403563452678e-02       2.546819952192e+04 
       1.416580790625e-02       2.550032655555e+04 
       1.429601816775e-02       2.553036615427e+04 
       1.442626550538e-02       2.555834817447e+04 
       1.455655013517e-02       2.558428355352e+04 
       1.468687229490e-02       2.560821593555e+04 
       1.481723224380e-02       2.563015513730e+04 
       1.494763026242e-02       2.565014498897e+04 
       1.507806665244e-02       2.566820608591e+04 
       1.520854173650e-02       2.568436171103e+04 
       1.533905585813e-02       2.569862537298e+04 
       1.546960938166e-02       2.571104597504e+04 
       1.560020269211e-02       2.572163561495e+04 
       1.573083619518e-02       2.573041886911e+04 
       1.586151031723e-02       2.573743198291e+04 
       1.599222550526e-02       2.574267222385e+04 
       1.612298222697e-02       2.574619323656e+04 
       1.625378097073e-02       2.574801571823e+04 
       1.638462224574e-02       2.574812811423e+04 
       1.651550658203e-02       2.574659193691e+04 
       1.664643453057e-02       2.574342536899e+04 
       1.677740666345e-02       2.573863814221e+04 
       1.690842357393e-02       2.573225813953e+04 
       1.703948587665e-02       2.572430819458e+04 
       1.717059420779e-02       2.571481970444e+04 
       1.730174922525e-02       2.570379782743e+04 
       1.743295160886e-02       2.569128690713e+04 
       1.756420206062e-02       2.567729125541e+04 
       1.769550130488e-02       2.566183750875e+04 
       1.782685008870e-02       2.564494099845e+04 
       1.795824918201e-02       2.562663597316e+04 
       1.808969937799e-02       2.560693929077e+04 
       1.822120149331e-02       2.558586820443e+04 
       1.835275636850e-02       2.556344782318e+04 
       1.848436486828e-02       2.553968457517e+04 
       1.861602788189e-02       2.551461743985e+04 
       1.874774632350e-02       2.548826304378e+04 
       1.887952113256e-02       2.546065904825e+04 
       1.901135327425e-02       2.543178845878e+04 
       1.914324373989e-02       2.540170005580e+04 
       1.927519354737e-02       2.537038819540e+04 
       1.940720374161e-02       2.533789632929e+04 
       1.953927539506e-02       2.530422658325e+04 
       1.967140960817e-02       2.526941226647e+04 
       1.980360750994e-02       2.523346625115e+04 
       1.993587025841e-02       2.519642892800e+04 
       2.006819904124e-02       2.515829414808e+04 
       2.020059507628e-02       2.511907649465e+04 
       2.033305961215e-02       2.507881403692e+04 
       2.046559392887e-02       2.503748213816e+04 
       2.059819933848e-02       2.499516404857e+04 
       2.073087718570e-02       2.495186755049e+04 
       2.086362884860e-02       2.490755102285e+04 
       2.099645573930e-02       2.486226518674e+04 
       2.112935930470e-02       2.481606991902e+04 
       2.126234102721e-02       2.476895361168e+04 
       2.139540242552e-02       2.472088341457e+04 
       2.152854505542e-02       2.467194573694e+04 
       2.166177051056e-02       2.462207395508e+04 
       2.179508042336e-02       2.457146514322e+04 
       2.192847646583e-02       2.451997585475e+04 
       2.206196035048e-02       2.446763656565e+04 
       2.219553383128e-02       2.441448283917e+04 
       2.232919870454e-02       2.436054605892e+04 
       2.246295680998e-02       2.430585310545e+04 
       2.259681003169e-02       2.425034257462e+04 
       2.273076029917e-02       2.419416149032e+04 
       2.286480958848e-02       2.413722301854e+04 
       2.299895992324e-02       2.407955970246e+04 
       2.313321337590e-02       2.402116482594e+04 
       2.326757206883e-02       2.396214794635e+04 
       2.340203817558e-02       2.390246866296e+04 
       2.353661392216e-02       2.384205590648e+04 
       2.367130158827e-02       2.378105458609e+04 
       2.380610350874e-02       2.371945543918e+04 
       2.394102207480e-02       2.365713458778e+04 
       2.407605973561e-02       2.359437957138e+04 
       2.421121899967e-02       2.353097193652e+04 
       2.434650243633e-02       2.346697738961e+04 
       2.448191267743e-02       2.340241403532e+04 
       2.461745241882e-02       2.333731028688e+04 
       2.475312442212e-02       2.327172372213e+04 
       2.488893151639e-02       2.320562681256e+04 
       2.502487659991e-02       2.313899646236e+04 
       2.516096264207e-02       2.307185412575e+04 
       2.529719268522e-02       2.300429095100e+04 
       2.543356984663e-02       2.293622914582e+04 
       2.557009732058e-02       2.286772703748e+04 
       2.570677838037e-02       2.279879227892e+04 
       2.584361638056e-02       2.272939864120e+04 
       2.598061475917e-02       2.265966744932e+04 
       2.611777704002e-02       2.258947755598e+04 
       2.625510683509e-02       2.251890803177e+04 
       2.639260784704e-02       2.244795386697e+04 
       2.653028387176e-02       2.237666203557e+04 
       2.666813880099e-02       2.230493993903e+04 
       2.680617662513e-02       2.223294318027e+04 
       2.694440143603e-02       2.216060444276e+04 
       2.708281742995e-02       2.208795215227e+04 
       2.722142891062e-02       2.201494600439e+04 
       2.736024029240e-02       2.194170532688e+04 
       2.749925610352e-02       2.186816337321e+04 
       2.763848098952e-02       2.179430011857e+04 
       2.777791971675e-02       2.172014077078e+04 
       2.791757717599e-02       2.164576901204e+04 
       2.805745838630e-02       2.157114596397e+04 
       2.819756849886e-02       2.149628369170e+04 
       2.833791280112e-02       2.142127273768e+04 
       2.847849672100e-02       2.134596655732e+04 
       2.861932583126e-02       2.127038028374e+04 
       2.876040585411e-02       2.119461495393e+04 
       2.890174266590e-02       2.111875450074e+04 
       2.904334230209e-02       2.104264784449e+04 
       2.918521096234e-02       2.096634148284e+04 
       2.932735501584e-02       2.088990532496e+04 
       2.946978100686e-02       2.081333937342e+04 
       2.961249566051e-02       2.073658555597e+04 
       2.975550588873e-02       2.065966546697e+04 
       2.989881879654e-02       2.058266205022e+04 
       3.004244168855e-02       2.050548204692e+04 
       3.018638207573e-02       2.042819639096e+04 
       3.033064768247e-02       2.035079388619e+04 
       3.047524645398e-02       2.027331664244e+04 
       3.062018656390e-02       2.019571189508e+04 
       3.076547642238e-02       2.011800417888e+04 
       3.091112468442e-02       2.004026655766e+04 
       3.105714025859e-02       1.996243037816e+04 
       3.120353231615e-02       1.988446660342e+04 
       3.135031030061e-02       1.980644344528e+04 
       3.149748393766e-02       1.972844435597e+04 
       3.164506324559e-02       1.965032179620e+04 
       3.179305854619e-02       1.957215415193e+04 
       3.194148047617e-02       1.949400532599e+04 
       3.209033999906e-02       1.941572679291e+04 
       3.223964841776e-02       1.933750923343e+04 
       3.238941738760e-02       1.925920690631e+04 
       3.253965893010e-02       1.918091525847e+04 
       3.269038544739e-02       1.910256152416e+04 
       3.284160973729e-02       1.902423009402e+04 
       3.299334500921e-02       1.894585579211e+04 
       3.314560490080e-02       1.886756774670e+04 
       3.329840349547e-02       1.878920768709e+04 
       3.345175534078e-02       1.871086811062e+04 
       3.360567546786e-02       1.863249071047e+04 
       3.376017941171e-02       1.855423532055e+04 
       3.391528323272e-02       1.847593844408e+04 
       3.407100353922e-02       1.839767409415e+04 
       3.422735751136e-02       1.831941328168e+04 
       3.438436292620e-02       1.824121551298e+04 
       3.454203818419e-02       1.816304105664e+04 
       3.470040233725e-02       1.808489011723e+04 
       3.485947511822e-02       1.800675160036e+04 
       3.501927697224e-02       1.792869039828e+04 
       3.517982908970e-02       1.785063812196e+04 
       3.534115344131e-02       1.777267089292e+04 
       3.550327281510e-02       1.769469382611e+04 
       3.566621085570e-02       1.761683376857e+04 
       3.582999210602e-02       1.753896344723e+04 
       3.599464205136e-02       1.746114750885e+04 
       3.616018716639e-02       1.738336089756e+04 
       3.632665496497e-02       1.730564743258e+04 
       3.649407405320e-02       1.722802553294e+04 
       3.666247418581e-02       1.715041676099e+04 
       3.683188632629e-02       1.707289178303e+04 
       3.700234271088e-02       1.699532617066e+04 
       3.717387691695e-02       1.691788953649e+04 
       3.734652393587e-02       1.684047966504e+04 
       3.752032025097e-02       1.676314631773e+04 
       3.769530392089e-02       1.668585649761e+04 
       3.787151466869e-02       1.660862715442e+04 
       3.804899397748e-02       1.653143067732e+04 
       3.822778519281e-02       1.645425199945e+04 
       3.840793363262e-02       1.637713061910e+04 
       3.858948670541e-02       1.630008406685e+04 
       3.877249403722e-02       1.622308169115e+04 
       3.895700760840e-02       1.614612154123e+04 
       3.914308190094e-02       1.606916844221e+04 
       3.933077405747e-02       1.599228589485e+04 
       3.952014405293e-02       1.591536093945e+04 
       3.971125488021e-02       1.583848755203e+04 
       3.990417275105e-02       1.576169837677e+04 
       4.009896731388e-02       1.568487443102e+04 
       4.029571189012e-02       1.560808261909e+04 
       4.049448373096e-02       1.553129582418e+04 
       4.069536429676e-02       1.545446905843e+04 
       4.089843956138e-02       1.537764740405e+04 
       4.110380034434e-02       1.530086881502e+04 
       4.131154267354e-02       1.522403517320e+04 
       4.152176818235e-02       1.514719570806e+04 
       4.173458454467e-02       1.507027212884e+04 
       4.195010595251e-02       1.499336704386e+04 
       4.216845364108e-02       1.491639500553e+04 
       4.238975646711e-02       1.483935126937e+04 
       4.261415154690e-02       1.476224699558e+04 
       4.284178496153e-02       1.468506257784e+04 
       4.307281253788e-02       1.460778125538e+04 
       4.330740071514e-02       1.453041627375e+04 
       4.354572750826e-02       1.445288106737e+04 
       4.378798358138e-02       1.437525364552e+04 
       4.403437344635e-02       1.429749378139e+04 
       4.428511680406e-02       1.421955452211e+04 
       4.454045004904e-02       1.414140200146e+04 
       4.480062796129e-02       1.406312254867e+04 
       4.506592561363e-02       1.398457231343e+04 
       4.533664052738e-02       1.390576027526e+04 
       4.561309511578e-02       1.382668813903e+04 
       4.589563946101e-02       1.374735193820e+04 
       4.618465448014e-02       1.366764776719e+04 
       4.648055554522e-02       1.358768670962e+04 
       4.678379663626e-02       1.350730243741e+04 
       4.709487512124e-02       1.342648116059e+04 
       4.741433727710e-02       1.334522163077e+04 
       4.774278468959e-02       1.326347150631e+04 
       4.808088169976e-02       1.318115347152e+04 
       4.842936410232e-02       1.309828511023e+04 
       4.878904934729e-02       1.301477340505e+04 
       4.916084855550e-02       1.293050953539e+04 
       4.954578073176e-02       1.284549367042e+04 
       4.994498965325e-02       1.275962662769e+04 
       5.035976402938e-02       1.267278243381e+04 
       5.079156168005e-02       1.258492179537e+04 
       5.124203867190e-02       1.249588792591e+04 
       5.171308459725e-02       1.240556086092e+04 
       5.220686549247e-02       1.231381809100e+04 
       5.272587628721e-02       1.222040003838e+04 
       5.327300517012e-02       1.212518519217e+04 
       5.385161286438e-02       1.202790320195e+04 
       5.446563052827e-02       1.192818949132e+04 
       5.511968080349e-02       1.182576295014e+04 
       5.581922732395e-02       1.172008980050e+04 
       5.657075852001e-02       1.161063930662e+04 
       5.738201125212e-02       1.149665744453e+04 
       5.826223754178e-02       1.137721956755e+04 
       5.922251120933e-02       1.125110463119e+04 
       6.027605646616e-02       1.111669341349e+04 
       6.143855042986e-02       1.097186193237e+04 
       6.272829571713e-02       1.081375434448e+04 
       6.416606666588e-02       1.063854208859e+04 
       6.577430483500e-02       1.044137314206e+04 
       6.757522617579e-02       1.021609366329e+04 
       6.958746293643e-02       9.955669833335e+03 
       7.182138353825e-02       9.653119277112e+03 
       7.427438163755e-02       9.303401008455e+03 
       7.692861429718e-02       8.905806864568e+03 
       7.975334167169e-02       8.465970074893e+03 
       8.271139746556e-02       7.996131946857e+03 
       8.576654114900e-02       7.513353916961e+03 
       8.888843439287e-02       7.036501882745e+03 
       9.205430585191e-02       6.583143884975e+03 
       9.524830915469e-02       6.167382825262e+03 
       9.845996023531e-02       5.798625954289e+03 
       1.016825458712e-01       5.481360148767e+03 
       1.049118553256e-01       5.215552615529e+03 
       1.081452811827e-01       4.997376473366e+03 
       1.113812214910e-01       4.820180199424e+03 
       1.146186966825e-01       4.675362917292e+03 
       1.178571094144e-01       4.553298768681e+03 
       1.210960959645e-01       4.444263790266e+03 
       1.243354349961e-01       4.339234799365e+03 
       1.275749918086e-01       4.230662824340e+03 
       1.308146843684e-01       4.113088586549e+03 
       1.340544626455e-01       3.983483053954e+03 
       1.372942960570e-01       3.841317786139e+03 
       1.405341658405e-01       3.688308969756e+03 
       1.437740604232e-01       3.527914666921e+03 
       1.470139726102e-01       3.364677089814e+03 
       1.502538978765e-01       3.203527079734e+03 
       1.534938333302e-01       3.049163591113e+03 
       1.567337770813e-01       2.905557839360e+03 
       1.599737278586e-01       2.775604912332e+03 
       1.632136847756e-01       2.660970167988e+03 
       1.664536471878e-01       2.562090356481e+03 
       1.696936146057e-01       2.478247888953e+03 
       1.729335866407e-01       2.407787651269e+03 
       1.761735629721e-01       2.348350288118e+03 
       1.794135433264e-01       2.297126659911e+03 
       1.826535274640e-01       2.251148635850e+03 
       1.858935151711e-01       2.207947342727e+03 
       1.891335062540e-01       2.164794078366e+03 
       1.923735005354e-01       2.119360875678e+03 
       1.956134978519e-01       2.070244712133e+03 
       1.988534980518e-01       2.016840671496e+03 
       2.020935009944e-01       1.959308043241e+03 
       2.053335065479e-01       1.898458827845e+03 
       2.085735145894e-01       1.835577062404e+03 
       2.118135250035e-01       1.772177340585e+03 
       2.150535376820e-01       1.709825421249e+03 
       2.182935525234e-01       1.649907702244e+03 
       2.215335694318e-01       1.593552196872e+03 
       2.247735883173e-01       1.541578764052e+03 
       2.280136090950e-01       1.494457969410e+03 
       2.312536316847e-01       1.452335724416e+03 
       2.344936560108e-01       1.415038953012e+03 
       2.377336820020e-01       1.382106980214e+03 
       2.409737095904e-01       1.352852063568e+03 
       2.442137387122e-01       1.326414722596e+03 
       2.474537693067e-01       1.301865727484e+03 
       2.506938013165e-01       1.278297765918e+03 
       2.539338346870e-01       1.254908968883e+03 
       2.571738693665e-01       1.231073109267e+03 
       2.604139053058e-01       1.206369411843e+03 
       2.636539424582e-01       1.180592553696e+03 
       2.668939807793e-01       1.153736855204e+03 
       2.701340202267e-01       1.125971774309e+03 
       2.733740607601e-01       1.097615563376e+03 
       2.766141023413e-01       1.069080682237e+03 
       2.798541449335e-01       1.040837173955e+03 
       2.830941885019e-01       1.013357344923e+03 
       2.863342330131e-01       9.870598057127e+02 
       2.895742784354e-01       9.622659492948e+02 
       2.928143247383e-01       9.391738468209e+02 
       2.960543718927e-01       9.178461849670e+02 
       2.992944198708e-01       8.982261181268e+02 
       3.025344686461e-01       8.801618275184e+02 
       3.057745181930e-01       8.634318453981e+02 
       3.090145684872e-01       8.477752987980e+02 
       3.122546195053e-01       8.329223424940e+02 
       3.154946712248e-01       8.185972579422e+02 
       3.187347236243e-01       8.045477575039e+02 
       3.219747766831e-01       7.905571567023e+02 
       3.252148303815e-01       7.764674044758e+02 
       3.284548847003e-01       7.621821808256e+02 
       3.316949396214e-01       7.476796922752e+02 
       3.349349951272e-01       7.330021461544e+02 
       3.381750512007e-01       7.182411704603e+02 
       3.414151078258e-01       7.035239717611e+02 
       3.446551649869e-01       6.889817063973e+02 
       3.478952226688e-01       6.747492021507e+02 
       3.511352808571e-01       6.609377728816e+02 
       3.543753395378e-01       6.476456329697e+02 
       3.576153986975e-01       6.349413688673e+02 
       3.608554583233e-01       6.228672581806e+02 
       3.640955184026e-01       6.114300586320e+02 
       3.673355789234e-01       6.006031032257e+02 
       3.705756398740e-01       5.903279765931e+02 
       3.738157012433e-01       5.805231321911e+02 
       3.770557630203e-01       5.710925638479e+02 
       3.802958251947e-01       5.619415652597e+02 
       3.835358877563e-01       5.529869862472e+02 
       3.867759506953e-01       5.441626537246e+02 
       3.900160140023e-01       5.354199595389e+02 
       3.932560776682e-01       5.267299935455e+02 
       3.964961416841e-01       5.180772414750e+02 
       3.997362060415e-01       5.094623125756e+02 
       4.029762707321e-01       5.008968978851e+02 
       4.062163357479e-01       4.924056651474e+02 
       4.094564010812e-01       4.840211956902e+02 
       4.126964667244e-01       4.757833116770e+02 
       4.159365326703e-01       4.677295095146e+02 
       4.191765989118e-01       4.598920054425e+02 
       4.224166654421e-01       4.522879935443e+02 
       4.256567322546e-01       4.449318438321e+02 
       4.288967993429e-01       4.378197821892e+02 
       4.321368667007e-01       4.309469274998e+02 
       4.353769343220e-01       4.243002411346e+02 
       4.386170022010e-01       4.178661481918e+02 
       4.418570703319e-01       4.116283907057e+02 
       4.450971387092e-01       4.055640147952e+02 
       4.483372073276e-01       3.996506220273e+02 
       4.515772761818e-01       3.938609518288e+02 
       4.548173452669e-01       3.881701444400e+02 
       4.580574145778e-01       3.825594077427e+02 
       4.612974841099e-01       3.770182372684e+02 
       4.645375538584e-01       3.715382656830e+02 
       4.677776238188e-01       3.661233578303e+02 
       4.710176939868e-01       3.607734518223e+02 
       4.742577643582e-01       3.554991068301e+02 
       4.774978349286e-01       3.503020594698e+02 
       4.807379056942e-01       3.451903896689e+02 
       4.839779766509e-01       3.401752575263e+02 
       4.872180477950e-01       3.352633186792e+02 
       4.904581191227e-01       3.304668250946e+02 
       4.936981906303e-01       3.257917520331e+02 
       4.969382623145e-01       3.212393247176e+02 
       5.001783341717e-01       3.168089391099e+02 
       5.034184061985e-01       3.124925996510e+02 
       5.066584783917e-01       3.082817951443e+02 
       5.098985507482e-01       3.041647958592e+02 
       5.131386232647e-01       3.001320548237e+02 
       5.163786959384e-01       2.961781832884e+02 
       5.196187687662e-01       2.922935979398e+02 
       5.228588417453e-01       2.884745107725e+02 
       5.260989148729e-01       2.847123105836e+02 
       5.488415966697e-01       2.597827439234e+02 
       5.738147365394e-01       2.357963443774e+02 
       6.016103987712e-01       2.127745409574e+02 
       6.330984571748e-01       1.901640271108e+02 
       6.696215108184e-01       1.680235213711e+02 
       7.133817401109e-01       1.459280088876e+02 
       7.682711019258e-01       1.235758767180e+02 
       8.417910505529e-01       1.004836671447e+02 
       9.495424846739e-01       7.627309217109e+01 
       1.122274439640e+00       5.175497867602e+01 
       1.391291207044e+00       3.117193629819e+01 
       1.750103138830e+00       1.796936687370e+01 
       2.203229341536e+00       1.024668566654e+01 
       2.773701354201e+00       5.795839916561e+00 
       3.491883119514e+00       3.254439592089e+00 
       4.396020394171e+00       1.815292130226e+00 
       5.534261784987e+00       1.006437190531e+00 
       6.967222796641e+00       5.549062066709e-01 
       8.771213828324e+00       3.043987859508e-01 
       1.104230398076e+01       1.661999054984e-01 
       1.390143708613e+01       9.035186000366e-02 
