# Matter power spectrum P(k) at redshift z=0
# for k=1.05216e-05 to 13.9014 h/Mpc,
# number of wavenumbers equal to 548
#    1:k (h/Mpc)              2:P (Mpc/h)^3        
       1.052162017240e-05       5.147305163359e+01 
       2.350772107913e-05       1.113623346372e+02 
       3.654020024128e-05       1.700702538995e+02 
       4.965469873119e-05       2.282857259856e+02 
       6.288745637405e-05       2.863935375353e+02 
       7.627564016474e-05       3.446778096590e+02 
       8.985768334586e-05       4.033788414942e+02 
       1.036736397250e-04       4.627162418191e+02 
       1.177655578436e-04       5.229007493155e+02 
       1.321778796441e-04       5.841412994395e+02 
       1.469578682853e-04       6.466499016448e+02 
       1.621560696842e-04       7.106453761571e+02 
       1.778268121613e-04       7.763565294357e+02 
       1.940287481518e-04       8.440250055350e+02 
       2.108254412086e-04       9.139080359712e+02 
       2.282860003257e-04       9.862810961290e+02 
       2.464857617582e-04       1.061440599315e+03 
       2.655070157703e-04       1.139706583414e+03 
       2.854397717961e-04       1.221425382842e+03 
       3.063825500011e-04       1.306972245449e+03 
       3.284431797490e-04       1.396753826527e+03 
       3.517395755950e-04       1.491210374026e+03 
       3.764004487259e-04       1.590817465820e+03 
       4.025658960250e-04       1.696087060441e+03 
       4.303877902338e-04       1.807567499846e+03 
       4.600298737232e-04       1.925842093007e+03 
       4.916674368247e-04       2.051525841615e+03 
       5.254864425558e-04       2.185259755628e+03 
       5.616819476895e-04       2.327702207796e+03 
       6.004556721769e-04       2.479516926401e+03 
       6.420125931567e-04       2.641357145220e+03 
       6.865564946312e-04       2.813845971955e+03 
       7.342844955267e-04       2.997553208360e+03 
       7.853807074603e-04       3.192969443687e+03 
       8.400093291696e-04       3.400479071391e+03 
       8.983076443675e-04       3.620333999411e+03 
       9.603795189002e-04       3.852630774476e+03 
       1.026290051399e-03       4.097293660895e+03 
       1.096061986160e-03       4.354065754559e+03 
       1.169674336399e-03       4.622510065108e+03 
       1.247063410278e-03       4.902020558239e+03 
       1.328126131146e-03       5.191842522907e+03 
       1.412725263021e-03       5.491072559185e+03 
       1.500695952217e-03       5.798756291369e+03 
       1.591852910682e-03       6.113884966747e+03 
       1.685997597132e-03       6.435411901298e+03 
       1.782924870927e-03       6.762293915986e+03 
       1.882428759257e-03       7.093514538483e+03 
       1.984307149445e-03       7.428102297042e+03 
       2.088365365329e-03       7.765144130710e+03 
       2.194418694421e-03       8.103793347162e+03 
       2.302293998561e-03       8.443274784869e+03 
       2.411830570806e-03       8.782885917741e+03 
       2.522880404826e-03       9.121994849332e+03 
       2.635308029882e-03       9.460038423576e+03 
       2.748990042548e-03       9.796516884438e+03 
       2.863814441592e-03       1.013099101901e+04 
       2.979679848539e-03       1.046307482233e+04 
       3.096494675272e-03       1.079243234159e+04 
       3.214176282509e-03       1.111877153239e+04 
       3.332650158999e-03       1.144184076644e+04 
       3.451849140678e-03       1.176142355040e+04 
       3.571712681076e-03       1.207733158752e+04 
       3.692186178644e-03       1.238940965137e+04 
       3.813220362724e-03       1.269752327037e+04 
       3.934770737248e-03       1.300156359297e+04 
       4.056797079609e-03       1.330143563636e+04 
       4.179262991157e-03       1.359706564930e+04 
       4.302135495260e-03       1.388839457428e+04 
       4.425384678732e-03       1.417537354436e+04 
       4.548983372436e-03       1.445796796229e+04 
       4.672906867087e-03       1.473614938964e+04 
       4.797132660503e-03       1.500990767939e+04 
       4.921640232876e-03       1.527921857603e+04 
       5.046410846930e-03       1.554410551522e+04 
       5.171427370143e-03       1.580456267911e+04 
       5.296674116521e-03       1.600320164127e+04 
       5.422136705660e-03       1.625260189783e+04 
       5.547801937108e-03       1.649758724866e+04 
       5.673657678258e-03       1.673817657477e+04 
       5.799692764211e-03       1.697440100982e+04 
       5.925896908236e-03       1.720628072507e+04 
       6.052260621603e-03       1.743384959672e+04 
       6.178775141736e-03       1.765714357820e+04 
       6.305432367739e-03       1.787619046731e+04 
       6.432224802458e-03       1.809102418708e+04 
       6.559145500367e-03       1.830168635224e+04 
       6.686188020621e-03       1.850820812426e+04 
       6.813346384718e-03       1.871063504519e+04 
       6.940615038267e-03       1.890900612406e+04 
       7.067988816420e-03       1.910335599720e+04 
       7.195462912579e-03       1.929372843256e+04 
       7.323032850035e-03       1.948016431060e+04 
       7.450694456232e-03       1.966269860104e+04 
       7.578443839380e-03       1.984137983481e+04 
       7.706277367195e-03       2.001624921406e+04 
       7.834191647523e-03       2.018735427926e+04 
       7.962183510688e-03       2.035471954401e+04 
       8.090249993374e-03       2.051840237122e+04 
       8.218388323908e-03       2.067843823935e+04 
       8.346595908785e-03       2.083485511375e+04 
       8.474870320347e-03       2.098772327520e+04 
       8.603209285481e-03       2.113707033425e+04 
       8.731610675253e-03       2.128293269517e+04 
       8.860072495387e-03       2.142535705157e+04 
       8.988592877524e-03       2.156437477362e+04 
       9.117170071166e-03       2.170003598141e+04 
       9.245802436271e-03       2.183237603298e+04 
       9.374488436424e-03       2.196143611747e+04 
       9.503226632536e-03       2.208725590544e+04 
       9.632015677038e-03       2.220987034360e+04 
       9.760854308503e-03       2.232931685533e+04 
       9.889741346691e-03       2.244564104178e+04 
       1.001867568796e-02       2.255886456326e+04 
       1.014765630100e-02       2.266903797538e+04 
       1.027668222292e-02       2.277619508616e+04 
       1.040575255559e-02       2.288036641702e+04 
       1.053486646227e-02       2.298159773161e+04 
       1.066402316444e-02       2.307991690521e+04 
       1.079322193894e-02       2.317536124610e+04 
       1.092246211522e-02       2.326796809050e+04 
       1.105174307285e-02       2.335777315023e+04 
       1.118106423920e-02       2.344479333672e+04 
       1.131042508723e-02       2.352909817273e+04 
       1.143982513352e-02       2.361069544588e+04 
       1.156926393637e-02       2.368962999290e+04 
       1.169874109404e-02       2.376592084882e+04 
       1.182825624318e-02       2.383961244056e+04 
       1.195780905728e-02       2.391074861143e+04 
       1.208739924525e-02       2.397934243755e+04 
       1.221702655018e-02       2.404543120601e+04 
       1.234669074807e-02       2.410905129311e+04 
       1.247639164673e-02       2.417022365415e+04 
       1.260612908473e-02       2.422899389381e+04 
       1.273590293043e-02       2.428538573812e+04 
       1.286571308106e-02       2.433943096740e+04 
       1.299555946191e-02       2.439116031345e+04 
       1.312544202555e-02       2.444060669952e+04 
       1.325536075111e-02       2.448778991885e+04 
       1.338531564362e-02       2.453276453013e+04 
       1.351530673340e-02       2.457552893348e+04 
       1.364533407550e-02       2.461612802541e+04 
       1.377539774920e-02       2.465458546436e+04 
       1.390549785752e-02       2.469093383936e+04 
       1.403563452678e-02       2.472519421614e+04 
       1.416580790625e-02       2.475739201938e+04 
       1.429601816775e-02       2.478756132138e+04 
       1.442626550538e-02       2.481573128218e+04 
       1.455655013517e-02       2.484191267901e+04 
       1.468687229490e-02       2.486614805714e+04 
       1.481723224380e-02       2.488844709495e+04 
       1.494763026242e-02       2.490885251205e+04 
       1.507806665244e-02       2.492738445006e+04 
       1.520854173650e-02       2.494406565655e+04 
       1.533905585813e-02       2.495890937481e+04 
       1.546960938166e-02       2.497196324092e+04 
       1.560020269211e-02       2.498323911821e+04 
       1.573083619518e-02       2.499276099179e+04 
       1.586151031723e-02       2.500056418533e+04 
       1.599222550526e-02       2.500664612796e+04 
       1.612298222697e-02       2.501105904840e+04 
       1.625378097073e-02       2.501382314373e+04 
       1.638462224574e-02       2.501492724522e+04 
       1.651550658203e-02       2.501443122207e+04 
       1.664643453057e-02       2.501235281122e+04 
       1.677740666345e-02       2.500870152461e+04 
       1.690842357393e-02       2.500350452022e+04 
       1.703948587665e-02       2.499678404134e+04 
       1.717059420779e-02       2.498857065688e+04 
       1.730174922525e-02       2.497886940807e+04 
       1.743295160886e-02       2.496772344999e+04 
       1.756420206062e-02       2.495513699027e+04 
       1.769550130488e-02       2.494113594989e+04 
       1.782685008870e-02       2.492573524593e+04 
       1.795824918201e-02       2.490896819940e+04 
       1.808969937799e-02       2.489085120554e+04 
       1.822120149331e-02       2.487140103914e+04 
       1.835275636850e-02       2.485064211690e+04 
       1.848436486828e-02       2.482858066796e+04 
       1.861602788189e-02       2.480525460336e+04 
       1.874774632350e-02       2.478068007317e+04 
       1.887952113256e-02       2.475489370401e+04 
       1.901135327425e-02       2.472787890327e+04 
       1.914324373989e-02       2.469968311750e+04 
       1.927519354737e-02       2.467030079489e+04 
       1.940720374161e-02       2.463977419111e+04 
       1.953927539506e-02       2.460810531257e+04 
       1.967140960817e-02       2.457532653445e+04 
       1.980360750994e-02       2.454145032385e+04 
       1.993587025841e-02       2.450651595448e+04 
       2.006819904124e-02       2.447051735778e+04 
       2.020059507628e-02       2.443346865763e+04 
       2.033305961215e-02       2.439540686229e+04 
       2.046559392887e-02       2.435630787071e+04 
       2.059819933848e-02       2.431625272236e+04 
       2.073087718570e-02       2.427524891239e+04 
       2.086362884860e-02       2.423325577019e+04 
       2.099645573930e-02       2.419032263180e+04 
       2.112935930470e-02       2.414650776993e+04 
       2.126234102721e-02       2.410179976532e+04 
       2.139540242552e-02       2.405616647312e+04 
       2.152854505542e-02       2.400969204082e+04 
       2.166177051056e-02       2.396231137727e+04 
       2.179508042336e-02       2.391421658376e+04 
       2.192847646583e-02       2.386526763610e+04 
       2.206196035048e-02       2.381549413581e+04 
       2.219553383128e-02       2.376493065266e+04 
       2.232919870454e-02       2.371360768461e+04 
       2.246295680998e-02       2.366155134060e+04 
       2.259681003169e-02       2.360870157106e+04 
       2.273076029917e-02       2.355520173601e+04 
       2.286480958848e-02       2.350096696423e+04 
       2.299895992324e-02       2.344602888830e+04 
       2.313321337590e-02       2.339038081785e+04 
       2.326757206883e-02       2.333412958639e+04 
       2.340203817558e-02       2.327723562797e+04 
       2.353661392216e-02       2.321962940669e+04 
       2.367130158827e-02       2.316145230000e+04 
       2.380610350874e-02       2.310269514254e+04 
       2.394102207480e-02       2.304323679673e+04 
       2.407605973561e-02       2.298335801685e+04 
       2.421121899967e-02       2.292284527443e+04 
       2.434650243633e-02       2.286176262419e+04 
       2.448191267743e-02       2.280012762327e+04 
       2.461745241882e-02       2.273796790743e+04 
       2.475312442212e-02       2.267533962694e+04 
       2.488893151639e-02       2.261221575631e+04 
       2.502487659991e-02       2.254857359018e+04 
       2.516096264207e-02       2.248443396960e+04 
       2.529719268522e-02       2.241988589040e+04 
       2.543356984663e-02       2.235485316945e+04 
       2.557009732058e-02       2.228939271970e+04 
       2.570677838037e-02       2.222351190885e+04 
       2.584361638056e-02       2.215718496138e+04 
       2.598061475917e-02       2.209053044546e+04 
       2.611777704002e-02       2.202342973431e+04 
       2.625510683509e-02       2.195596006978e+04 
       2.639260784704e-02       2.188811644049e+04 
       2.653028387176e-02       2.181994470967e+04 
       2.666813880099e-02       2.175135414014e+04 
       2.680617662513e-02       2.168249692890e+04 
       2.694440143603e-02       2.161330708896e+04 
       2.708281742995e-02       2.154381235004e+04 
       2.722142891062e-02       2.147397314911e+04 
       2.736024029240e-02       2.140390624125e+04 
       2.749925610352e-02       2.133354617963e+04 
       2.763848098952e-02       2.126287325580e+04 
       2.777791971675e-02       2.119191206524e+04 
       2.791757717599e-02       2.112074450511e+04 
       2.805745838630e-02       2.104933241394e+04 
       2.819756849886e-02       2.097768753748e+04 
       2.833791280112e-02       2.090589854149e+04 
       2.847849672100e-02       2.083382173934e+04 
       2.861932583126e-02       2.076147187497e+04 
       2.876040585411e-02       2.068894792026e+04 
       2.890174266590e-02       2.061633212047e+04 
       2.904334230209e-02       2.054347629847e+04 
       2.918521096234e-02       2.047042598364e+04 
       2.932735501584e-02       2.039724968976e+04 
       2.946978100686e-02       2.032394738713e+04 
       2.961249566051e-02       2.025046207221e+04 
       2.975550588873e-02       2.017681488430e+04 
       2.989881879654e-02       2.010308717536e+04 
       3.004244168855e-02       2.002918741066e+04 
       3.018638207573e-02       1.995518517290e+04 
       3.033064768247e-02       1.988106945764e+04 
       3.047524645398e-02       1.980688159012e+04 
       3.062018656390e-02       1.973256976422e+04 
       3.076547642238e-02       1.965815805775e+04 
       3.091112468442e-02       1.958371822168e+04 
       3.105714025859e-02       1.950918284939e+04 
       3.120353231615e-02       1.943452342110e+04 
       3.135031030061e-02       1.935980694653e+04 
       3.149748393766e-02       1.928511544466e+04 
       3.164506324559e-02       1.921030399048e+04 
       3.179305854619e-02       1.913544962808e+04 
       3.194148047617e-02       1.906061520670e+04 
       3.209033999906e-02       1.898565478957e+04 
       3.223964841776e-02       1.891075585896e+04 
       3.238941738760e-02       1.883577520407e+04 
       3.253965893010e-02       1.876080672730e+04 
       3.269038544739e-02       1.868577894538e+04 
       3.284160973729e-02       1.861077492661e+04 
       3.299334500921e-02       1.853573065111e+04 
       3.314560490080e-02       1.846077324126e+04 
       3.329840349547e-02       1.838574709248e+04 
       3.345175534078e-02       1.831074331130e+04 
       3.360567546786e-02       1.823570462993e+04 
       3.376017941171e-02       1.816078848696e+04 
       3.391528323272e-02       1.808583409407e+04 
       3.407100353922e-02       1.801091444299e+04 
       3.422735751136e-02       1.793600114030e+04 
       3.438436292620e-02       1.786115294215e+04 
       3.454203818419e-02       1.778633089493e+04 
       3.470040233725e-02       1.771153537543e+04 
       3.485947511822e-02       1.763675563746e+04 
       3.501927697224e-02       1.756205581520e+04 
       3.517982908970e-02       1.748736873562e+04 
       3.534115344131e-02       1.741276963793e+04 
       3.550327281510e-02       1.733816523662e+04 
       3.566621085570e-02       1.726368081855e+04 
       3.582999210602e-02       1.718919117337e+04 
       3.599464205136e-02       1.711476030587e+04 
       3.616018716639e-02       1.704036379281e+04 
       3.632665496497e-02       1.696604515545e+04 
       3.649407405320e-02       1.689182289454e+04 
       3.666247418581e-02       1.681761996290e+04 
       3.683188632629e-02       1.674350643747e+04 
       3.700234271088e-02       1.666935988493e+04 
       3.717387691695e-02       1.659534809549e+04 
       3.734652393587e-02       1.652137059006e+04 
       3.752032025097e-02       1.644747692699e+04 
       3.769530392089e-02       1.637363498069e+04 
       3.787151466869e-02       1.629986196668e+04 
       3.804899397748e-02       1.622613111209e+04 
       3.822778519281e-02       1.615242804840e+04 
       3.840793363262e-02       1.607879235054e+04 
       3.858948670541e-02       1.600524193478e+04 
       3.877249403722e-02       1.593174712834e+04 
       3.895700760840e-02       1.585830665060e+04 
       3.914308190094e-02       1.578488639978e+04 
       3.933077405747e-02       1.571154988756e+04 
       3.952014405293e-02       1.563818614499e+04 
       3.971125488021e-02       1.556488891732e+04 
       3.990417275105e-02       1.549169136711e+04 
       4.009896731388e-02       1.541847665332e+04 
       4.029571189012e-02       1.534531192433e+04 
       4.049448373096e-02       1.527217133979e+04 
       4.069536429676e-02       1.519901140287e+04 
       4.089843956138e-02       1.512587786501e+04 
       4.110380034434e-02       1.505280952083e+04 
       4.131154267354e-02       1.497971043694e+04 
       4.152176818235e-02       1.490663072280e+04 
       4.173458454467e-02       1.483349420465e+04 
       4.195010595251e-02       1.476040410553e+04 
       4.216845364108e-02       1.468727733875e+04 
       4.238975646711e-02       1.461411091219e+04 
       4.261415154690e-02       1.454091773292e+04 
       4.284178496153e-02       1.446768032010e+04 
       4.307281253788e-02       1.439438414657e+04 
       4.330740071514e-02       1.432104462176e+04 
       4.354572750826e-02       1.424757822121e+04 
       4.378798358138e-02       1.417406500741e+04 
       4.403437344635e-02       1.410046785234e+04 
       4.428511680406e-02       1.402674313550e+04 
       4.454045004904e-02       1.395286045298e+04 
       4.480062796129e-02       1.387890916923e+04 
       4.506592561363e-02       1.380475010255e+04 
       4.533664052738e-02       1.373039631802e+04 
       4.561309511578e-02       1.365585403680e+04 
       4.589563946101e-02       1.358112426780e+04 
       4.618465448014e-02       1.350610896873e+04 
       4.648055554522e-02       1.343092468790e+04 
       4.678379663626e-02       1.335541226754e+04 
       4.709487512124e-02       1.327956508297e+04 
       4.741433727710e-02       1.320338977621e+04 
       4.774278468959e-02       1.312684289748e+04 
       4.808088169976e-02       1.304985699957e+04 
       4.842936410232e-02       1.297246042776e+04 
       4.878904934729e-02       1.289457239701e+04 
       4.916084855550e-02       1.281609769604e+04 
       4.954578073176e-02       1.273705166786e+04 
       4.994498965325e-02       1.265735232099e+04 
       5.035976402938e-02       1.257689305363e+04 
       5.079156168005e-02       1.249565663632e+04 
       5.124203867190e-02       1.241351133476e+04 
       5.171308459725e-02       1.233036591625e+04 
       5.220686549247e-02       1.224613099604e+04 
       5.272587628721e-02       1.216058483808e+04 
       5.327300517012e-02       1.207365049946e+04 
       5.385161286438e-02       1.198510914245e+04 
       5.446563052827e-02       1.189465611794e+04 
       5.511968080349e-02       1.180208173267e+04 
       5.581922732395e-02       1.170693512088e+04 
       5.657075852001e-02       1.160878440731e+04 
       5.738201125212e-02       1.150699161586e+04 
       5.826223754178e-02       1.140076907018e+04 
       5.922251120933e-02       1.128905548048e+04 
       6.027605646616e-02       1.117041491493e+04 
       6.143855042986e-02       1.104292794181e+04 
       6.272829571713e-02       1.090395361728e+04 
       6.416606666588e-02       1.074986398214e+04 
       6.577430483500e-02       1.057595080673e+04 
       6.757522617579e-02       1.037606638452e+04 
       6.958746293643e-02       1.014294333933e+04 
       7.182138353825e-02       9.869020212522e+03 
       7.427438163755e-02       9.548297743819e+03 
       7.692861429718e-02       9.178850589127e+03 
       7.975334167169e-02       8.765134853936e+03 
       8.271139746556e-02       8.318607103360e+03 
       8.576654114900e-02       7.856150033765e+03 
       8.888843439287e-02       7.397030451315e+03 
       9.205430585191e-02       6.959583821249e+03 
       9.524830915469e-02       6.558794281870e+03 
       9.845996023531e-02       6.204864100105e+03 
       1.016825458712e-01       5.902888054692e+03 
       1.049118553256e-01       5.653227278350e+03 
       1.081452811827e-01       5.452241144499e+03 
       1.113812214910e-01       5.293272800166e+03 
       1.146186966825e-01       5.167521943100e+03 
       1.178571094144e-01       5.064966879299e+03 
       1.210960959645e-01       4.975306421839e+03 
       1.243354349961e-01       4.888800354474e+03 
       1.275749918086e-01       4.797131717088e+03 
       1.308146843684e-01       4.694144646136e+03 
       1.340544626455e-01       4.576309112769e+03 
       1.372942960570e-01       4.442887956593e+03 
       1.405341658405e-01       4.295716192489e+03 
       1.437740604232e-01       4.138665522311e+03 
       1.470139726102e-01       3.976898257395e+03 
       1.502538978765e-01       3.816056504095e+03 
       1.534938333302e-01       3.661532037118e+03 
       1.567337770813e-01       3.517887112627e+03 
       1.599737278586e-01       3.388457441424e+03 
       1.632136847756e-01       3.275187237469e+03 
       1.664536471878e-01       3.178643011839e+03 
       1.696936146057e-01       3.098105916818e+03 
       1.729335866407e-01       3.031814970392e+03 
       1.761735629721e-01       2.977219338766e+03 
       1.794135433264e-01       2.931248679999e+03 
       1.826535274640e-01       2.890625076415e+03 
       1.858935151711e-01       2.852600728741e+03 
       1.891335062540e-01       2.814095653550e+03 
       1.923735005354e-01       2.772451837733e+03 
       1.956134978519e-01       2.726049378228e+03 
       1.988534980518e-01       2.674182491049e+03 
       2.020935009944e-01       2.617035124260e+03 
       2.053335065479e-01       2.555558752493e+03 
       2.085735145894e-01       2.491261874126e+03 
       2.118135250035e-01       2.425924090870e+03 
       2.150535376820e-01       2.361380725951e+03 
       2.182935525234e-01       2.299251857880e+03 
       2.215335694318e-01       2.240849976732e+03 
       2.247735883173e-01       2.187125058381e+03 
       2.280136090950e-01       2.138621995239e+03 
       2.312536316847e-01       2.095513646740e+03 
       2.344936560108e-01       2.057611147083e+03 
       2.377336820020e-01       2.024401533150e+03 
       2.409737095904e-01       1.995116304628e+03 
       2.442137387122e-01       1.968792435480e+03 
       2.474537693067e-01       1.944386015335e+03 
       2.506938013165e-01       1.920874956840e+03 
       2.539338346870e-01       1.897353989459e+03 
       2.571738693665e-01       1.873116004886e+03 
       2.604139053058e-01       1.847688142059e+03 
       2.636539424582e-01       1.820845101407e+03 
       2.668939807793e-01       1.792592075855e+03 
       2.701340202267e-01       1.763136509425e+03 
       2.733740607601e-01       1.732856590583e+03 
       2.766141023413e-01       1.702236872893e+03 
       2.798541449335e-01       1.671824361811e+03 
       2.830941885019e-01       1.642164004132e+03 
       2.863342330131e-01       1.613734731021e+03 
       2.895742784354e-01       1.586900974142e+03 
       2.928143247383e-01       1.561884874303e+03 
       2.960543718927e-01       1.538754743053e+03 
       2.992944198708e-01       1.517444692499e+03 
       3.025344686461e-01       1.497783398967e+03 
       3.057745181930e-01       1.479523071301e+03 
       3.090145684872e-01       1.462373405542e+03 
       3.122546195053e-01       1.446035421438e+03 
       3.154946712248e-01       1.430204765618e+03 
       3.187347236243e-01       1.414604234737e+03 
       3.219747766831e-01       1.398997250235e+03 
       3.252148303815e-01       1.383213364429e+03 
       3.284548847003e-01       1.367151522617e+03 
       3.316949396214e-01       1.350793855234e+03 
       3.349349951272e-01       1.334193420240e+03 
       3.381750512007e-01       1.317457382148e+03 
       3.414151078258e-01       1.300731027306e+03 
       3.446551649869e-01       1.284162503255e+03 
       3.478952226688e-01       1.267902240924e+03 
       3.511352808571e-01       1.252073260868e+03 
       3.543753395378e-01       1.236782743012e+03 
       3.576153986975e-01       1.222104414512e+03 
       3.608554583233e-01       1.208082631972e+03 
       3.640955184026e-01       1.194722973009e+03 
       3.673355789234e-01       1.181995058485e+03 
       3.705756398740e-01       1.169834843709e+03 
       3.738157012433e-01       1.158154219681e+03 
       3.770557630203e-01       1.146850504608e+03 
       3.802958251947e-01       1.135823301053e+03 
       3.835358877563e-01       1.124985311103e+03 
       3.867759506953e-01       1.114267916390e+03 
       3.900160140023e-01       1.103621602351e+03 
       3.932560776682e-01       1.093017983651e+03 
       3.964961416841e-01       1.082442966115e+03 
       3.997362060415e-01       1.071899397069e+03 
       4.029762707321e-01       1.061401579361e+03 
       4.062163357479e-01       1.050977032474e+03 
       4.094564010812e-01       1.040661029866e+03 
       4.126964667244e-01       1.030495739606e+03 
       4.159365326703e-01       1.020520285225e+03 
       4.191765989118e-01       1.010767762322e+03 
       4.224166654421e-01       1.001255442699e+03 
       4.256567322546e-01       9.919973923433e+02 
       4.288967993429e-01       9.829890930784e+02 
       4.321368667007e-01       9.742248884368e+02 
       4.353769343220e-01       9.656909560206e+02 
       4.386170022010e-01       9.573730561747e+02 
       4.418570703319e-01       9.492544125242e+02 
       4.450971387092e-01       9.413117925145e+02 
       4.483372073276e-01       9.335227801688e+02 
       4.515772761818e-01       9.258604490238e+02 
       4.548173452669e-01       9.183005643896e+02 
       4.580574145778e-01       9.108251227335e+02 
       4.612974841099e-01       9.034244037534e+02 
       4.645375538584e-01       8.960908728689e+02 
       4.677776238188e-01       8.888288687103e+02 
       4.710176939868e-01       8.816388659126e+02 
       4.742577643582e-01       8.745314479441e+02 
       4.774978349286e-01       8.675085988739e+02 
       4.807379056942e-01       8.605782425839e+02 
       4.839779766509e-01       8.537510352751e+02 
       4.872180477950e-01       8.470331800754e+02 
       4.904581191227e-01       8.404359601597e+02 
       4.936981906303e-01       8.339645755656e+02 
       4.969382623145e-01       8.276196886648e+02 
       5.001783341717e-01       8.214002178902e+02 
       5.034184061985e-01       8.152982699368e+02 
       5.066584783917e-01       8.093055781306e+02 
       5.098985507482e-01       8.034110545026e+02 
       5.131386232647e-01       7.976057501969e+02 
       5.163786959384e-01       7.918845937470e+02 
       5.196187687662e-01       7.862388092058e+02 
       5.228588417453e-01       7.806649305639e+02 
       5.260989148729e-01       7.751552399814e+02 
       5.488415966697e-01       7.381816194856e+02 
       5.738147365394e-01       7.013340095932e+02 
       6.016103987712e-01       6.644157487246e+02 
       6.330984571748e-01       6.266872795338e+02 
       6.696215108184e-01       5.877653864870e+02 
       7.133817401109e-01       5.466689866551e+02 
       7.682711019258e-01       5.021097213781e+02 
       8.417910505529e-01       4.519642038273e+02 
       9.495424846739e-01       3.931086785995e+02 
       1.122274439640e+00       3.232101333046e+02 
       1.391291207044e+00       2.495973951464e+02 
       1.750103138830e+00       1.863635536666e+02 
       2.203229341536e+00       1.353873185960e+02 
       2.773701354201e+00       9.526451024325e+01 
       3.491883119514e+00       6.493468975693e+01 
       4.396020394171e+00       4.302423936068e+01 
       5.534261784987e+00       2.784474612529e+01 
       6.967222796641e+00       1.769635096978e+01 
       8.771213828324e+00       1.110436088489e+01 
       1.104230398076e+01       6.917581693562e+00 
       1.390143708613e+01       4.302969473975e+00 
