# Matter power spectrum P(k) at redshift z=0
# for k=1.05202e-05 to 13.9012 h/Mpc,
# number of wavenumbers equal to 548
#    1:k (h/Mpc)              2:P (Mpc/h)^3        
       1.052016662139e-05       5.173229457389e+01 
       2.350616969551e-05       1.119309604087e+02 
       3.653854624941e-05       1.709420372172e+02 
       4.965293652551e-05       2.294580594514e+02 
       6.288557946283e-05       2.878658087585e+02 
       7.627364110084e-05       3.464508729297e+02 
       8.985555364351e-05       4.054547862897e+02 
       1.036713697613e-04       4.650982853168e+02 
       1.177631367434e-04       5.255931866227e+02 
       1.321752951463e-04       5.871494951817e+02 
       1.469551065885e-04       6.499803028463e+02 
       1.621531152702e-04       7.143055438771e+02 
       1.778236475934e-04       7.803551884162e+02 
       1.940253538457e-04       8.483721118539e+02 
       2.108217951736e-04       9.186148422161e+02 
       2.282820778738e-04       9.913602552047e+02 
       2.464815351797e-04       1.066906259521e+03 
       2.655024539742e-04       1.145574507548e+03 
       2.854348399166e-04       1.227713072688e+03 
       3.063772089717e-04       1.313699092367e+03 
       3.284373858503e-04       1.403941252716e+03 
       3.517332799848e-04       1.498881997190e+03 
       3.763935969672e-04       1.598999270780e+03 
       4.025584276335e-04       1.704807570471e+03 
       4.303796382763e-04       1.816857937803e+03 
       4.600209645081e-04       1.935736543606e+03 
       4.916576897371e-04       2.062061394796e+03 
       5.254757701027e-04       2.196476596597e+03 
       5.616702558269e-04       2.339643684270e+03 
       6.004428609971e-04       2.492229528413e+03 
       6.419985580070e-04       2.654890415658e+03 
       6.865411277172e-04       2.828252309783e+03 
       7.342676880174e-04       3.012887530461e+03 
       7.853623520581e-04       3.209288752925e+03 
       8.399893230417e-04       3.417841866236e+03 
       8.982858922608e-04       3.638799551333e+03 
       9.603559361994e-04       3.872258342491e+03 
       1.026264566851e-03       4.118141562316e+03 
       1.096034543998e-03       4.376190549204e+03 
       1.169644897648e-03       4.645965625236e+03 
       1.247031953129e-03       4.926857342438e+03 
       1.328092650396e-03       5.218106953714e+03 
       1.412689768697e-03       5.518806459822e+03 
       1.500658467575e-03       5.827996778576e+03 
       1.591813469837e-03       6.144664469745e+03 
       1.685956242545e-03       6.467758190007e+03 
       1.782881650968e-03       6.796230322601e+03 
       1.882383725987e-03       7.129060367131e+03 
       1.984260356713e-03       7.465273196058e+03 
       2.088316867220e-03       7.803952577217e+03 
       2.194368544056e-03       8.144249036536e+03 
       2.302242247218e-03       8.485385101995e+03 
       2.411777267315e-03       8.826656225790e+03 
       2.522825595194e-03       9.167428890821e+03 
       2.635251757094e-03       9.507138279499e+03 
       2.748932346504e-03       9.845283875170e+03 
       2.863755359140e-03       1.018142490925e+04 
       2.979619413578e-03       1.051517452497e+04 
       3.096432918900e-03       1.084619580951e+04 
       3.214113233190e-03       1.117419577591e+04 
       3.332585842752e-03       1.149892183200e+04 
       3.451783581264e-03       1.182015654557e+04 
       3.571645900182e-03       1.213771085827e+04 
       3.692118196065e-03       1.245142865694e+04 
       3.813151196527e-03       1.276117465814e+04 
       3.934700403930e-03       1.306683919937e+04 
       4.056725594244e-03       1.336832647386e+04 
       4.179190367526e-03       1.366556191836e+04 
       4.302061745975e-03       1.395848580326e+04 
       4.425309815342e-03       1.424704846175e+04 
       4.548907405530e-03       1.453121461718e+04 
       4.672829806384e-03       1.481095515263e+04 
       4.797054514931e-03       1.508625924019e+04 
       4.921561010648e-03       1.535710190246e+04 
       5.046330555606e-03       1.562350642562e+04 
       5.171346016694e-03       1.588546597092e+04 
       5.296591707379e-03       1.608487229506e+04 
       5.422053246767e-03       1.633571479855e+04 
       5.547717433959e-03       1.658212503603e+04 
       5.673572135940e-03       1.682412205199e+04 
       5.799606187440e-03       1.706173590053e+04 
       5.925809301385e-03       1.729498807537e+04 
       6.052171988734e-03       1.752391042090e+04 
       6.178685486626e-03       1.774853950081e+04 
       6.305341693899e-03       1.796890260447e+04 
       6.432133113160e-03       1.818503359621e+04 
       6.559052798658e-03       1.839697481529e+04 
       6.686094309345e-03       1.860475636800e+04 
       6.813251666529e-03       1.880842527185e+04 
       6.940519315645e-03       1.900801937797e+04 
       7.067892091681e-03       1.920357416912e+04 
       7.195365187892e-03       1.939513361016e+04 
       7.322934127428e-03       1.958273876337e+04 
       7.450594737604e-03       1.976642491989e+04 
       7.578343126513e-03       1.994624065322e+04 
       7.706175661756e-03       2.012222747714e+04 
       7.834088951077e-03       2.029443325250e+04 
       7.962079824703e-03       2.046288237535e+04 
       8.090145319228e-03       2.062763239182e+04 
       8.218282662892e-03       2.078871893715e+04 
       8.346489262113e-03       2.094616976461e+04 
       8.474762689159e-03       2.110005525609e+04 
       8.603100670847e-03       2.125040280396e+04 
       8.731501078176e-03       2.139724879105e+04 
       8.859961916811e-03       2.154063969045e+04 
       8.988481318332e-03       2.168060686352e+04 
       9.117057532190e-03       2.181720044950e+04 
       9.245688918290e-03       2.195045531795e+04 
       9.374373940168e-03       2.208041306081e+04 
       9.503111158690e-03       2.220711293951e+04 
       9.631899226241e-03       2.233059008012e+04 
       9.760736881355e-03       2.245088210563e+04 
       9.889622943754e-03       2.256803464070e+04 
       1.001855630975e-02       2.268206949356e+04 
       1.014753594801e-02       2.279303774421e+04 
       1.027656089561e-02       2.290097345154e+04 
       1.040563025438e-02       2.300590739351e+04 
       1.053474318755e-02       2.310788572811e+04 
       1.066389891657e-02       2.320693692954e+04 
       1.079309671825e-02       2.330309876121e+04 
       1.092233592202e-02       2.339640887299e+04 
       1.105161590742e-02       2.348690391978e+04 
       1.118093610179e-02       2.357460047179e+04 
       1.131029597809e-02       2.365956889127e+04 
       1.143969505284e-02       2.374181762313e+04 
       1.156913288434e-02       2.382139115734e+04 
       1.169860907084e-02       2.389830976536e+04 
       1.182812324894e-02       2.397261720247e+04 
       1.195767509212e-02       2.404435818818e+04 
       1.208726430929e-02       2.411354550054e+04 
       1.221689064350e-02       2.418021680264e+04 
       1.234655387074e-02       2.424440817729e+04 
       1.247625379880e-02       2.430614070695e+04 
       1.260599026624e-02       2.436545872372e+04 
       1.273576314138e-02       2.442238895561e+04 
       1.286557232146e-02       2.447696069112e+04 
       1.299541773174e-02       2.452920452385e+04 
       1.312529932478e-02       2.457915438561e+04 
       1.325521707968e-02       2.462682933289e+04 
       1.338517100148e-02       2.467228368560e+04 
       1.351516112046e-02       2.471551645614e+04 
       1.364518749167e-02       2.475657011472e+04 
       1.377525019437e-02       2.479546870923e+04 
       1.390534933156e-02       2.483224740094e+04 
       1.403548502956e-02       2.486692551080e+04 
       1.416565743761e-02       2.489952837834e+04 
       1.429586672754e-02       2.493008916777e+04 
       1.442611309341e-02       2.495863875137e+04 
       1.455639675125e-02       2.498518766826e+04 
       1.468671793881e-02       2.500977591109e+04 
       1.481707691533e-02       2.503241680922e+04 
       1.494747396133e-02       2.505315132886e+04 
       1.507790937847e-02       2.507199878546e+04 
       1.520838348940e-02       2.508898501077e+04 
       1.533889663763e-02       2.510411980929e+04 
       1.546944918746e-02       2.511745377087e+04 
       1.560004152391e-02       2.512899580128e+04 
       1.573067405266e-02       2.513877474961e+04 
       1.586134720005e-02       2.514681991872e+04 
       1.599206141309e-02       2.515313463213e+04 
       1.612281715944e-02       2.515776707719e+04 
       1.625361492748e-02       2.516073870006e+04 
       1.638445522637e-02       2.516203902813e+04 
       1.651533858614e-02       2.516172428740e+04 
       1.664626555775e-02       2.515981915042e+04 
       1.677723671327e-02       2.515632315219e+04 
       1.690825264594e-02       2.515128496866e+04 
       1.703931397039e-02       2.514470658454e+04 
       1.717042132279e-02       2.513662483378e+04 
       1.730157536103e-02       2.512703916588e+04 
       1.743277676491e-02       2.511600073347e+04 
       1.756402623641e-02       2.510351015100e+04 
       1.769532449989e-02       2.508959631296e+04 
       1.782667230236e-02       2.507427133945e+04 
       1.795807041377e-02       2.505756925637e+04 
       1.808951962726e-02       2.503951141487e+04 
       1.822102075949e-02       2.502010770997e+04 
       1.835257465098e-02       2.499938774535e+04 
       1.848418216642e-02       2.497735593391e+04 
       1.861584419504e-02       2.495405149568e+04 
       1.874756165099e-02       2.492948122171e+04 
       1.887933547371e-02       2.490370591771e+04 
       1.901116662836e-02       2.487668737592e+04 
       1.914305610623e-02       2.484848190833e+04 
       1.927500492520e-02       2.481908319788e+04 
       1.940701413017e-02       2.478852870779e+04 
       1.953908479357e-02       2.475682853983e+04 
       1.967121801584e-02       2.472400926211e+04 
       1.980341492594e-02       2.469009045138e+04 
       1.993567668190e-02       2.465510299270e+04 
       2.006800447137e-02       2.461904560571e+04 
       2.020039951215e-02       2.458193442965e+04 
       2.033286305287e-02       2.454379809050e+04 
       2.046539637352e-02       2.450461785043e+04 
       2.059800078610e-02       2.446448348022e+04 
       2.073067763533e-02       2.442339297054e+04 
       2.086342829923e-02       2.438130253170e+04 
       2.099625418992e-02       2.433826885291e+04 
       2.112915675427e-02       2.429435355680e+04 
       2.126213747465e-02       2.424951003671e+04 
       2.139519786975e-02       2.420377129977e+04 
       2.152833949531e-02       2.415718107456e+04 
       2.166156394498e-02       2.410973607592e+04 
       2.179487285112e-02       2.406142300254e+04 
       2.192826788573e-02       2.401232658771e+04 
       2.206175076130e-02       2.396240162827e+04 
       2.219532323175e-02       2.391167870151e+04 
       2.232898709338e-02       2.386018943705e+04 
       2.246274418587e-02       2.380798142209e+04 
       2.259659639327e-02       2.375492895930e+04 
       2.273054564507e-02       2.370124445020e+04 
       2.286459391727e-02       2.364681677627e+04 
       2.299874323350e-02       2.359168473013e+04 
       2.313299566613e-02       2.353582345494e+04 
       2.326735333751e-02       2.347939929678e+04 
       2.340181842118e-02       2.342224915028e+04 
       2.353639314307e-02       2.336440553966e+04 
       2.367107978288e-02       2.330603822643e+04 
       2.380588067537e-02       2.324700987225e+04 
       2.394079821176e-02       2.318735120832e+04 
       2.407583484116e-02       2.312718312050e+04 
       2.421099307201e-02       2.306640927297e+04 
       2.434627547366e-02       2.300507253329e+04 
       2.448168467786e-02       2.294317222539e+04 
       2.461722338045e-02       2.288074087373e+04 
       2.475289434299e-02       2.281786918738e+04 
       2.488870039448e-02       2.275443692533e+04 
       2.502464443319e-02       2.269049152642e+04 
       2.516072942844e-02       2.262611748988e+04 
       2.529695842251e-02       2.256124990171e+04 
       2.543333453266e-02       2.249597259505e+04 
       2.556986095308e-02       2.243016408784e+04 
       2.570654095704e-02       2.236398157030e+04 
       2.584337789904e-02       2.229735024838e+04 
       2.598037521704e-02       2.223038805574e+04 
       2.611753643479e-02       2.216297637306e+04 
       2.625486516424e-02       2.209519177917e+04 
       2.639236510797e-02       2.202702644258e+04 
       2.653004006180e-02       2.195853992050e+04 
       2.666789391742e-02       2.188962845437e+04 
       2.680593066515e-02       2.182044183939e+04 
       2.694415439679e-02       2.175091320864e+04 
       2.708256930851e-02       2.168109857280e+04 
       2.722117970399e-02       2.161092691398e+04 
       2.735998999749e-02       2.154052461862e+04 
       2.749900471719e-02       2.146982499884e+04 
       2.763822850854e-02       2.139881012195e+04 
       2.777766613780e-02       2.132754306656e+04 
       2.791732249569e-02       2.125598892326e+04 
       2.805720260116e-02       2.118417751328e+04 
       2.819731160532e-02       2.111222622906e+04 
       2.833765479554e-02       2.104008485452e+04 
       2.847823759961e-02       2.096764061117e+04 
       2.861906559023e-02       2.089492837646e+04 
       2.876014448950e-02       2.082209645175e+04 
       2.890148017367e-02       2.074906711977e+04 
       2.904307867810e-02       2.067584317102e+04 
       2.918494620233e-02       2.060241961601e+04 
       2.932708911545e-02       2.052886755673e+04 
       2.946951396162e-02       2.045520805718e+04 
       2.961222746583e-02       2.038132570533e+04 
       2.975523653989e-02       2.030728932811e+04 
       2.989854828871e-02       2.023318517024e+04 
       3.004217001676e-02       2.015889881204e+04 
       3.018610923488e-02       2.008449851889e+04 
       3.033037366734e-02       2.001000228135e+04 
       3.047497125919e-02       1.993542411645e+04 
       3.061991018393e-02       1.986071500847e+04 
       3.076519885156e-02       1.978591283831e+04 
       3.091084591692e-02       1.971107652452e+04 
       3.105686028843e-02       1.963614096952e+04 
       3.120325113718e-02       1.956106374833e+04 
       3.135002790651e-02       1.948598621809e+04 
       3.149720032193e-02       1.941084602211e+04 
       3.164477840155e-02       1.933565049335e+04 
       3.179277246697e-02       1.926040832747e+04 
       3.194119315470e-02       1.918517097269e+04 
       3.209005142808e-02       1.910980742475e+04 
       3.223935858978e-02       1.903449503019e+04 
       3.238912629492e-02       1.895915012412e+04 
       3.253936656482e-02       1.888374214603e+04 
       3.269009180134e-02       1.880836011544e+04 
       3.284131480208e-02       1.873291557707e+04 
       3.299304877618e-02       1.865747182454e+04 
       3.314530736105e-02       1.858209659345e+04 
       3.329810463982e-02       1.850665789532e+04 
       3.345145515978e-02       1.843123700693e+04 
       3.360537395175e-02       1.835582202906e+04 
       3.375987655044e-02       1.828045034061e+04 
       3.391497901591e-02       1.820509060102e+04 
       3.407069795620e-02       1.812975842915e+04 
       3.422705055108e-02       1.805446286084e+04 
       3.438405457726e-02       1.797916676469e+04 
       3.454172843485e-02       1.790393619529e+04 
       3.470009117535e-02       1.782868698278e+04 
       3.485916253124e-02       1.775350123909e+04 
       3.501896294720e-02       1.767837000561e+04 
       3.517951361321e-02       1.760328131254e+04 
       3.534083649952e-02       1.752823947548e+04 
       3.550295439368e-02       1.745323539993e+04 
       3.566589093985e-02       1.737830072410e+04 
       3.582967068038e-02       1.730338029260e+04 
       3.599431910006e-02       1.722853960380e+04 
       3.615986267298e-02       1.715375654640e+04 
       3.632632891242e-02       1.707903359245e+04 
       3.649374642385e-02       1.700437125940e+04 
       3.666214496136e-02       1.692974609059e+04 
       3.683155548774e-02       1.685517923778e+04 
       3.700201023852e-02       1.678062146748e+04 
       3.717354279032e-02       1.670620043689e+04 
       3.734618813372e-02       1.663180913062e+04 
       3.751998275124e-02       1.655749536472e+04 
       3.769496470061e-02       1.648322480496e+04 
       3.787117370399e-02       1.640906437510e+04 
       3.804865124352e-02       1.633487562974e+04 
       3.822744066373e-02       1.626075594493e+04 
       3.840758728148e-02       1.618669527788e+04 
       3.858913850413e-02       1.611273418658e+04 
       3.877214395652e-02       1.603881768081e+04 
       3.895665561772e-02       1.596495354555e+04 
       3.914272796839e-02       1.589111322606e+04 
       3.933041814972e-02       1.581735328773e+04 
       3.951978613514e-02       1.574356748004e+04 
       3.971089491593e-02       1.566985434605e+04 
       3.990381070213e-02       1.559622885452e+04 
       4.009860314036e-02       1.552258575962e+04 
       4.029534555010e-02       1.544900422404e+04 
       4.049411518047e-02       1.537543451200e+04 
       4.069499348964e-02       1.530185771398e+04 
       4.089806644914e-02       1.522830508294e+04 
       4.110342487594e-02       1.515479310231e+04 
       4.131116479529e-02       1.508128206235e+04 
       4.152138783767e-02       1.500776187737e+04 
       4.173420167387e-02       1.493422775367e+04 
       4.194972049258e-02       1.486075880586e+04 
       4.216806552543e-02       1.478718618281e+04 
       4.238936562531e-02       1.471356834078e+04 
       4.261375790433e-02       1.463993630591e+04 
       4.284138843907e-02       1.456632205714e+04 
       4.307241305155e-02       1.449256837185e+04 
       4.330699817565e-02       1.441880473843e+04 
       4.354532182058e-02       1.434491086592e+04 
       4.378757464422e-02       1.427097354914e+04 
       4.403396115158e-02       1.419697469166e+04 
       4.428470103612e-02       1.412278669499e+04 
       4.454003068417e-02       1.404848193051e+04 
       4.480020486679e-02       1.397409909081e+04 
       4.506549864693e-02       1.389951427243e+04 
       4.533620953506e-02       1.382473038855e+04 
       4.561265993239e-02       1.374977764752e+04 
       4.589519990783e-02       1.367459821397e+04 
       4.618421036368e-02       1.359917375832e+04 
       4.648010665555e-02       1.352353962680e+04 
       4.678334274508e-02       1.344760217960e+04 
       4.709441597969e-02       1.337130829279e+04 
       4.741387261322e-02       1.329469422716e+04 
       4.774231420535e-02       1.321771198245e+04 
       4.808040506770e-02       1.314030515707e+04 
       4.842888096149e-02       1.306244817531e+04 
       4.878855929867e-02       1.298411641848e+04 
       4.916035115646e-02       1.290519192389e+04 
       4.954527548958e-02       1.282567747917e+04 
       4.994447601747e-02       1.274554514001e+04 
       5.035924138260e-02       1.266462798129e+04 
       5.079102932696e-02       1.258295213389e+04 
       5.124149582606e-02       1.250034612865e+04 
       5.171253036508e-02       1.241674456970e+04 
       5.220629885383e-02       1.233204253014e+04 
       5.272529607165e-02       1.224603096294e+04 
       5.327241002779e-02       1.215862108656e+04 
       5.385100123019e-02       1.206960061668e+04 
       5.446500057776e-02       1.197866172719e+04 
       5.511903039834e-02       1.188559503176e+04 
       5.581855394482e-02       1.178994653884e+04 
       5.657005918437e-02       1.169126115854e+04 
       5.738128241499e-02       1.158895254595e+04 
       5.826147497861e-02       1.148218559179e+04 
       5.922170988394e-02       1.136989589421e+04 
       6.027521039468e-02       1.125065758710e+04 
       6.143765256660e-02       1.112251644831e+04 
       6.272733791633e-02       1.098281716734e+04 
       6.416503981584e-02       1.082794634148e+04 
       6.577319931382e-02       1.065311901793e+04 
       6.757403280472e-02       1.045215601567e+04 
       6.958617452265e-02       1.021773015032e+04 
       7.181999678698e-02       9.942219287027e+03 
       7.427289870215e-02       9.619555507224e+03 
       7.692704295136e-02       9.247784838332e+03 
       7.975169364691e-02       8.831374892502e+03 
       8.270968571077e-02       8.381858994904e+03 
       8.576477741349e-02       7.916239758237e+03 
       8.888662798140e-02       7.453920306599e+03 
       9.205246347177e-02       7.013402181763e+03 
       9.524643534514e-02       6.609782284791e+03 
       9.845805794484e-02       6.253359910264e+03 
       1.016806169657e-01       5.949259948978e+03 
       1.049099009669e-01       5.697914591753e+03 
       1.081433020870e-01       5.495608250277e+03 
       1.113792180972e-01       5.335642137499e+03 
       1.146166692585e-01       5.209143273785e+03 
       1.178550581236e-01       5.106038243304e+03 
       1.210940209062e-01       5.015919153463e+03 
       1.243333362309e-01       4.928971810618e+03 
       1.275728693734e-01       4.836809971351e+03 
       1.308125382857e-01       4.733214909546e+03 
       1.340522929291e-01       4.614627020183e+03 
       1.372921027154e-01       4.480300429533e+03 
       1.405319488788e-01       4.332088318815e+03 
       1.437718198448e-01       4.173888966600e+03 
       1.470117084170e-01       4.010914232942e+03 
       1.502516100699e-01       3.848859104097e+03 
       1.534915219110e-01       3.693168020931e+03 
       1.567314420502e-01       3.548430970842e+03 
       1.599713692160e-01       3.418021053856e+03 
       1.632113025218e-01       3.303906987076e+03 
       1.664512413230e-01       3.206651744206e+03 
       1.696911851301e-01       3.125541101861e+03 
       1.729311335545e-01       3.058795498603e+03 
       1.761710862754e-01       3.003835607415e+03 
       1.794110430193e-01       2.957575454709e+03 
       1.826510035467e-01       2.916708202240e+03 
       1.858909676436e-01       2.878452019500e+03 
       1.891309351165e-01       2.839708812158e+03 
       1.923709057879e-01       2.797791582582e+03 
       1.956108794944e-01       2.751077710262e+03 
       1.988508560846e-01       2.698842074864e+03 
       2.020908354174e-01       2.641275681186e+03 
       2.053308173612e-01       2.579328579613e+03 
       2.085708017931e-01       2.514537454462e+03 
       2.118107885976e-01       2.448694686893e+03 
       2.150507776666e-01       2.383642861672e+03 
       2.182907688985e-01       2.321024061547e+03 
       2.215307621975e-01       2.262166029995e+03 
       2.247707574737e-01       2.208021850364e+03 
       2.280107546420e-01       2.159140531231e+03 
       2.312507536224e-01       2.115703813180e+03 
       2.344907543394e-01       2.077512947765e+03 
       2.377307567213e-01       2.044054053092e+03 
       2.409707607005e-01       2.014550458834e+03 
       2.442107662132e-01       1.988034932456e+03 
       2.474507731986e-01       1.963449968329e+03 
       2.506907815993e-01       1.939765860014e+03 
       2.539307913608e-01       1.916072672884e+03 
       2.571708024313e-01       1.891652869141e+03 
       2.604108147616e-01       1.866033829997e+03 
       2.636508283051e-01       1.838982942112e+03 
       2.668908430172e-01       1.810508565050e+03 
       2.701308588557e-01       1.780822788627e+03 
       2.733708757803e-01       1.750301357063e+03 
       2.766108937525e-01       1.719436894549e+03 
       2.798509127359e-01       1.688780275330e+03 
       2.830909326955e-01       1.658880970963e+03 
       2.863309535979e-01       1.630223001360e+03 
       2.895709754114e-01       1.603174748358e+03 
       2.928109981055e-01       1.577957268507e+03 
       2.960510216511e-01       1.554641423634e+03 
       2.992910460205e-01       1.533160020529e+03 
       3.025310711871e-01       1.513340770975e+03 
       3.057710971253e-01       1.494932549787e+03 
       3.090111238108e-01       1.477647298100e+03 
       3.122511512202e-01       1.461175627676e+03 
       3.154911793310e-01       1.445214806491e+03 
       3.187312081219e-01       1.429487532320e+03 
       3.219712375721e-01       1.413754068662e+03 
       3.252112676618e-01       1.397843616120e+03 
       3.284512983720e-01       1.381646480021e+03 
       3.316913296845e-01       1.365154241975e+03 
       3.349313615817e-01       1.348416445547e+03 
       3.381713940466e-01       1.331544261026e+03 
       3.414114270631e-01       1.314676784031e+03 
       3.446514606156e-01       1.297972169555e+03 
       3.478914946889e-01       1.281576299378e+03 
       3.511315292687e-01       1.265615185535e+03 
       3.543715643409e-01       1.250197917905e+03 
       3.576115998921e-01       1.235397634028e+03 
       3.608516359093e-01       1.221257623025e+03 
       3.640916723801e-01       1.207782565473e+03 
       3.673317092924e-01       1.194948704978e+03 
       3.705717466345e-01       1.182685789909e+03 
       3.738117843953e-01       1.170904054022e+03 
       3.770518225638e-01       1.159503549864e+03 
       3.802918611297e-01       1.148384537255e+03 
       3.835319000828e-01       1.137450017273e+03 
       3.867719394134e-01       1.126638390841e+03 
       3.900119791119e-01       1.115899117018e+03 
       3.932520191694e-01       1.105204647926e+03 
       3.964920595768e-01       1.094536803960e+03 
       3.997321003258e-01       1.083903304061e+03 
       4.029721414079e-01       1.073314087036e+03 
       4.062121828153e-01       1.062797632184e+03 
       4.094522245401e-01       1.052392017036e+03 
       4.126922665749e-01       1.042138211113e+03 
       4.159323089124e-01       1.032077521569e+03 
       4.191723515455e-01       1.022238277661e+03 
       4.224123944674e-01       1.012643451350e+03 
       4.256524376715e-01       1.003303333207e+03 
       4.288924811514e-01       9.942144030330e+02 
       4.321325249008e-01       9.853714751028e+02 
       4.353725689137e-01       9.767611621995e+02 
       4.386126131843e-01       9.683689390248e+02 
       4.418526577068e-01       9.601782607936e+02 
       4.450927024757e-01       9.521643167586e+02 
       4.483327474857e-01       9.443030239411e+02 
       4.515727927316e-01       9.365701392163e+02 
       4.548128382083e-01       9.289414741022e+02 
       4.580528839109e-01       9.213986176308e+02 
       4.612929298345e-01       9.139294683680e+02 
       4.645329759747e-01       9.065288886426e+02 
       4.677730223268e-01       8.992003887038e+02 
       4.710130688864e-01       8.919448741886e+02 
       4.742531156494e-01       8.847716163068e+02 
       4.774931626115e-01       8.776849127780e+02 
       4.807332097687e-01       8.706907732504e+02 
       4.839732571171e-01       8.637999897779e+02 
       4.872133046528e-01       8.570202537217e+02 
       4.904533523722e-01       8.503613410179e+02 
       4.936934002715e-01       8.438288646135e+02 
       4.969334483474e-01       8.374265032640e+02 
       5.001734965962e-01       8.311480127627e+02 
       5.034135450147e-01       8.249884200498e+02 
       5.066535935996e-01       8.189383301944e+02 
       5.098936423477e-01       8.129873653753e+02 
       5.131336912560e-01       8.071272301968e+02 
       5.163737403213e-01       8.013507384067e+02 
       5.196137895408e-01       7.956512228101e+02 
       5.228538389116e-01       7.900231805579e+02 
       5.260938884308e-01       7.844611685232e+02 
       5.488362950554e-01       7.471291539320e+02 
       5.738091164946e-01       7.099179348157e+02 
       6.016044009396e-01       6.726262580891e+02 
       6.330919964338e-01       6.345088858617e+02 
       6.696144582600e-01       5.951748911752e+02 
       7.133738868698e-01       5.536309687527e+02 
       7.682620804044e-01       5.085698499339e+02 
       8.417801506829e-01       4.578369427922e+02 
       9.495282437536e-01       3.982562333026e+02 
       1.122254289168e+00       3.274385261426e+02 
       1.391263753975e+00       2.527835099526e+02 
       1.750068313288e+00       1.886088493297e+02 
       2.203185493382e+00       1.368829322004e+02 
       2.773646152626e+00       9.621272507542e+01 
       3.491813624848e+00       6.551382704742e+01 
       4.395932905571e+00       4.336933419743e+01 
       5.534151643365e+00       2.804786460816e+01 
       6.967084136555e+00       1.781573774153e+01 
       8.771039265617e+00       1.117502466128e+01 
       1.104208421933e+01       6.959943763534e+00 
       1.390116042289e+01       4.328793921818e+00 
